run_x <-
structure(list(lm_df = structure(list(term = c("maxima_sc", "stretch_sc", 
"x_max_sc", "x_min_sc"), coef = c(0.0932039157896987, 0.0683429795590127, 
-0.0151126083026732, -0.0105157736125847), p_value = c(0.00686731989733429, 
0.00116376918674765, 0.0856438382108372, 0.207107899418592), 
    rand_var = c(0.36608729740946, 0.36608729740946, 0.36608729740946, 
    0.36608729740946), mean_rand = c(0.260407598702501, 0.260407598702501, 
    0.260407598702501, 0.260407598702501), sim_n = c(10L, 10L, 
    10L, 10L)), .Names = c("term", "coef", "p_value", "rand_var", 
"mean_rand", "sim_n"), class = c("tbl_df", "tbl", "data.frame"
), row.names = c(NA, -4L)), lasso_df = structure(list(var = c("maxima", 
"stretch", "x_max", "x_min"), mean = c(0.0399419626951469, 0.0883146711170627, 
-0.108241045289455, -0.0285691425329949), prop = c(0.055, 0.13, 
0.005, 0.0125), rand_var = c(0.36608729740946, 0.36608729740946, 
0.36608729740946, 0.36608729740946), mean_rand = c(0.260407598702501, 
0.260407598702501, 0.260407598702501, 0.260407598702501), sim_n = c(10L, 
10L, 10L, 10L)), .Names = c("var", "mean", "prop", "rand_var", 
"mean_rand", "sim_n"), class = c("tbl_df", "tbl", "data.frame"
), row.names = c(NA, -4L)), summ_stan_df = structure(list(shape1 = 3.69661999882385, 
    shape2 = 2.89275609506341, stretch = 1.08522911814386, x_min = -1.05364506714981, 
    x_max = 4.83540797414128, maxima = 3.13804970103674, rep = 10L), .Names = c("shape1", 
"shape2", "stretch", "x_min", "x_max", "maxima", "rep"), class = c("tbl_df", 
"tbl", "data.frame"), row.names = c(NA, -1L))), .Names = c("lm_df", 
"lasso_df", "summ_stan_df"))
run_x <-
structure(list(lm_df = structure(list(term = c("maxima_sc", "stretch_sc", 
"x_max_sc", "x_min_sc"), coef = c(0.0932039157896987, 0.0683429795590127, 
-0.0151126083026732, -0.0105157736125847), p_value = c(0.00686731989733429, 
0.00116376918674765, 0.0856438382108372, 0.207107899418592), 
    rand_var = c(0.36608729740946, 0.36608729740946, 0.36608729740946, 
    0.36608729740946), mean_rand = c(0.260407598702501, 0.260407598702501, 
    0.260407598702501, 0.260407598702501), sim_n = c(10L, 10L, 
    10L, 10L)), .Names = c("term", "coef", "p_value", "rand_var", 
"mean_rand", "sim_n"), class = c("tbl_df", "tbl", "data.frame"
), row.names = c(NA, -4L)), lasso_df = structure(list(var = c("maxima", 
"stretch", "x_max", "x_min"), mean = c(0.0399419626951469, 0.0883146711170627, 
-0.108241045289455, -0.0285691425329949), prop = c(0.055, 0.13, 
0.005, 0.0125), rand_var = c(0.36608729740946, 0.36608729740946, 
0.36608729740946, 0.36608729740946), mean_rand = c(0.260407598702501, 
0.260407598702501, 0.260407598702501, 0.260407598702501), sim_n = c(10L, 
10L, 10L, 10L)), .Names = c("var", "mean", "prop", "rand_var", 
"mean_rand", "sim_n"), class = c("tbl_df", "tbl", "data.frame"
), row.names = c(NA, -4L)), summ_stan_df = structure(list(shape1 = 3.69661999882385, 
    shape2 = 2.89275609506341, stretch = 1.08522911814386, x_min = -1.05364506714981, 
    x_max = 4.83540797414128, maxima = 3.13804970103674, rep = 10L), .Names = c("shape1", 
"shape2", "stretch", "x_min", "x_max", "maxima", "rep"), class = c("tbl_df", 
"tbl", "data.frame"), row.names = c(NA, -1L))), .Names = c("lm_df", 
"lasso_df", "summ_stan_df"))
run_x <-
structure(list(lasso_df = structure(list(var = c("maxima", "stretch", 
"x_max", "x_min"), mean = c(0.157962448620003, 0.127980136465655, 
-0.112900720803834, -0.103769001723224), prop = c(0.065, 0.17, 
0.015, 0.0125), rand_var = c(0.36608729740946, 0.36608729740946, 
0.36608729740946, 0.36608729740946), mean_rand = c(0.260407598702501, 
0.260407598702501, 0.260407598702501, 0.260407598702501), sim_n = c(10L, 
10L, 10L, 10L)), .Names = c("var", "mean", "prop", "rand_var", 
"mean_rand", "sim_n"), class = c("tbl_df", "tbl", "data.frame"
), row.names = c(NA, -4L)), lasso_depth = structure(list(draw = 1:400, 
    `(Intercept)` = c(-0.0679960518261028, -0.0621559915583341, 
    -0.0680076623095449, -0.0598270988005513, -0.0563477201751657, 
    -0.0668337242278693, -0.0708315340495167, -0.066463266788813, 
    -0.0719451546920402, -0.0636704390134231, -0.0664748989697251, 
    -0.0621350337282909, -0.030086627872242, -0.0633814750757603, 
    -0.0606505949499237, -0.0859116942522621, -0.0573286483017617, 
    -0.0555185816144403, -0.0690148578393529, -0.072269214743239, 
    -0.0611396967230953, -0.0614887476551961, -0.0675254801739872, 
    -0.0650400925763088, -0.0575294533182094, -0.068140996422803, 
    -0.0613143006049182, -0.0465325367748697, -0.0513173345876304, 
    -0.0694589968202394, -0.0537995774812954, -0.0666130952380953, 
    -0.0787536745600234, -0.0636058724106855, -0.0658647428672696, 
    -0.0600526252603588, -0.0630734386729522, -0.069813693326021, 
    -0.0803021560736086, -0.0729124375151603, -0.048857368054525, 
    -0.0758342600472414, -0.0665337610462314, -0.0666130952380953, 
    -0.0989836400506186, -0.0551925831766775, -0.0621164674558945, 
    -0.0764022306139513, -0.0669273791034536, -0.0548973254980868, 
    -0.0632972321262745, -0.0689166736283681, -0.0608945282066581, 
    -0.0673807608539924, -0.0654317883894845, -0.0542432766308886, 
    -0.0666130952380953, -0.0616961589491836, -0.0687905407788114, 
    -0.0725824131596249, -0.0752349409445397, -0.0637698074008115, 
    -0.0614263581956019, -0.0680906864802228, -0.0778303761926415, 
    -0.0788951280445553, -0.0671717134071701, -0.059973925579937, 
    -0.0666130952380953, -0.0636112266278534, -0.0644668469584326, 
    -0.0680626964816714, -0.0610900541770341, -0.0692297602657555, 
    -0.0585141206852202, -0.0690833662757745, -0.0713652750280876, 
    -0.0620952135323444, -0.0592798104328502, -0.0720004032483948, 
    -0.076027905739143, -0.0594197855722889, -0.0656594703128604, 
    -0.0862000428183531, -0.0769268434575983, -0.063436364955263, 
    -0.0662069172741078, -0.0724387594302473, -0.0512256953580586, 
    -0.0475863644307331, -0.0523654557182638, -0.0735739980408878, 
    -0.0650281424745659, -0.0624782813368511, -0.0592695789575837, 
    -0.0659334095043218, -0.0741447755032172, -0.0643472341554453, 
    -0.058481614074215, -0.072398022750844, -0.0631952853297724, 
    -0.0804888731059649, -0.0666130952380953, -0.0711556604411924, 
    -0.0728072021991309, -0.0792582708951286, -0.0609882782771606, 
    -0.0674705033065085, -0.0980591297084731, -0.0565046309805241, 
    -0.0611572269328086, -0.0456937653955943, -0.0548162189284984, 
    -0.0583186729174006, -0.0611525791869834, -0.0653119196095997, 
    -0.0774890225885912, -0.0762526098926617, -0.0774328279776491, 
    -0.0812460641073041, -0.115913362656545, -0.0331918922285869, 
    -0.0597324751751484, -0.0553434994732825, -0.0649457995290711, 
    -0.0751372834653017, -0.0666130952380953, -0.0617500648503004, 
    -0.0412357967166683, -0.0613369251278252, -0.0686382146741215, 
    -0.0630062509759877, -0.0593919713524251, -0.0624268231691522, 
    -0.0795911001482332, -0.0644442670026731, -0.0538077481935069, 
    -0.0425482065199377, -0.0683749491357145, -0.0658268367830059, 
    -0.0767467825455363, -0.0666130952380953, -0.0500033564383662, 
    -0.0786573110714841, -0.0555062906557696, -0.064696566704726, 
    -0.0721168824096484, -0.06750567159535, -0.0856723104003534, 
    -0.0693455880824878, -0.0704411354148425, -0.0658853492183183, 
    -0.0818220332180774, -0.0637829674066996, -0.0447900868878466, 
    -0.0465125965390817, -0.0658578637920155, -0.0634225520548819, 
    -0.0410716097810442, -0.064801234055451, -0.0571020991387344, 
    -0.066824680212095, -0.0782255812293392, -0.0593756426967662, 
    -0.0844543516070826, -0.0614682734118229, -0.0757276276930638, 
    -0.0710318390528523, -0.0698388621567939, -0.0667332723989809, 
    -0.051867911339747, -0.0483410464970631, -0.0585175380896069, 
    -0.0649571648585426, -0.067165680430565, -0.0670868409561918, 
    -0.0590537444777347, -0.0960686727138143, -0.0624976035827804, 
