run_x <-
structure(list(lm_df = structure(list(term = c("maxima_sc", "stretch_sc", 
"x_max_sc", "x_min_sc"), coef = c(0.0403351124601189, 0.0619745082461727, 
-0.00881226383489066, -0.0119106307511933), p_value = c(0.0554814732926356, 
0.0135664708741284, 0.294787580409779, 0.159898669653061), rand_var = c(1.5774167720474, 
1.5774167720474, 1.5774167720474, 1.5774167720474), mean_rand = c(0.624250625075715, 
0.624250625075715, 0.624250625075715, 0.624250625075715), sim_n = c(40L, 
40L, 40L, 40L)), .Names = c("term", "coef", "p_value", "rand_var", 
"mean_rand", "sim_n"), class = c("tbl_df", "tbl", "data.frame"
), row.names = c(NA, -4L)), lasso_df = structure(list(var = c("maxima", 
"stretch", "x_max", "x_min"), mean = c(0.0806673960430666, 0.0584589636752736, 
-0.0405206245079179, -0.0723462304385789), prop = c(0.045, 0.075, 
0.005, 0.02), rand_var = c(1.5774167720474, 1.5774167720474, 
1.5774167720474, 1.5774167720474), mean_rand = c(0.624250625075715, 
0.624250625075715, 0.624250625075715, 0.624250625075715), sim_n = c(40L, 
40L, 40L, 40L)), .Names = c("var", "mean", "prop", "rand_var", 
"mean_rand", "sim_n"), class = c("tbl_df", "tbl", "data.frame"
), row.names = c(NA, -4L)), summ_stan_df = structure(list(shape1 = 3.39178650778184, 
    shape2 = 2.85768147349398, stretch = 1.07270242162206, x_min = -0.773912102187962, 
    x_max = 4.94414823748048, maxima = 3.14738797762781, rep = 40L), .Names = c("shape1", 
"shape2", "stretch", "x_min", "x_max", "maxima", "rep"), class = c("tbl_df", 
"tbl", "data.frame"), row.names = c(NA, -1L))), .Names = c("lm_df", 
"lasso_df", "summ_stan_df"))
run_x <-
structure(list(lm_df = structure(list(term = c("maxima_sc", "stretch_sc", 
"x_max_sc", "x_min_sc"), coef = c(0.0403351124601189, 0.0619745082461727, 
-0.00881226383489066, -0.0119106307511933), p_value = c(0.0554814732926356, 
0.0135664708741284, 0.294787580409779, 0.159898669653061), rand_var = c(1.5774167720474, 
1.5774167720474, 1.5774167720474, 1.5774167720474), mean_rand = c(0.624250625075715, 
0.624250625075715, 0.624250625075715, 0.624250625075715), sim_n = c(40L, 
40L, 40L, 40L)), .Names = c("term", "coef", "p_value", "rand_var", 
"mean_rand", "sim_n"), class = c("tbl_df", "tbl", "data.frame"
), row.names = c(NA, -4L)), lasso_df = structure(list(var = c("maxima", 
"stretch", "x_max", "x_min"), mean = c(0.0806673960430666, 0.0584589636752736, 
-0.0405206245079179, -0.0723462304385789), prop = c(0.045, 0.075, 
0.005, 0.02), rand_var = c(1.5774167720474, 1.5774167720474, 
1.5774167720474, 1.5774167720474), mean_rand = c(0.624250625075715, 
0.624250625075715, 0.624250625075715, 0.624250625075715), sim_n = c(40L, 
40L, 40L, 40L)), .Names = c("var", "mean", "prop", "rand_var", 
"mean_rand", "sim_n"), class = c("tbl_df", "tbl", "data.frame"
), row.names = c(NA, -4L)), summ_stan_df = structure(list(shape1 = 3.39178650778184, 
    shape2 = 2.85768147349398, stretch = 1.07270242162206, x_min = -0.773912102187962, 
    x_max = 4.94414823748048, maxima = 3.14738797762781, rep = 40L), .Names = c("shape1", 
"shape2", "stretch", "x_min", "x_max", "maxima", "rep"), class = c("tbl_df", 
"tbl", "data.frame"), row.names = c(NA, -1L))), .Names = c("lm_df", 
"lasso_df", "summ_stan_df"))
run_x <-
structure(list(lasso_df = structure(list(var = c("maxima", "stretch", 
"x_max", "x_min"), mean = c(0.0284655335010806, 0.101247566625162, 
-0.0207985496718579, 0.0510397861478962), prop = c(0.03, 0.0775, 
0.01, 0.0325), rand_var = c(1.5774167720474, 1.5774167720474, 
1.5774167720474, 1.5774167720474), mean_rand = c(0.624250625075715, 
0.624250625075715, 0.624250625075715, 0.624250625075715), sim_n = c(40L, 
40L, 40L, 40L)), .Names = c("var", "mean", "prop", "rand_var", 
"mean_rand", "sim_n"), class = c("tbl_df", "tbl", "data.frame"
), row.names = c(NA, -4L)), lasso_depth = structure(list(draw = 1:400, 
    `(Intercept)` = c(-0.0666130952380953, -0.0666130952380953, 
    -0.065548773889899, -0.0666130952380953, -0.054726178671258, 
    -0.0622336416917253, -0.0642756508127945, -0.0586524077309567, 
    -0.0589351084436929, -0.0593703298549847, -0.05936352818666, 
    -0.0749524107843219, -0.0578616811391687, -0.059934931962446, 
    -0.0672221262489942, -0.0660731519983664, -0.0583304038040804, 
    -0.065922621761081, -0.067339143654846, -0.0537278307998886, 
    -0.062487270286342, -0.0514194473544128, -0.0690521735568278, 
    -0.0656563372361288, -0.0584261311273026, -0.0631462799362919, 
    -0.0666130952380953, -0.0667405294527423, -0.0569140463168368, 
    -0.0602645428874671, -0.0584591194348687, -0.0610971608108727, 
    -0.0435943871572788, -0.0666130952380953, -0.0663995197477482, 
    -0.058675918194465, -0.0514030915321994, -0.0666130952380953, 
    -0.0611302634339747, -0.0640175522000355, -0.0551103501155641, 
    -0.0725455917068193, -0.0602624413631893, -0.0666130952380953, 
    -0.0650400454545659, -0.0621620334651772, -0.0670559937372856, 
    -0.0604782762422491, -0.0556689393353947, -0.0666130952380953, 
    -0.0521144398144743, -0.057459892763983, -0.0695344110775918, 
    -0.0637592255967693, -0.070402508713192, -0.0526824222753891, 
    -0.0388178923149893, -0.0607475616693896, -0.0564848950022146, 
    -0.0644643979442475, -0.0630017279902618, -0.0604389009639486, 
    -0.0600635811665274, -0.0829871246344396, -0.0626554476610156, 
    -0.0609536802713023, -0.0634444611784179, -0.0666130952380953, 
    -0.0599943547586993, -0.0546088740035702, -0.0620733819504369, 
    -0.0666130952380953, -0.0628264472368234, -0.0739362310300653, 
    -0.0500786280799325, -0.0622364378620549, -0.0586562111777853, 
    -0.0518363061768096, -0.0570314530842265, -0.0634737089647571, 
    -0.0666130952380953, -0.0723379478104204, -0.0626089033974069, 
    -0.0639583030586721, -0.0672789947726387, -0.0765078856660156, 
    -0.0695885226218814, -0.0666130952380953, -0.0515924770991259, 
    -0.0670023324846963, -0.068972158638491, -0.0753927885589779, 
    -0.0587671589117074, -0.0510585418342297, -0.0802442990846497, 
    -0.0634154570292241, -0.0554947811746775, -0.0620852446654829, 
    -0.0593385806011778, -0.0515718412353925, -0.0666130952380953, 
    -0.0666130952380953, -0.0668482010082682, -0.0707813415084121, 
    -0.0526372451525221, -0.064969057958187, -0.0666130952380953, 
    -0.155627815653058, -0.0677981553656596, -0.0763459625900076, 
    -0.0666130952380953, -0.0666130952380953, -0.0663158845826699, 
    -0.0701725348465399, -0.0666130952380953, -0.0614210877674013, 
    -0.0666130952380953, -0.0666130952380953, -0.0584510057204594, 
    -0.0598660590535247, -0.0499248877879465, -0.0430727565779433, 
    -0.0666130952380953, -0.0649516520736201, -0.0863909665399819, 
    -0.0577688800649207, -0.0594823900750826, -0.0557611128879257, 
    -0.0628486426869047, -0.0580916297284216, -0.140743558719761, 
    -0.0654376326591992, -0.0666130952380953, -0.0752789083481125, 
    -0.0666130952380953, -0.0576347781272764, -0.0587493925334959, 
    -0.0666130952380953, -0.0315789486378876, -0.0667601630953163, 
    -0.0663514151907429, -0.0609851262714038, -0.0666130952380953, 
    -0.0635060268064973, -0.0563956110148409, -0.0666130952380953, 
    -0.0605676450734547, -0.0666130952380953, -0.0666130952380953, 
    -0.0531184634882314, -0.0666130952380953, -0.054207350308749, 
    -0.0581143703659213, -0.0702757103375443, -0.0688023509396304, 
    -0.0575992457950922, -0.0590135649404863, -0.0676234139414812, 
    -0.0640089150113541, -0.0666130952380953, -0.0591818588287725, 
    -0.116446480788335, -0.0664237442535445, -0.0666130952380953, 
    -0.0573434741729944, -0.0666130952380953, -0.0584007597874579, 
    -0.0640923525506733, -0.0582523892974392, -0.0568094330190511, 
    -0.0554688370994542, -0.0608163746470285, -0.0666130952380953, 
    -0.0570604536820479, -0.0397773252443486, -0.0666130952380953, 
    -0.066767937843923, -0.129757759478039, -0.0613372628188388, 
    -0.0651818134836703, -0.069086378228718, -0.0641914034216954, 
