run_x <-
structure(list(lm_df = structure(list(term = c("maxima_sc", "stretch_sc", 
"x_max_sc", "x_min_sc"), coef = c(0.0557041192420048, 0.0655146675426629, 
-0.00093363170793989, -0.0197962078704136), p_value = c(0.0343716901919503, 
0.00400778034851175, 0.323373800446253, 0.0333811259530222), 
    rand_var = c(1.85797737813911, 1.85797737813911, 1.85797737813911, 
    1.85797737813911), mean_rand = c(0.660177165377107, 0.660177165377107, 
    0.660177165377107, 0.660177165377107), sim_n = c(47L, 47L, 
    47L, 47L)), .Names = c("term", "coef", "p_value", "rand_var", 
"mean_rand", "sim_n"), class = c("tbl_df", "tbl", "data.frame"
), row.names = c(NA, -4L)), lasso_df = structure(list(var = c("maxima", 
"stretch", "x_max", "x_min"), mean = c(0.240322637217905, 0.31483924076715, 
-0.3811127254851, -0.200481293934171), prop = c(0.07, 0.33, 0.0025, 
0.0175), rand_var = c(1.85797737813911, 1.85797737813911, 1.85797737813911, 
1.85797737813911), mean_rand = c(0.660177165377107, 0.660177165377107, 
0.660177165377107, 0.660177165377107), sim_n = c(47L, 47L, 47L, 
47L)), .Names = c("var", "mean", "prop", "rand_var", "mean_rand", 
"sim_n"), class = c("tbl_df", "tbl", "data.frame"), row.names = c(NA, 
-4L)), summ_stan_df = structure(list(shape1 = 3.99093520407225, 
    shape2 = 3.94033248508301, stretch = 1.48533314381277, x_min = -0.59545514833496, 
    x_max = 4.87000900256931, maxima = 3.05433269948719, rep = 47L), .Names = c("shape1", 
"shape2", "stretch", "x_min", "x_max", "maxima", "rep"), class = c("tbl_df", 
"tbl", "data.frame"), row.names = c(NA, -1L))), .Names = c("lm_df", 
"lasso_df", "summ_stan_df"))
run_x <-
structure(list(lm_df = structure(list(term = c("maxima_sc", "stretch_sc", 
"x_max_sc", "x_min_sc"), coef = c(0.0557041192420048, 0.0655146675426629, 
-0.00093363170793989, -0.0197962078704136), p_value = c(0.0343716901919503, 
0.00400778034851175, 0.323373800446253, 0.0333811259530222), 
    rand_var = c(1.85797737813911, 1.85797737813911, 1.85797737813911, 
    1.85797737813911), mean_rand = c(0.660177165377107, 0.660177165377107, 
    0.660177165377107, 0.660177165377107), sim_n = c(47L, 47L, 
    47L, 47L)), .Names = c("term", "coef", "p_value", "rand_var", 
"mean_rand", "sim_n"), class = c("tbl_df", "tbl", "data.frame"
), row.names = c(NA, -4L)), lasso_df = structure(list(var = c("maxima", 
"stretch", "x_max", "x_min"), mean = c(0.240322637217905, 0.31483924076715, 
-0.3811127254851, -0.200481293934171), prop = c(0.07, 0.33, 0.0025, 
0.0175), rand_var = c(1.85797737813911, 1.85797737813911, 1.85797737813911, 
1.85797737813911), mean_rand = c(0.660177165377107, 0.660177165377107, 
0.660177165377107, 0.660177165377107), sim_n = c(47L, 47L, 47L, 
47L)), .Names = c("var", "mean", "prop", "rand_var", "mean_rand", 
"sim_n"), class = c("tbl_df", "tbl", "data.frame"), row.names = c(NA, 
-4L)), summ_stan_df = structure(list(shape1 = 3.99093520407225, 
    shape2 = 3.94033248508301, stretch = 1.48533314381277, x_min = -0.59545514833496, 
    x_max = 4.87000900256931, maxima = 3.05433269948719, rep = 47L), .Names = c("shape1", 
"shape2", "stretch", "x_min", "x_max", "maxima", "rep"), class = c("tbl_df", 
"tbl", "data.frame"), row.names = c(NA, -1L))), .Names = c("lm_df", 
"lasso_df", "summ_stan_df"))
run_x <-
structure(list(lasso_df = structure(list(var = c("maxima", "stretch", 
"x_max", "x_min"), mean = c(0.235011576465783, 0.317659722301964, 
-0.257596413419209, -0.330842297638403), prop = c(0.0475, 0.3975, 
0.0025, 0.0075), rand_var = c(1.85797737813911, 1.85797737813911, 
1.85797737813911, 1.85797737813911), mean_rand = c(0.660177165377107, 
0.660177165377107, 0.660177165377107, 0.660177165377107), sim_n = c(47L, 
47L, 47L, 47L)), .Names = c("var", "mean", "prop", "rand_var", 
"mean_rand", "sim_n"), class = c("tbl_df", "tbl", "data.frame"
), row.names = c(NA, -4L)), lasso_depth = structure(list(draw = 1:400, 
    `(Intercept)` = c(-0.0539822385294318, -0.0487990125909164, 
    -0.0509280381851685, -0.0768337356113599, -0.0831140996654138, 
    -0.0563627966102971, -0.0575138072483396, -0.0579959169885408, 
    -0.0666130952380953, -0.0547890481559051, -0.0445382388510316, 
    -0.0488374205280691, -0.0610446959627791, -0.044281798312056, 
    -0.0724204552995332, -0.0575583977453202, -0.0802485236869347, 
    -0.0490354279097177, -0.0679267287654471, -0.0663075065735843, 
    -0.0679736736442782, -0.0704801438989556, -0.061663662042492, 
    -0.0784366688846911, -0.0603840709508916, -0.0608920788831999, 
    -0.0633268708024006, -0.0660126696528681, -0.0526109065482846, 
    -0.0666130952380953, -0.0586381806266926, -0.0573857888080712, 
    -0.0574605393428106, -0.0589398253442895, -0.0503375464892981, 
    -0.0658770413225803, -0.0690819915386762, -0.0728148594538988, 
    -0.0511704015854214, -0.0590584164719697, -0.0640683301070707, 
    -0.0666130952380953, -0.0462910646984423, -0.0657302699031924, 
    -0.030923152017847, -0.0666130952380953, -0.0541467869429418, 
    -0.0737057709588691, -0.0714447744829244, -0.0666130952380953, 
    -0.0594703434794383, -0.0699402867636119, -0.0626221474695474, 
    -0.0703783568756547, -0.0584452142669041, -0.0215305534009128, 
    -0.044842007797892, -0.0666130952380953, -0.0578131124419877, 
    -0.0700438149006023, -0.0494888549570546, -0.0650307921653182, 
    -0.053811013657746, -0.0520443578615283, -0.0706877509461356, 
    -0.060495327858424, -0.0561453911728105, -0.0544912353218198, 
    -0.0965864450167846, -0.0674404340414296, -0.0539919425672213, 
    -0.058754192261104, -0.0666130952380953, -0.0689961321657178, 
    -0.0702118008573527, -0.0600624481287741, -0.0524115931282763, 
    -0.041892105161675, -0.0672114141995463, -0.0576278349672056, 
    -0.03143057126412, -0.0646688171697438, -0.0534103682628334, 
    -0.0546233894905135, -0.0452661658050506, -0.0526590487003993, 
    -0.0583662957562633, -0.0562809614037666, -0.0667405060503179, 
    -0.0578570409577344, -0.0636385057975485, -0.0605253781064412, 
    -0.0519317320565652, -0.0661486667177878, -0.0611941574098021, 
    -0.0596724695067017, -0.0425729497114812, -0.0632816020781913, 
    -0.0603295825371378, -0.0598614885042703, -0.054299205364864, 
    -0.0541397573106439, -0.15670928053326, -0.0527666252284537, 
    -0.0599227664694872, -0.0573753330968568, -0.0417804630899046, 
    -0.0625585124479058, -0.0653590184911672, -0.0532425230525008, 
    -0.0666130952380953, -0.0626189090031591, -0.0611141434600143, 
    -0.0530627101563597, -0.0665916946288544, -0.046083993602101, 
    -0.0598458346093089, -0.0605444516534332, -0.0510285819065586, 
    -0.0633605213091974, -0.0641254417164861, -0.0666130952380953, 
    -0.0459422813304595, -0.00799537703358118, -0.0676436796695909, 
    -0.0443129941761509, 0.0583225900416687, -0.0575833258972583, 
    -0.0666130952380953, -0.0688603981468926, -0.0595012771685416, 
    -0.0663430638645744, -0.0850890626260427, -0.103852743714208, 
    -0.0597744357929968, -0.0630091111865749, -0.0647732612506023, 
    -0.0583585021223294, -0.0453197048187381, -0.0626275506631281, 
    -0.0678428747541784, -0.0653610402873095, -0.0724354145495178, 
    -0.0674889420738255, -0.0654826075052585, -0.0550924374450168, 
    -0.0655666098605557, -0.0701292770741816, -0.0577273104580698, 
    -0.0780188650792846, -0.0587904826346683, -0.0551663305829489, 
    -0.058504171087857, -0.0398184446990116, -0.0666353250198182, 
    -0.059534328544728, -0.0482257484909475, -0.0651511335226368, 
    -0.0791881949479574, -0.0583335650001065, -0.046430832504722, 
    -0.0636710951823895, -0.0692897327209086, -0.117455798378361, 
    -0.0716574395466421, -0.0492179576032286, -0.0790293204219431, 
    -0.060987906073114, -0.0453752517492207, -0.0687429924401745, 
    -0.0648597635339139, -0.0617913288821969, -0.0532516240220308, 
    -0.0572003609182427, -0.0675791119142356, -0.0666224006708179, 
    -0.0626674714020106, -0.0709888803645343, -0.0559065654129088, 
