run_x <-
structure(list(lm_df = structure(list(term = c("maxima_sc", "stretch_sc", 
"x_max_sc", "x_min_sc"), coef = c(0.0491234483082412, 0.0469592531745035, 
0.0118223412561505, -0.0483219173342354), p_value = c(0.0874097807152222, 
0.00334443654481382, 0.0363357444899896, 0.0168762992000119), 
    rand_var = c(1.29515607390426, 1.29515607390426, 1.29515607390426, 
    1.29515607390426), mean_rand = c(0.095720818898839, 0.095720818898839, 
    0.095720818898839, 0.095720818898839), sim_n = c(33L, 33L, 
    33L, 33L)), .Names = c("term", "coef", "p_value", "rand_var", 
"mean_rand", "sim_n"), class = c("tbl_df", "tbl", "data.frame"
), row.names = c(NA, -4L)), lasso_df = structure(list(var = c("maxima", 
"stretch", "x_max", "x_min"), mean = c(0.315201579249887, 0.342861733898977, 
-0.27256014930038, -0.361514149879681), prop = c(0.1525, 0.365, 
0.0275, 0.0025), rand_var = c(1.29515607390426, 1.29515607390426, 
1.29515607390426, 1.29515607390426), mean_rand = c(0.095720818898839, 
0.095720818898839, 0.095720818898839, 0.095720818898839), sim_n = c(33L, 
33L, 33L, 33L)), .Names = c("var", "mean", "prop", "rand_var", 
"mean_rand", "sim_n"), class = c("tbl_df", "tbl", "data.frame"
), row.names = c(NA, -4L)), summ_stan_df = structure(list(shape1 = 4.28967015720676, 
    shape2 = 3.53428413217491, stretch = 2.66679910383185, x_min = -0.664275937606946, 
    x_max = 3.91953952209504, maxima = 2.58016948150425, rep = 33L), .Names = c("shape1", 
"shape2", "stretch", "x_min", "x_max", "maxima", "rep"), class = c("tbl_df", 
"tbl", "data.frame"), row.names = c(NA, -1L))), .Names = c("lm_df", 
"lasso_df", "summ_stan_df"))
run_x <-
structure(list(lm_df = structure(list(term = c("maxima_sc", "stretch_sc", 
"x_max_sc", "x_min_sc"), coef = c(0.0491234483082412, 0.0469592531745035, 
0.0118223412561505, -0.0483219173342354), p_value = c(0.0874097807152222, 
0.00334443654481382, 0.0363357444899896, 0.0168762992000119), 
    rand_var = c(1.29515607390426, 1.29515607390426, 1.29515607390426, 
    1.29515607390426), mean_rand = c(0.095720818898839, 0.095720818898839, 
    0.095720818898839, 0.095720818898839), sim_n = c(33L, 33L, 
    33L, 33L)), .Names = c("term", "coef", "p_value", "rand_var", 
"mean_rand", "sim_n"), class = c("tbl_df", "tbl", "data.frame"
), row.names = c(NA, -4L)), lasso_df = structure(list(var = c("maxima", 
"stretch", "x_max", "x_min"), mean = c(0.315201579249887, 0.342861733898977, 
-0.27256014930038, -0.361514149879681), prop = c(0.1525, 0.365, 
0.0275, 0.0025), rand_var = c(1.29515607390426, 1.29515607390426, 
1.29515607390426, 1.29515607390426), mean_rand = c(0.095720818898839, 
0.095720818898839, 0.095720818898839, 0.095720818898839), sim_n = c(33L, 
33L, 33L, 33L)), .Names = c("var", "mean", "prop", "rand_var", 
"mean_rand", "sim_n"), class = c("tbl_df", "tbl", "data.frame"
), row.names = c(NA, -4L)), summ_stan_df = structure(list(shape1 = 4.28967015720676, 
    shape2 = 3.53428413217491, stretch = 2.66679910383185, x_min = -0.664275937606946, 
    x_max = 3.91953952209504, maxima = 2.58016948150425, rep = 33L), .Names = c("shape1", 
"shape2", "stretch", "x_min", "x_max", "maxima", "rep"), class = c("tbl_df", 
"tbl", "data.frame"), row.names = c(NA, -1L))), .Names = c("lm_df", 
"lasso_df", "summ_stan_df"))
run_x <-
structure(list(lasso_df = structure(list(var = c("maxima", "stretch", 
"x_max", "x_min"), mean = c(0.290508072752504, 0.215943518155429, 
-0.160466780688104, -0.174467856987928), prop = c(0.155, 0.2875, 
0.0025, 0.005), rand_var = c(1.29515607390426, 1.29515607390426, 
1.29515607390426, 1.29515607390426), mean_rand = c(0.095720818898839, 
0.095720818898839, 0.095720818898839, 0.095720818898839), sim_n = c(33L, 
33L, 33L, 33L)), .Names = c("var", "mean", "prop", "rand_var", 
"mean_rand", "sim_n"), class = c("tbl_df", "tbl", "data.frame"
), row.names = c(NA, -4L)), lasso_depth = structure(list(draw = 1:400, 
    `(Intercept)` = c(-0.094474195076369, -0.0666130952380953, 
    -0.0666130952380953, -0.0666130952380953, -0.0666130952380953, 
    -0.0694653286069299, -0.05159083441291, -0.0493812345089149, 
    -0.0666130952380953, -0.0551835155572293, -0.0954345496612353, 
    -0.0719435824501179, -0.0666130952380953, -0.0666130952380953, 
    -0.0872301247860994, -0.0666130952380953, -0.0666130952380953, 
    -0.0666130952380953, -0.0528745035417724, -0.0666130952380953, 
    -0.0773264853018657, -0.0659382104014496, -0.0666130952380953, 
    -0.0666130952380953, -0.0869981847421187, -0.0801746299734783, 
    -0.0661319703552957, -0.0680152644363542, -0.080252399180251, 
    -0.0463092552069794, -0.0620066280290308, -0.0620330330453578, 
    -0.0778856111890925, -0.051807591739468, -0.0707153004635056, 
    -0.0666130952380953, -0.0666130952380953, -0.070189816470274, 
    -0.0666130952380953, -0.0666130952380953, -0.0612760576602511, 
    -0.0666130952380953, -0.0477530922749262, -0.0666130952380953, 
    -0.0545077002486083, -0.0242555445986973, -0.0664949846939928, 
    -0.0666130952380953, -0.0783518978079545, -0.0367374962746884, 
    -0.0490748156513717, -0.0321219432546626, -0.0349119877833975, 
    -0.0666130952380953, -0.0833629597594264, -0.0413250853055049, 
    -0.0356054520764711, -0.0666130952380953, -0.0656426025554588, 
    -0.0800813164613417, -0.0665169842243025, -0.0618489549121747, 
    -0.0306910901834208, -0.0520669252209336, -0.0666130952380953, 
    -0.0666130952380953, -0.0666130952380953, -0.054731514087239, 
    -0.0666130952380953, -0.0403662894664659, -0.0666130952380953, 
    -0.0666130952380953, -0.0666130952380953, -0.0666130952380953, 
    -0.0666130952380953, -0.0776533068685875, -0.0260239746386193, 
    -0.0706151139040289, -0.0672498844485313, -0.0666130952380953, 
    -0.0736492977522206, -0.0513194201267344, -0.0455783099884369, 
    -0.0873977293539549, -0.0762386977976878, -0.0553992478533421, 
    -0.0666130952380953, -0.0666130952380953, -0.0666130952380953, 
    -0.0797624161487599, -0.06414256205731, -0.0580398686474647, 
    -0.0587642757732537, -0.0266774910943019, -0.0666130952380953, 
    -0.0666130952380953, 0.0208627237347425, -0.0666130952380953, 
    -0.125716014046661, -0.068461785607428, -0.0666130952380953, 
    -0.0666130952380953, -0.0400123673302306, -0.0795353014498149, 
    -0.0778659240941249, -0.0666130952380953, -0.0666130952380953, 
    -0.0844885544598684, -0.0705673666013443, -0.0666130952380953, 
    -0.0567413681097667, -0.0637623182033403, -0.0666130952380953, 
    -0.0666130952380953, -0.0666130952380953, -0.0666130952380953, 
    -0.079472053436893, -0.0666130952380953, -0.063308226906276, 
    -0.0666130952380953, -0.0666130952380953, -0.0666130952380953, 
    -0.0666130952380953, -0.0666130952380953, -0.0761271061226792, 
    -0.0666130952380953, -0.0666130952380953, -0.0666130952380953, 
    -0.0666130952380953, -0.0666130952380953, -0.0666130952380953, 
    -0.0666130952380953, -0.0666130952380953, -0.0666130952380953, 
    -0.0666130952380953, -0.0666130952380953, -0.0666130952380953, 
    -0.0666130952380953, -0.0666130952380953, -0.0666130952380953, 
    -0.0666130952380953, -0.0632677428856101, -0.0666130952380953, 
    -0.0666130952380953, -0.0685272186732343, -0.0147919767204662, 
    -0.0666130952380953, -0.0656109229004862, -0.083360163228939, 
    -0.0669523812236108, -0.0666130952380953, -0.0666130952380953, 
    -0.0480338339224339, -0.0666130952380953, -0.0359824554411276, 
    -0.0571847671560487, -0.0781103243880406, -0.0777056017060027, 
    -0.0666130952380953, -0.0666130952380953, -0.0427085372332297, 
    -0.0666130952380953, -0.0666130952380953, -0.0666130952380953, 
    -0.0666130952380953, -0.0666130952380953, -0.0666130952380953, 
    -0.0666130952380953, -0.0666130952380953, -0.0502306425307435, 
    -0.0666130952380953, -0.0552874337273182, -0.08262517536855, 
    -0.0666130952380953, -0.0666130952380953, -0.0666130952380953, 
    -0.0666130952380953, -0.0706673549825119, -0.0421077370956944, 
