run_x <-
structure(list(lm_df = structure(list(term = c("maxima_sc", "stretch_sc", 
"x_max_sc", "x_min_sc"), coef = c(0.208414200112746, 0.010232614074227, 
-0.203018919772321, -0.0268514745951725), p_value = c(0.0104692209607964, 
0.0493934129992783, 0.0118914387560608, 0.010252965289441), rand_var = c(3.63656868779691, 
3.63656868779691, 3.63656868779691, 3.63656868779691), mean_rand = c(1.13795012731102, 
1.13795012731102, 1.13795012731102, 1.13795012731102), sim_n = c(92L, 
92L, 92L, 92L)), .Names = c("term", "coef", "p_value", "rand_var", 
"mean_rand", "sim_n"), class = c("tbl_df", "tbl", "data.frame"
), row.names = c(NA, -4L)), lasso_df = structure(list(var = c("maxima", 
"stretch", "x_max", "x_min"), mean = c(1.3694677568414, 0.306400574937719, 
-0.704204306851958, -0.111109422793951), prop = c(0.2375, 0.255, 
0.1075, 0.04), rand_var = c(3.63656868779691, 3.63656868779691, 
3.63656868779691, 3.63656868779691), mean_rand = c(1.13795012731102, 
1.13795012731102, 1.13795012731102, 1.13795012731102), sim_n = c(92L, 
92L, 92L, 92L)), .Names = c("var", "mean", "prop", "rand_var", 
"mean_rand", "sim_n"), class = c("tbl_df", "tbl", "data.frame"
), row.names = c(NA, -4L)), summ_stan_df = structure(list(shape1 = 5.10918395527507, 
    shape2 = 3.56277890573591, stretch = 2.39693577021807, x_min = -1.07105381169656, 
    x_max = 2.3253461385224, maxima = 1.56566316050736, rep = 92L), .Names = c("shape1", 
"shape2", "stretch", "x_min", "x_max", "maxima", "rep"), class = c("tbl_df", 
"tbl", "data.frame"), row.names = c(NA, -1L))), .Names = c("lm_df", 
"lasso_df", "summ_stan_df"))
run_x <-
structure(list(lm_df = structure(list(term = c("maxima_sc", "stretch_sc", 
"x_max_sc", "x_min_sc"), coef = c(0.208414200112746, 0.010232614074227, 
-0.203018919772321, -0.0268514745951725), p_value = c(0.0104692209607964, 
0.0493934129992783, 0.0118914387560608, 0.010252965289441), rand_var = c(3.63656868779691, 
3.63656868779691, 3.63656868779691, 3.63656868779691), mean_rand = c(1.13795012731102, 
1.13795012731102, 1.13795012731102, 1.13795012731102), sim_n = c(92L, 
92L, 92L, 92L)), .Names = c("term", "coef", "p_value", "rand_var", 
"mean_rand", "sim_n"), class = c("tbl_df", "tbl", "data.frame"
), row.names = c(NA, -4L)), lasso_df = structure(list(var = c("maxima", 
"stretch", "x_max", "x_min"), mean = c(1.3694677568414, 0.306400574937719, 
-0.704204306851958, -0.111109422793951), prop = c(0.2375, 0.255, 
0.1075, 0.04), rand_var = c(3.63656868779691, 3.63656868779691, 
3.63656868779691, 3.63656868779691), mean_rand = c(1.13795012731102, 
1.13795012731102, 1.13795012731102, 1.13795012731102), sim_n = c(92L, 
92L, 92L, 92L)), .Names = c("var", "mean", "prop", "rand_var", 
"mean_rand", "sim_n"), class = c("tbl_df", "tbl", "data.frame"
), row.names = c(NA, -4L)), summ_stan_df = structure(list(shape1 = 5.10918395527507, 
    shape2 = 3.56277890573591, stretch = 2.39693577021807, x_min = -1.07105381169656, 
    x_max = 2.3253461385224, maxima = 1.56566316050736, rep = 92L), .Names = c("shape1", 
"shape2", "stretch", "x_min", "x_max", "maxima", "rep"), class = c("tbl_df", 
"tbl", "data.frame"), row.names = c(NA, -1L))), .Names = c("lm_df", 
"lasso_df", "summ_stan_df"))
run_x <-
structure(list(lasso_df = structure(list(var = c("maxima", "stretch", 
"x_max", "x_min"), mean = c(0.188693933577406, 0.261374920816716, 
0.262895229566646, -0.263684309045283), prop = c(0.1425, 0.1625, 
0.2375, 0.015), rand_var = c(3.63656868779691, 3.63656868779691, 
3.63656868779691, 3.63656868779691), mean_rand = c(1.13795012731102, 
1.13795012731102, 1.13795012731102, 1.13795012731102), sim_n = c(92L, 
92L, 92L, 92L)), .Names = c("var", "mean", "prop", "rand_var", 
"mean_rand", "sim_n"), class = c("tbl_df", "tbl", "data.frame"
), row.names = c(NA, -4L)), lasso_depth = structure(list(draw = 1:400, 
    `(Intercept)` = c(-0.0666130952380953, 0.0330345906418183, 
    -0.0666130952380953, -0.0666130952380953, -0.0666130952380953, 
    -0.0169665677280224, -0.0666130952380953, -0.339000840404349, 
    0.0424977468293918, -0.0666130952380953, -0.0666130952380953, 
    -0.0666130952380953, -0.0666130952380953, -0.0666130952380953, 
    -0.0666130952380953, -0.0666130952380953, -0.0666130952380953, 
    -0.0944116147619304, -0.106168152028835, -0.0666130952380953, 
    -0.0666130952380953, -0.0666130952380953, -0.0337110558496975, 
    -0.0666130952380953, -0.0666130952380953, -0.0666130952380953, 
    -0.0666130952380953, -0.0666130952380953, -0.0740919998312382, 
    -0.0666130952380953, -0.0666130952380953, -0.0390182803333178, 
    -0.0666130952380953, -0.339716048716536, 0.00233547179598746, 
    -0.0666130952380953, -0.0666130952380953, -0.0666130952380953, 
    -0.0666130952380953, -0.0666130952380953, -0.0666130952380953, 
    -0.0666130952380953, -0.0666130952380953, -0.0666130952380953, 
    -0.0666130952380953, -0.0666130952380953, -0.0666130952380953, 
    -0.0686320670458284, -0.0666130952380953, -0.0666130952380953, 
    0.0580658639228592, -0.0666130952380953, -0.0449245109440142, 
    -0.0666130952380953, -0.0666130952380953, -0.0666130952380953, 
    -0.0666130952380953, -0.0666130952380953, -0.0666130952380953, 
    -0.0666130952380953, -0.102321798482343, 0.104980347281189, 
    -0.0581910365439383, -0.0666130952380953, 0.019739726431447, 
    -0.0666130952380953, -0.0666130952380953, -0.0666130952380953, 
    -0.0666130952380953, -0.0912972357595913, -0.0666130952380953, 
    -0.0666130952380953, -0.00793622956835344, -0.0666130952380953, 
    -0.0666130952380953, 0.0588865775093663, -0.151546422734572, 
    -0.0666130952380953, -0.0275614273079889, -0.0063597691677122, 
    -0.254272933571313, -0.0666130952380953, -0.0666130952380953, 
    -0.0666130952380953, -0.0666130952380953, -0.0666130952380953, 
    -0.111400118761165, -0.0666130952380953, -0.0666130952380953, 
    -0.0666130952380953, -0.0666130952380953, -0.0666130952380953, 
    -0.0666130952380953, -0.0666130952380953, -0.0666130952380953, 
    -0.0666130952380953, -0.039139105097119, -0.0683613285703971, 
    -0.0666130952380953, -0.0666130952380953, -0.124382742038908, 
    0.00320311023513072, -0.0617662718339695, -0.11583204073728, 
    -0.107964687877716, -0.0171238495792801, -0.0520059439015701, 
    -0.0379594889343562, -0.0715791112309462, -0.0666130952380953, 
    -0.0666130952380953, -0.0417703389734204, -0.00899701386434852, 
    0.0169893188270219, -0.0734213458519526, -0.0745949989523002, 
    -0.0762066139109844, -0.00497605980529281, -0.0949940148735079, 
    -0.051223269605709, -0.0666130952380953, -0.0759979196808398, 
    -0.0393206956426312, -0.0666130952380953, -0.0352116170149639, 
    -0.0552839155127307, -0.0666130952380953, -0.0893526313289759, 
    -0.123843662392073, -0.0436810683292756, -0.00827539561046337, 
    -0.0359859919273993, -0.0530794100393551, -0.0582977588297938, 
    -0.0688797067481075, -0.0627000604108407, -0.0666130952380953, 
    -0.0835320184432817, -0.0439532716055343, -0.0317865195677826, 
    0.0110930933211748, -0.0548340950720988, -0.0782093165427866, 
    -0.091300580984139, -0.104808375419938, -0.0188698383580789, 
    -0.0604522649595746, -0.0666130952380953, -0.0514082383154031, 
    -0.0919148397881431, -0.0564467140731365, -0.0863444932103664, 
    -0.0343952185147847, -0.0876392868188419, -0.0494391618838932, 
    -0.0543152005001921, -0.0666130952380953, -0.0449324536132246, 
    -0.0563425245986243, -0.0495993632561184, -0.0520987156441978, 
    -0.0543337043394349, -0.0987013114062019, -0.110961241974665, 
    -0.0791029649718186, -0.0666130952380953, -0.0757542780172521, 
    -0.083979608636032, -0.0585680832954017, 0.0249323334099734, 
    -0.0851272405808477, 0.013072136675503, -0.0528762799186877, 
    -0.0874347581116097, -0.0666130952380953, -0.103651768185923, 
    -0.107747389325745, -0.114109597158993, -0.0542816247244122, 
    -0.0570554945349444, 0.00231649810630898, -0.0267152649906136, 
