run_x <-
structure(list(lm_df = structure(list(term = c("maxima_sc", "stretch_sc", 
"x_max_sc", "x_min_sc"), coef = c(0.0285471846399866, 0.0574941293394643, 
-0.009465451510292, -0.0159105381889961), p_value = c(0.116463142406518, 
0.0118281671571498, 0.331828053322704, 0.103233788992235), rand_var = c(1.13314458631044, 
1.13314458631044, 1.13314458631044, 1.13314458631044), mean_rand = c(0.499069924779007, 
0.499069924779007, 0.499069924779007, 0.499069924779007), sim_n = c(29L, 
29L, 29L, 29L)), .Names = c("term", "coef", "p_value", "rand_var", 
"mean_rand", "sim_n"), class = c("tbl_df", "tbl", "data.frame"
), row.names = c(NA, -4L)), lasso_df = structure(list(var = c("maxima", 
"stretch", "x_max", "x_min"), mean = c(0.00482708650380505, 0.069271599434294, 
-0.00997387303921094, 0.000268491816730439), prop = c(0.01, 0.0675, 
0.0175, 0.03), rand_var = c(1.13314458631044, 1.13314458631044, 
1.13314458631044, 1.13314458631044), mean_rand = c(0.499069924779007, 
0.499069924779007, 0.499069924779007, 0.499069924779007), sim_n = c(29L, 
29L, 29L, 29L)), .Names = c("var", "mean", "prop", "rand_var", 
"mean_rand", "sim_n"), class = c("tbl_df", "tbl", "data.frame"
), row.names = c(NA, -4L)), summ_stan_df = structure(list(shape1 = 3.44803924505968, 
    shape2 = 2.77794943069902, stretch = 0.951072779550623, x_min = -0.914272121741007, 
    x_max = 4.95046065136582, maxima = 3.15577051279965, rep = 29L), .Names = c("shape1", 
"shape2", "stretch", "x_min", "x_max", "maxima", "rep"), class = c("tbl_df", 
"tbl", "data.frame"), row.names = c(NA, -1L))), .Names = c("lm_df", 
"lasso_df", "summ_stan_df"))
run_x <-
structure(list(lm_df = structure(list(term = c("maxima_sc", "stretch_sc", 
"x_max_sc", "x_min_sc"), coef = c(0.0285471846399866, 0.0574941293394643, 
-0.009465451510292, -0.0159105381889961), p_value = c(0.116463142406518, 
0.0118281671571498, 0.331828053322704, 0.103233788992235), rand_var = c(1.13314458631044, 
1.13314458631044, 1.13314458631044, 1.13314458631044), mean_rand = c(0.499069924779007, 
0.499069924779007, 0.499069924779007, 0.499069924779007), sim_n = c(29L, 
29L, 29L, 29L)), .Names = c("term", "coef", "p_value", "rand_var", 
"mean_rand", "sim_n"), class = c("tbl_df", "tbl", "data.frame"
), row.names = c(NA, -4L)), lasso_df = structure(list(var = c("maxima", 
"stretch", "x_max", "x_min"), mean = c(0.00482708650380505, 0.069271599434294, 
-0.00997387303921094, 0.000268491816730439), prop = c(0.01, 0.0675, 
0.0175, 0.03), rand_var = c(1.13314458631044, 1.13314458631044, 
1.13314458631044, 1.13314458631044), mean_rand = c(0.499069924779007, 
0.499069924779007, 0.499069924779007, 0.499069924779007), sim_n = c(29L, 
29L, 29L, 29L)), .Names = c("var", "mean", "prop", "rand_var", 
"mean_rand", "sim_n"), class = c("tbl_df", "tbl", "data.frame"
), row.names = c(NA, -4L)), summ_stan_df = structure(list(shape1 = 3.44803924505968, 
    shape2 = 2.77794943069902, stretch = 0.951072779550623, x_min = -0.914272121741007, 
    x_max = 4.95046065136582, maxima = 3.15577051279965, rep = 29L), .Names = c("shape1", 
"shape2", "stretch", "x_min", "x_max", "maxima", "rep"), class = c("tbl_df", 
"tbl", "data.frame"), row.names = c(NA, -1L))), .Names = c("lm_df", 
"lasso_df", "summ_stan_df"))
run_x <-
structure(list(lasso_df = structure(list(var = c("maxima", "stretch", 
"x_max", "x_min"), mean = c(0.0119623887594195, 0.0417821269401814, 
-0.165058468350506, -0.0662185105205725), prop = c(0.0275, 0.05, 
0.01, 0.02), rand_var = c(1.13314458631044, 1.13314458631044, 
1.13314458631044, 1.13314458631044), mean_rand = c(0.499069924779007, 
0.499069924779007, 0.499069924779007, 0.499069924779007), sim_n = c(29L, 
29L, 29L, 29L)), .Names = c("var", "mean", "prop", "rand_var", 
"mean_rand", "sim_n"), class = c("tbl_df", "tbl", "data.frame"
), row.names = c(NA, -4L)), lasso_depth = structure(list(draw = 1:400, 
    `(Intercept)` = c(-0.0522510339402448, -0.148955591310131, 
    -0.0694012265736288, -0.0607748314887903, -0.0616992011409016, 
    -0.0635357691912394, -0.0468425238309856, -0.0475242686899941, 
    -0.0824642226280572, -0.0661389968715448, -0.0570352336474233, 
    -0.0466701675930821, -0.0547632880724453, -0.0637050652884814, 
    -0.0792350371272559, -0.0570270130182342, -0.0628689942814756, 
    -0.0536001852442571, -0.0666130952380953, -0.0455132297184411, 
    -0.106032812660148, -0.0534378053465161, -0.0621220005209384, 
    -0.0613780799067771, -0.0528915916629158, -0.0595407513411516, 
    -0.0630534377491629, -0.064495790611442, -0.0613794416444087, 
    -0.0606889096220582, -0.0660557505811915, -0.0544087613694069, 
    -0.0505809113261765, -0.0580257996922482, -0.0698302988265742, 
    -0.0834755948519877, -0.0809469284151298, -0.0619256684599925, 
    -0.0666130952380953, -0.0630813732909397, -0.0580962589135635, 
    -0.10693628996376, -0.0740965255384182, -0.0717831789793015, 
    -0.0578846346612292, -0.0670703904070083, -0.0636098432056261, 
    -0.062992172171174, -0.0513788975250614, -0.061818862687608, 
    -0.0704790822353841, -0.0582259417571012, -0.0455343131239479, 
    -0.0757207364468701, -0.0723650554537738, -0.060835582695044, 
    -0.0672307857460639, -0.06277044308685, -0.054872673341812, 
    -0.063347996845719, -0.0575315496345762, -0.0640812785366582, 
    -0.0597876153900302, -0.0660206165691121, -0.0586384942392678, 
    -0.058860943409216, -0.0653803925254874, -0.0561298538911382, 
    -0.035657745718632, -0.0564460792959992, -0.00160129119251953, 
    -0.0674313150609815, -0.0688584192457362, -0.0611211771680384, 
    -0.0637279257170173, -0.0619304875163545, -0.0652551118851964, 
    -0.0524114284706275, -0.0563633979352889, -0.0568280371356109, 
    -0.0598608188060719, -0.0576251259381673, -0.115556217414344, 
    -0.0328883646466752, -0.0632582669817249, -0.0483300157214748, 
    -0.0563442472520311, 0.0103223518737162, -0.060900825235012, 
    -0.0650589350484173, -0.0576033638697473, -0.0588320473777039, 
    -0.0600978197315976, -0.0609974769659981, -0.0575684461714928, 
    -0.0533952881831888, -0.114451350353651, -0.102046560046092, 
    -0.0670422935767866, -0.0640847661069537, -0.0551922835326027, 
    -0.058254229179644, -0.0656230031808521, -0.0666130952380953, 
    -0.0524304962290672, -0.0603604908714121, -0.0653290674209524, 
    -0.0666130952380953, -0.0666130952380953, -0.0666130952380953, 
    -0.0666130952380953, -0.0528975044091217, -0.0254682023874759, 
    -0.0666130952380953, -0.0757728252352911, -0.0636149081654696, 
    -0.0639089614847474, -0.0443825098115598, -0.0622962177167309, 
    -0.0762999547285374, -0.0660403693152954, -0.0532685411837517, 
    -0.0565683208109096, -0.0666130952380953, -0.0759104178118142, 
    -0.0733057564506378, -0.0423695647786775, -0.0561182566818907, 
    -0.0564788837000282, -0.0609881913943662, -0.050000291760586, 
    -0.0666130952380953, -0.0868947870216359, -0.0666130952380953, 
    -0.0633287439118717, -0.0821161546181225, -0.0652784137445815, 
    -0.0666130952380953, -0.0666130952380953, -0.0666130952380953, 
    -0.0569567271143939, -0.0666130952380953, -0.0571964712273186, 
    -0.0571384715463657, -0.0620702364436586, -0.0562241264210965, 
    -0.0714393452001592, -0.0666342590265849, -0.0776504157582522, 
    -0.0562980939095845, -0.0639218710461961, -0.0653507089941913, 
    -0.06574305359094, -0.041521296803882, -0.110433506537399, 
    -0.0597985573052981, -0.082883786435041, -0.0666130952380953, 
    -0.0586888901896694, -0.0751926007469006, -0.0666130952380953, 
    -0.0589884415239867, -0.0666130952380953, -0.0775821534126951, 
    -0.0749227147188969, -0.0645818320037885, -0.0612182432639395, 
    -0.0559366201650691, -0.0782568410097761, -0.0666130952380953, 
    -0.0666130952380953, -0.0666130952380953, -0.0529338378084714, 
    -0.0670623038338401, -0.0460921893508252, -0.0666130952380953, 
    -0.0704278683272428, -0.0693333735587641, -0.06327289542738, 
    -0.0343148124929499, -0.0666130952380953, -0.069437926704053, 
