run_x <-
structure(list(lm_df = structure(list(term = c("maxima_sc", "stretch_sc", 
"x_max_sc", "x_min_sc"), coef = c(0.0154211613723591, 0.0630082324611621, 
-0.011208688384244, -0.000157019116017825), p_value = c(0.135619565946267, 
0.00370425252542954, 0.136275345527436, 0.191825939688007), rand_var = c(0.325627118481813, 
0.325627118481813, 0.325627118481813, 0.325627118481813), mean_rand = c(-0.358491797753735, 
-0.358491797753735, -0.358491797753735, -0.358491797753735), 
    sim_n = c(9L, 9L, 9L, 9L)), .Names = c("term", "coef", "p_value", 
"rand_var", "mean_rand", "sim_n"), class = c("tbl_df", "tbl", 
"data.frame"), row.names = c(NA, -4L)), lasso_df = structure(list(
    var = c("maxima", "stretch", "x_max", "x_min"), mean = c(-0.0413149550706923, 
    0.152124304715511, -0.110235358630368, -0.0696863064666487
    ), prop = c(0.015, 0.1425, 0.0025, 0.03), rand_var = c(0.325627118481813, 
    0.325627118481813, 0.325627118481813, 0.325627118481813), 
    mean_rand = c(-0.358491797753735, -0.358491797753735, -0.358491797753735, 
    -0.358491797753735), sim_n = c(9L, 9L, 9L, 9L)), .Names = c("var", 
"mean", "prop", "rand_var", "mean_rand", "sim_n"), class = c("tbl_df", 
"tbl", "data.frame"), row.names = c(NA, -4L)), summ_stan_df = structure(list(
    shape1 = 3.06875346623733, shape2 = 3.99292868247027, stretch = 0.952966207635979, 
    x_min = -0.86493111258179, x_max = 4.74926207404994, maxima = 2.36540790449755, 
    rep = 9L), .Names = c("shape1", "shape2", "stretch", "x_min", 
"x_max", "maxima", "rep"), class = c("tbl_df", "tbl", "data.frame"
), row.names = c(NA, -1L))), .Names = c("lm_df", "lasso_df", 
"summ_stan_df"))
run_x <-
structure(list(lm_df = structure(list(term = c("maxima_sc", "stretch_sc", 
"x_max_sc", "x_min_sc"), coef = c(0.0154211613723591, 0.0630082324611621, 
-0.011208688384244, -0.000157019116017825), p_value = c(0.135619565946267, 
0.00370425252542954, 0.136275345527436, 0.191825939688007), rand_var = c(0.325627118481813, 
0.325627118481813, 0.325627118481813, 0.325627118481813), mean_rand = c(-0.358491797753735, 
-0.358491797753735, -0.358491797753735, -0.358491797753735), 
    sim_n = c(9L, 9L, 9L, 9L)), .Names = c("term", "coef", "p_value", 
"rand_var", "mean_rand", "sim_n"), class = c("tbl_df", "tbl", 
"data.frame"), row.names = c(NA, -4L)), lasso_df = structure(list(
    var = c("maxima", "stretch", "x_max", "x_min"), mean = c(-0.0413149550706923, 
    0.152124304715511, -0.110235358630368, -0.0696863064666487
    ), prop = c(0.015, 0.1425, 0.0025, 0.03), rand_var = c(0.325627118481813, 
    0.325627118481813, 0.325627118481813, 0.325627118481813), 
    mean_rand = c(-0.358491797753735, -0.358491797753735, -0.358491797753735, 
    -0.358491797753735), sim_n = c(9L, 9L, 9L, 9L)), .Names = c("var", 
"mean", "prop", "rand_var", "mean_rand", "sim_n"), class = c("tbl_df", 
"tbl", "data.frame"), row.names = c(NA, -4L)), summ_stan_df = structure(list(
    shape1 = 3.06875346623733, shape2 = 3.99292868247027, stretch = 0.952966207635979, 
    x_min = -0.86493111258179, x_max = 4.74926207404994, maxima = 2.36540790449755, 
    rep = 9L), .Names = c("shape1", "shape2", "stretch", "x_min", 
"x_max", "maxima", "rep"), class = c("tbl_df", "tbl", "data.frame"
), row.names = c(NA, -1L))), .Names = c("lm_df", "lasso_df", 
"summ_stan_df"))
