run_x <-
structure(list(lm_df = structure(list(term = c("maxima_sc", "stretch_sc", 
"x_max_sc", "x_min_sc"), coef = c(0.0576085470720022, 0.082342430524876, 
-0.00879974689398574, -0.0228734006763702), p_value = c(0.0294228297621733, 
0.00421723327205393, 0.170262101767118, 0.0963719244894114), 
    rand_var = c(0.52756235028275, 0.52756235028275, 0.52756235028275, 
    0.52756235028275), mean_rand = c(0.269114777296712, 0.269114777296712, 
    0.269114777296712, 0.269114777296712), sim_n = c(14L, 14L, 
    14L, 14L)), .Names = c("term", "coef", "p_value", "rand_var", 
"mean_rand", "sim_n"), class = c("tbl_df", "tbl", "data.frame"
), row.names = c(NA, -4L)), lasso_df = structure(list(var = c("maxima", 
"stretch", "x_max", "x_min"), mean = c(0.237368598398251, 0.137309764068662, 
-0.25817350368597, -0.473646751624195), prop = c(0.0825, 0.145, 
0, 0), rand_var = c(0.52756235028275, 0.52756235028275, 0.52756235028275, 
0.52756235028275), mean_rand = c(0.269114777296712, 0.269114777296712, 
0.269114777296712, 0.269114777296712), sim_n = c(14L, 14L, 14L, 
14L)), .Names = c("var", "mean", "prop", "rand_var", "mean_rand", 
"sim_n"), class = c("tbl_df", "tbl", "data.frame"), row.names = c(NA, 
-4L)), summ_stan_df = structure(list(shape1 = 3.58154011631493, 
    shape2 = 3.16116713560979, stretch = 0.927412693496094, x_min = -0.413433057728128, 
    x_max = 4.63937315933275, maxima = 2.93987185013222, rep = 14L), .Names = c("shape1", 
"shape2", "stretch", "x_min", "x_max", "maxima", "rep"), class = c("tbl_df", 
"tbl", "data.frame"), row.names = c(NA, -1L))), .Names = c("lm_df", 
"lasso_df", "summ_stan_df"))
run_x <-
structure(list(lm_df = structure(list(term = c("maxima_sc", "stretch_sc", 
"x_max_sc", "x_min_sc"), coef = c(0.0576085470720022, 0.082342430524876, 
-0.00879974689398574, -0.0228734006763702), p_value = c(0.0294228297621733, 
0.00421723327205393, 0.170262101767118, 0.0963719244894114), 
    rand_var = c(0.52756235028275, 0.52756235028275, 0.52756235028275, 
    0.52756235028275), mean_rand = c(0.269114777296712, 0.269114777296712, 
    0.269114777296712, 0.269114777296712), sim_n = c(14L, 14L, 
    14L, 14L)), .Names = c("term", "coef", "p_value", "rand_var", 
"mean_rand", "sim_n"), class = c("tbl_df", "tbl", "data.frame"
), row.names = c(NA, -4L)), lasso_df = structure(list(var = c("maxima", 
"stretch", "x_max", "x_min"), mean = c(0.237368598398251, 0.137309764068662, 
-0.25817350368597, -0.473646751624195), prop = c(0.0825, 0.145, 
0, 0), rand_var = c(0.52756235028275, 0.52756235028275, 0.52756235028275, 
0.52756235028275), mean_rand = c(0.269114777296712, 0.269114777296712, 
0.269114777296712, 0.269114777296712), sim_n = c(14L, 14L, 14L, 
14L)), .Names = c("var", "mean", "prop", "rand_var", "mean_rand", 
"sim_n"), class = c("tbl_df", "tbl", "data.frame"), row.names = c(NA, 
-4L)), summ_stan_df = structure(list(shape1 = 3.58154011631493, 
    shape2 = 3.16116713560979, stretch = 0.927412693496094, x_min = -0.413433057728128, 
    x_max = 4.63937315933275, maxima = 2.93987185013222, rep = 14L), .Names = c("shape1", 
"shape2", "stretch", "x_min", "x_max", "maxima", "rep"), class = c("tbl_df", 
"tbl", "data.frame"), row.names = c(NA, -1L))), .Names = c("lm_df", 
"lasso_df", "summ_stan_df"))
run_x <-
structure(list(lasso_df = structure(list(var = c("maxima", "stretch", 
"x_max", "x_min"), mean = c(0.38517279135642, 0.206036342789017, 
-0.400830547842831, -0.570580685456758), prop = c(0.11, 0.1575, 
0.005, 0), rand_var = c(0.52756235028275, 0.52756235028275, 0.52756235028275, 
0.52756235028275), mean_rand = c(0.269114777296712, 0.269114777296712, 
0.269114777296712, 0.269114777296712), sim_n = c(14L, 14L, 14L, 
14L)), .Names = c("var", "mean", "prop", "rand_var", "mean_rand", 
"sim_n"), class = c("tbl_df", "tbl", "data.frame"), row.names = c(NA, 
-4L)), lasso_depth = structure(list(draw = 1:400, `(Intercept)` = c(-0.0959832800857417, 
-0.0618633512990607, -0.0589815520049405, -0.0602360567515772, 
-0.0589928253927322, -0.0624456857703787, -0.0863246662703182, 
-0.061233101778454, -0.0666130952380953, -0.0654411324880977, 
-0.0559168260883221, -0.0596792983282204, -0.0602294872959656, 
-0.0866864929301763, -0.071543294185528, -0.0595508430413918, 
-0.0515876506283545, -0.0609758931088577, -0.0727903173658588, 
-0.0657659079252835, -0.0663524927866538, -0.0779709885246587, 
-0.0777704197104095, -0.100038608446669, -0.0605838517542989, 
-0.0616982903799563, -0.0494079542640881, -0.0664131723812638, 
-0.0596361629126857, -0.0716569133516071, -0.0637736740835266, 
-0.0688820791320194, -0.0596067527475114, -0.0709845247170432, 
-0.0621459369295788, -0.0694449363431971, -0.0681318183057402, 
-0.0729260312553766, -0.0489304925639276, -0.0502010771067717, 
-0.0747820511350844, -0.0649430627475461, -0.0826612282800408, 
-0.0566016742913868, -0.0556356685304216, -0.0670429229833849, 
-0.0589328022787188, -0.0480955857338128, -0.0608274542721728, 
-0.0589266618160468, -0.0516508461156495, -0.0540129014941347, 
-0.0886515317705648, -0.0657320860400527, -0.0804929533363658, 
-0.0665620257015973, -0.0646739418968577, -0.0725113804721513, 
-0.0663356341283261, -0.0606563288331446, -0.0692958616401572, 
-0.0800719863092711, -0.0683919064477914, -0.0648045369003385, 
-0.0747611725690917, -0.0423390677448414, -0.0857882129115347, 
-0.0619842412508169, -0.0803570971236871, -0.0618974431132826, 
-0.0484086843344317, -0.0616966053747304, -0.0559995362072782, 
-0.0609416012680924, -0.0592923223247893, -0.0771127163940427, 
-0.0558166325682529, -0.0613504341118793, -0.0582739708680738, 
-0.0463250797869436, -0.0664059586383757, -0.074173017408014, 
-0.0695544393052056, -0.0635930537820058, -0.0547694110182426, 
-0.0612765662599351, -0.0666130952380953, -0.0641407640315162, 
-0.0642091162094469, -0.0623742431311373, -0.068818059550166, 
-0.0769090061685483, -0.0650488171870169, -0.0575123371378587, 
-0.0573766632303883, -0.0576604967176725, -0.0662774199719291, 
-0.0656482475193441, -0.0566262644841507, -0.0851867412783037, 
-0.0584280604011138, -0.0581328996706379, -0.0678044114614004, 
-0.0622853907688716, -0.0552307768233731, -0.0613292832672049, 
-0.06340665817718, -0.0715197278401995, -0.0581859754692131, 
-0.0421604835269822, -0.0624592188815538, -0.0675716974405501, 
-0.0679528727448761, -0.0661686851637567, -0.053275660062013, 
-0.0663513042872473, -0.0666130952380953, -0.0475404180831687, 
-0.0556015474511257, -0.0498389159759385, -0.0666130952380953, 
-0.0506840355410629, -0.0634237221647639, -0.0531522995920942, 
-0.061909848325666, -0.0207484479194273, -0.0737723407094301, 
-0.0622071342455305, -0.0679558272854186, -0.0681115474333935, 
-0.0666130952380953, -0.0707694883962935, -0.0782588337804403, 
-0.0471793236539031, -0.0383156978853454, -0.0693290159832253, 
-0.0666130952380953, -0.0708749865263866, -0.0712160131161776, 
-0.0586031308268029, -0.066296564836658, -0.0655436221431217, 
-0.0724494759115858, -0.115020683039296, -0.0643960875155865, 
-0.0666130952380953, -0.061287234408009, -0.0714149926955029, 
-0.0550430006098085, -0.0547282076664545, -0.0494098378300599, 
-0.0666130952380953, -0.0637525479776957, -0.084054246103457, 
-0.0604507571619735, -0.0600056193595349, -0.0722594352517892, 
-0.0721114135220704, -0.0314078289868868, -0.0599312590373966, 
-0.063613572722376, -0.0666130952380953, -0.0736638746369224, 
-0.0710665107483437, -0.0479185247011147, -0.0666130952380953, 
-0.0628456109690855, -0.0653615419034993, -0.0564463448553785, 
-0.0659617377037987, -0.0697632125714276, -0.069171319536881, 
-0.047564719742368, -0.0588065895785955, -0.0423304203750302, 
-0.0689845032215343, -0.0651951573795075, -0.119189422084384, 
-0.0609950337454688, -0.0820149008408484, -0.056381030283301, 
-0.0618698862385289, -0.0613339432327464, -0.0525651628097376, 
-0.0712143583193074, -0.0513954110374013, -0.0748120126044705, 
-0.0846356259807653, -0.0595937672297428, -0.0608382147096891, 
-0.0657919446727375, -0.0590847624705133, -0.0666130952380953, 
