run_x <-
structure(list(lm_df = structure(list(term = c("maxima_sc", "stretch_sc", 
"x_max_sc", "x_min_sc"), coef = c(0.034041381025016, 0.0674987516496233, 
-0.00326946237938705, -0.0225554815397707), p_value = c(0.0516291887107308, 
0.00780961465071054, 0.388827514246556, 0.0700515662774675), 
    rand_var = c(1.53701182740951, 1.53701182740951, 1.53701182740951, 
    1.53701182740951), mean_rand = c(0.525901843125749, 0.525901843125749, 
    0.525901843125749, 0.525901843125749), sim_n = c(39L, 39L, 
    39L, 39L)), .Names = c("term", "coef", "p_value", "rand_var", 
"mean_rand", "sim_n"), class = c("tbl_df", "tbl", "data.frame"
), row.names = c(NA, -4L)), lasso_df = structure(list(var = c("maxima", 
"stretch", "x_max", "x_min"), mean = c(0.0659839004091059, 0.276059311703116, 
-0.313516474743883, -0.271095184045443), prop = c(0.06, 0.36, 
0.0025, 0.0275), rand_var = c(1.53701182740951, 1.53701182740951, 
1.53701182740951, 1.53701182740951), mean_rand = c(0.525901843125749, 
0.525901843125749, 0.525901843125749, 0.525901843125749), sim_n = c(39L, 
39L, 39L, 39L)), .Names = c("var", "mean", "prop", "rand_var", 
"mean_rand", "sim_n"), class = c("tbl_df", "tbl", "data.frame"
), row.names = c(NA, -4L)), summ_stan_df = structure(list(shape1 = 3.59479866750126, 
    shape2 = 4.14184177641121, stretch = 1.4127433612932, x_min = -0.285799084833817, 
    x_max = 4.84891942609096, maxima = 2.91122274212568, rep = 39L), .Names = c("shape1", 
"shape2", "stretch", "x_min", "x_max", "maxima", "rep"), class = c("tbl_df", 
"tbl", "data.frame"), row.names = c(NA, -1L))), .Names = c("lm_df", 
"lasso_df", "summ_stan_df"))
run_x <-
structure(list(lm_df = structure(list(term = c("maxima_sc", "stretch_sc", 
"x_max_sc", "x_min_sc"), coef = c(0.034041381025016, 0.0674987516496233, 
-0.00326946237938705, -0.0225554815397707), p_value = c(0.0516291887107308, 
0.00780961465071054, 0.388827514246556, 0.0700515662774675), 
    rand_var = c(1.53701182740951, 1.53701182740951, 1.53701182740951, 
    1.53701182740951), mean_rand = c(0.525901843125749, 0.525901843125749, 
    0.525901843125749, 0.525901843125749), sim_n = c(39L, 39L, 
    39L, 39L)), .Names = c("term", "coef", "p_value", "rand_var", 
"mean_rand", "sim_n"), class = c("tbl_df", "tbl", "data.frame"
), row.names = c(NA, -4L)), lasso_df = structure(list(var = c("maxima", 
"stretch", "x_max", "x_min"), mean = c(0.0659839004091059, 0.276059311703116, 
-0.313516474743883, -0.271095184045443), prop = c(0.06, 0.36, 
0.0025, 0.0275), rand_var = c(1.53701182740951, 1.53701182740951, 
1.53701182740951, 1.53701182740951), mean_rand = c(0.525901843125749, 
0.525901843125749, 0.525901843125749, 0.525901843125749), sim_n = c(39L, 
39L, 39L, 39L)), .Names = c("var", "mean", "prop", "rand_var", 
"mean_rand", "sim_n"), class = c("tbl_df", "tbl", "data.frame"
), row.names = c(NA, -4L)), summ_stan_df = structure(list(shape1 = 3.59479866750126, 
    shape2 = 4.14184177641121, stretch = 1.4127433612932, x_min = -0.285799084833817, 
    x_max = 4.84891942609096, maxima = 2.91122274212568, rep = 39L), .Names = c("shape1", 
"shape2", "stretch", "x_min", "x_max", "maxima", "rep"), class = c("tbl_df", 
"tbl", "data.frame"), row.names = c(NA, -1L))), .Names = c("lm_df", 
"lasso_df", "summ_stan_df"))
run_x <-
structure(list(lasso_df = structure(list(var = c("maxima", "stretch", 
"x_max", "x_min"), mean = c(0.154985577053595, 0.253158950046909, 
-0.153526332725482, -0.117447005457655), prop = c(0.1125, 0.3325, 
0, 0.0175), rand_var = c(1.53701182740951, 1.53701182740951, 
1.53701182740951, 1.53701182740951), mean_rand = c(0.525901843125749, 
0.525901843125749, 0.525901843125749, 0.525901843125749), sim_n = c(39L, 
39L, 39L, 39L)), .Names = c("var", "mean", "prop", "rand_var", 
"mean_rand", "sim_n"), class = c("tbl_df", "tbl", "data.frame"
), row.names = c(NA, -4L)), lasso_depth = structure(list(draw = 1:400, 
    `(Intercept)` = c(-0.0657817514722057, -0.0602941277233762, 
    -0.0445731245923591, -0.0487167757468495, -0.0390492766701661, 
    -0.0524833638457548, -0.0366995989069316, -0.0509312848409975, 
    -0.0648198597489907, -0.0571861621364759, -0.0551826251401738, 
    -0.0632478782349221, -0.071585948354445, -0.0472005318677331, 
    -0.0717200353220006, -0.0529383641905576, -0.065794999844408, 
    -0.0666130952380953, -0.0381875867437518, -0.055959725202564, 
    -0.0631742639230244, -0.0571375162077009, -0.0377652740527421, 
    -0.053099622012433, -0.0550333627413009, -0.0633530838351431, 
    -0.0710103101883372, -0.0636995635301163, -0.0679123377702016, 
    -0.0666130952380953, -0.044372684955506, -0.0611371195259837, 
    -0.0562348059718803, -0.0692809871567445, -0.0734677246795611, 
    -0.0583660312467303, -0.0634307679981191, -0.057854837960688, 
    -0.068790924720559, -0.0560760606876921, -0.0666130952380953, 
    -0.0506179158917931, -0.0600920826411157, -0.0519135842620065, 
    -0.05757235129758, -0.0389322312596527, -0.0667249978925273, 
    -0.0523780072489715, -0.0666130952380953, -0.0538493546530795, 
    -0.0624650832010365, -0.0657133363783678, -0.0620111907277654, 
    -0.0787425880909642, -0.0796986301845631, -0.0611517032944887, 
    -0.0579225380860178, -0.0617350380975463, -0.0801536601338595, 
    -0.0558715625338306, -0.0319947577831562, -0.0715887377344603, 
    -0.067887868799971, -0.050030003025581, -0.0474856731752554, 
    -0.0598184342453204, -0.0666130952380953, -0.0666130952380953, 
    -0.0772172506153432, -0.0702467251643877, -0.0650991022376273, 
    -0.0623002960223339, -0.0638356952294754, -0.0709744430025493, 
    -0.0354698686181954, -0.0510616845178309, -0.0639441357438212, 
    -0.0418827216957043, -0.0683676037905389, -0.0305737327610785, 
    -0.0718307200265988, -0.064461168168083, -0.0550777173475936, 
    -0.0611356514128886, -0.0477150059833351, -0.068342399541397, 
    -0.0549961739965715, -0.0451291311753025, -0.0666130952380953, 
    -0.0473578878227787, -0.0569755931169458, -0.0666130952380953, 
    -0.0644460609353368, -0.0476378525107725, -0.0635368225423694, 
    -0.0649973532452666, -0.0653094959264725, -0.0611273907806506, 
    -0.0639593170093847, -0.0574200947366511, -0.0413812927981674, 
    -0.049195680858221, -0.0839864588718789, -0.0518512332205403, 
    -0.0658938227169926, -0.0588883755748383, -0.0801001088100806, 
    -0.0601467627154969, -0.0540979402440377, -0.0575314864615124, 
    -0.0531120680355272, -0.0517192067723437, -0.0484025927058289, 
    -0.0327562551074723, -0.0691709100819692, -0.0612448011526488, 
    -0.0408149845498047, -0.0702373866055856, -0.0515009260917497, 
    -0.0530150833326754, -0.0654440744117089, -0.051523121872443, 
    -0.0666130952380953, -0.061908286523097, -0.0490011444973837, 
    -0.0794885042045177, -0.04319578483829, -0.0644013219872252, 
    -0.041742031918287, -0.0666130952380953, -0.0758123390981733, 
    -0.0485813385690305, -0.0431717274320319, -0.0652573151876124, 
    -0.0552189370026773, -0.0570137734933039, -0.0606848799438165, 
    -0.0583008781738135, -0.0561229961273314, -0.0666130952380953, 
    -0.0471010288084792, -0.0619393950102872, -0.0693801122609002, 
    -0.0443755331891725, -0.0499314667010568, -0.0545682274323666, 
    -0.0767060997897989, -0.0681358497540925, -0.0655737436199966, 
    -0.0642292547316075, -0.0442703328565618, -0.0601561270605514, 
    -0.0574204413597438, -0.0563828916435753, -0.0444104006125945, 
    -0.0617642872953825, -0.0295939707819187, -0.0423288729331954, 
    -0.0642833311416494, -0.0486895473659262, -0.0683059839239078, 
    -0.0378223856431123, -0.0728406327019281, -0.0708800889109086, 
    -0.0476660559425906, -0.0637022955079864, -0.0605118076987901, 
    -0.0533997432903331, -0.0640625620048161, -0.0627776200593436, 
    -0.0601370090594548, -0.0629892792181905, -0.0558083791535811, 
    -0.0694763914416108, -0.0644380925864708, -0.0498619063704244, 
    -0.0666130952380953, -0.0637000646892127, -0.0692862544978083, 
