run_x <-
structure(list(lm_df = structure(list(term = c("maxima_sc", "stretch_sc", 
"x_max_sc", "x_min_sc"), coef = c(0.0270567444034479, 0.0621797288011085, 
0.0145093213854626, -0.00273264405691108), p_value = c(0.115336392077464, 
0.00217047960990463, 0.2088990632085, 0.337243416078824), rand_var = c(0.689245125722994, 
0.689245125722994, 0.689245125722994, 0.689245125722994), mean_rand = c(-0.346968199533407, 
-0.346968199533407, -0.346968199533407, -0.346968199533407), 
    sim_n = c(18L, 18L, 18L, 18L)), .Names = c("term", "coef", 
"p_value", "rand_var", "mean_rand", "sim_n"), class = c("tbl_df", 
"tbl", "data.frame"), row.names = c(NA, -4L)), lasso_df = structure(list(
    var = c("maxima", "stretch", "x_max", "x_min"), mean = c(0.140082479695132, 
    0.601480243780681, -0.0422232232004049, 0.0144420453817493
    ), prop = c(0.105, 0.5775, 0.01, 0.06), rand_var = c(0.689245125722994, 
    0.689245125722994, 0.689245125722994, 0.689245125722994), 
    mean_rand = c(-0.346968199533407, -0.346968199533407, -0.346968199533407, 
    -0.346968199533407), sim_n = c(18L, 18L, 18L, 18L)), .Names = c("var", 
"mean", "prop", "rand_var", "mean_rand", "sim_n"), class = c("tbl_df", 
"tbl", "data.frame"), row.names = c(NA, -4L)), summ_stan_df = structure(list(
    shape1 = 2.75644869071813, shape2 = 5.67480982543141, stretch = 1.39083320702559, 
    x_min = 0.179665505630752, x_max = 4.44921381099197, maxima = 2.14281946433971, 
    rep = 18L), .Names = c("shape1", "shape2", "stretch", "x_min", 
"x_max", "maxima", "rep"), class = c("tbl_df", "tbl", "data.frame"
), row.names = c(NA, -1L))), .Names = c("lm_df", "lasso_df", 
"summ_stan_df"))
run_x <-
structure(list(lm_df = structure(list(term = c("maxima_sc", "stretch_sc", 
"x_max_sc", "x_min_sc"), coef = c(0.0270567444034479, 0.0621797288011085, 
0.0145093213854626, -0.00273264405691108), p_value = c(0.115336392077464, 
0.00217047960990463, 0.2088990632085, 0.337243416078824), rand_var = c(0.689245125722994, 
0.689245125722994, 0.689245125722994, 0.689245125722994), mean_rand = c(-0.346968199533407, 
-0.346968199533407, -0.346968199533407, -0.346968199533407), 
    sim_n = c(18L, 18L, 18L, 18L)), .Names = c("term", "coef", 
"p_value", "rand_var", "mean_rand", "sim_n"), class = c("tbl_df", 
"tbl", "data.frame"), row.names = c(NA, -4L)), lasso_df = structure(list(
    var = c("maxima", "stretch", "x_max", "x_min"), mean = c(0.140082479695132, 
    0.601480243780681, -0.0422232232004049, 0.0144420453817493
    ), prop = c(0.105, 0.5775, 0.01, 0.06), rand_var = c(0.689245125722994, 
    0.689245125722994, 0.689245125722994, 0.689245125722994), 
    mean_rand = c(-0.346968199533407, -0.346968199533407, -0.346968199533407, 
    -0.346968199533407), sim_n = c(18L, 18L, 18L, 18L)), .Names = c("var", 
"mean", "prop", "rand_var", "mean_rand", "sim_n"), class = c("tbl_df", 
"tbl", "data.frame"), row.names = c(NA, -4L)), summ_stan_df = structure(list(
    shape1 = 2.75644869071813, shape2 = 5.67480982543141, stretch = 1.39083320702559, 
    x_min = 0.179665505630752, x_max = 4.44921381099197, maxima = 2.14281946433971, 
    rep = 18L), .Names = c("shape1", "shape2", "stretch", "x_min", 
"x_max", "maxima", "rep"), class = c("tbl_df", "tbl", "data.frame"
), row.names = c(NA, -1L))), .Names = c("lm_df", "lasso_df", 
"summ_stan_df"))
run_x <-
structure(list(lasso_df = structure(list(var = c("maxima", "stretch", 
"x_max", "x_min"), mean = c(0.319804296480877, 0.659584462867607, 
-0.0798420548642552, -0.0180565202021656), prop = c(0.0975, 0.5925, 
0.005, 0.055), rand_var = c(0.689245125722994, 0.689245125722994, 
0.689245125722994, 0.689245125722994), mean_rand = c(-0.346968199533407, 
-0.346968199533407, -0.346968199533407, -0.346968199533407), 
    sim_n = c(18L, 18L, 18L, 18L)), .Names = c("var", "mean", 
"prop", "rand_var", "mean_rand", "sim_n"), class = c("tbl_df", 
"tbl", "data.frame"), row.names = c(NA, -4L)), lasso_depth = structure(list(
    draw = 1:400, `(Intercept)` = c(-0.0659804881240364, -0.0513706993400756, 
    -0.0625631117364614, -0.068191094701295, -0.0637314422283283, 
    -0.0616951276556578, -0.0584181612061454, -0.0607464852472661, 
    -0.0638399465926433, -0.0706761431041424, -0.0579517262659226, 
    -0.0664258562966045, -0.066686191923378, -0.0787719978369496, 
    -0.0518399557430628, -0.0594689800812798, -0.0585163388872258, 
    -0.0690030722400935, -0.0600761942803232, -0.0620192712715931, 
    -0.0635059484155436, -0.0590464258161423, -0.0537648528247469, 
    -0.0528090681871206, -0.0583098368335385, -0.0588083903266013, 
    -0.0665550359906661, -0.062475148755838, -0.0559286267990172, 
    -0.0697723459541044, -0.0593583793165762, -0.0613680624018814, 
    -0.0557909550318985, -0.0650471599562969, -0.0666130952380953, 
    -0.0602343303645692, -0.0769501637923358, -0.0588049034345225, 
    -0.0580270934605524, -0.0666130952380953, -0.066946942279869, 
    -0.0774789204311929, -0.0677802463633408, -0.0695550219860003, 
    -0.0627544170712716, -0.0666130952380953, -0.0638164293505, 
    -0.0685431096544843, -0.0354099472876458, -0.0666130952380953, 
    -0.0648586580728111, -0.0672584998130644, -0.0602965349809853, 
    -0.0666130952380953, -0.0704964762911224, -0.0637624388044308, 
    -0.0666130952380953, -0.0644359399359283, -0.0716905766740045, 
    -0.0689025899178734, -0.0692586064234769, -0.0641429639177069, 
    -0.066022973263132, -0.0666130952380953, -0.0731561328507123, 
    -0.0623664272983056, -0.0590211375342803, -0.0659075886683188, 
    -0.0703126848939561, -0.0782517797850375, -0.0574961368442778, 
    -0.0555716070676353, -0.061027491293833, -0.0648165882853414, 
    -0.0587051449332306, -0.0515444357995116, -0.0662725196882179, 
    -0.0515091542551353, -0.0641413088443825, -0.0619882273374662, 
    -0.0672561443968173, -0.0667838106674779, -0.0629141522835492, 
    -0.0666130952380953, -0.0623329518677427, -0.0654955935555955, 
    -0.0647137544162554, -0.0643822468862251, -0.0627959832226709, 
    -0.0649672229918937, -0.061717872708253, -0.0730690363469925, 
    -0.0561338896706436, -0.0657178415058175, -0.0666130952380953, 
    -0.0608312205671899, -0.0545854867724237, -0.0571838774385523, 
    -0.0678781849165645, -0.0656824810458536, -0.0706629297063591, 
    -0.0598081898961186, -0.0561277543099221, -0.0593553724113834, 
    -0.0658992910803469, -0.0582966231293789, -0.0707595315392408, 
    -0.0694741636610817, -0.0666130952380953, -0.0604113920431043, 
    -0.0533736423238115, -0.0702606556030422, -0.0455138946768554, 
    -0.0616584073351162, -0.0676240747793674, -0.0639380710236368, 
    -0.0666130952380953, -0.0600541781620456, -0.0627313126757213, 
    -0.0666130952380953, -0.0949770557851777, -0.0751984416755865, 
    -0.0589782133060663, -0.0572277722290413, -0.0746750720508161, 
    -0.066197469956649, -0.0584630851708471, -0.0798545498851078, 
    -0.0666130952380953, -0.0760311261181907, -0.0635698947251932, 
    -0.0838043791238539, -0.064728580753438, -0.0666130952380953, 
    -0.0628385999076466, -0.0666130952380953, -0.0754154260407369, 
    -0.0619828259859607, -0.062451528873224, -0.0556378951668698, 
    -0.0666633714207724, -0.045748184915626, -0.0710823592642046, 
    -0.0609058734884835, -0.0721916150118809, -0.0884103409996965, 
    -0.0666130952380953, -0.0666130952380953, -0.0666130952380953, 
    -0.055480799795408, -0.068649385726768, -0.0673086747341475, 
    -0.0605381681840288, -0.0666130952380953, -0.0668762847033012, 
    -0.0618255282032097, -0.0666130952380953, -0.0789559523844989, 
    -0.0852392020063222, -0.0785886909069237, -0.0596795101314756, 
    -0.074514542942884, -0.0666130952380953, -0.0666130952380953, 
    -0.0668712639331024, -0.0520085578462023, -0.0517341588831918, 
    -0.0665447456828799, -0.0666130952380953, -0.0690971372493486, 
    -0.0666130952380953, -0.058696047708929, -0.0741240548902126, 
    -0.0496803411909118, -0.0641383983478529, -0.0575211010268983, 
