run_x <-
structure(list(lm_df = structure(list(term = c("maxima_sc", "stretch_sc", 
"x_max_sc", "x_min_sc"), coef = c(0.0615258605276185, 0.0529961121482512, 
-0.028041793112423, -0.0296519284722325), p_value = c(0.0504000432437231, 
0.00995499359901227, 0.161566657846254, 0.0698153466637648), 
    rand_var = c(0.406431399016254, 0.406431399016254, 0.406431399016254, 
    0.406431399016254), mean_rand = c(-0.165660336778705, -0.165660336778705, 
    -0.165660336778705, -0.165660336778705), sim_n = c(11L, 11L, 
    11L, 11L)), .Names = c("term", "coef", "p_value", "rand_var", 
"mean_rand", "sim_n"), class = c("tbl_df", "tbl", "data.frame"
), row.names = c(NA, -4L)), lasso_df = structure(list(var = c("maxima", 
"stretch", "x_max", "x_min"), mean = c(0.608592411375167, 0.289010827734129, 
-0.482303967628874, -0.349337846095056), prop = c(0.2, 0.2475, 
0, 0.02), rand_var = c(0.406431399016254, 0.406431399016254, 
0.406431399016254, 0.406431399016254), mean_rand = c(-0.165660336778705, 
-0.165660336778705, -0.165660336778705, -0.165660336778705), 
    sim_n = c(11L, 11L, 11L, 11L)), .Names = c("var", "mean", 
"prop", "rand_var", "mean_rand", "sim_n"), class = c("tbl_df", 
"tbl", "data.frame"), row.names = c(NA, -4L)), summ_stan_df = structure(list(
    shape1 = 3.87246307922149, shape2 = 3.42618456349849, stretch = 1.02004484555651, 
    x_min = -0.713886978738582, x_max = 3.91446469123517, maxima = 2.39414393894484, 
    rep = 11L), .Names = c("shape1", "shape2", "stretch", "x_min", 
"x_max", "maxima", "rep"), class = c("tbl_df", "tbl", "data.frame"
), row.names = c(NA, -1L))), .Names = c("lm_df", "lasso_df", 
"summ_stan_df"))
run_x <-
structure(list(lm_df = structure(list(term = c("maxima_sc", "stretch_sc", 
"x_max_sc", "x_min_sc"), coef = c(0.0615258605276185, 0.0529961121482512, 
-0.028041793112423, -0.0296519284722325), p_value = c(0.0504000432437231, 
0.00995499359901227, 0.161566657846254, 0.0698153466637648), 
    rand_var = c(0.406431399016254, 0.406431399016254, 0.406431399016254, 
    0.406431399016254), mean_rand = c(-0.165660336778705, -0.165660336778705, 
    -0.165660336778705, -0.165660336778705), sim_n = c(11L, 11L, 
    11L, 11L)), .Names = c("term", "coef", "p_value", "rand_var", 
"mean_rand", "sim_n"), class = c("tbl_df", "tbl", "data.frame"
), row.names = c(NA, -4L)), lasso_df = structure(list(var = c("maxima", 
"stretch", "x_max", "x_min"), mean = c(0.608592411375167, 0.289010827734129, 
-0.482303967628874, -0.349337846095056), prop = c(0.2, 0.2475, 
0, 0.02), rand_var = c(0.406431399016254, 0.406431399016254, 
0.406431399016254, 0.406431399016254), mean_rand = c(-0.165660336778705, 
-0.165660336778705, -0.165660336778705, -0.165660336778705), 
    sim_n = c(11L, 11L, 11L, 11L)), .Names = c("var", "mean", 
"prop", "rand_var", "mean_rand", "sim_n"), class = c("tbl_df", 
"tbl", "data.frame"), row.names = c(NA, -4L)), summ_stan_df = structure(list(
    shape1 = 3.87246307922149, shape2 = 3.42618456349849, stretch = 1.02004484555651, 
    x_min = -0.713886978738582, x_max = 3.91446469123517, maxima = 2.39414393894484, 
    rep = 11L), .Names = c("shape1", "shape2", "stretch", "x_min", 
"x_max", "maxima", "rep"), class = c("tbl_df", "tbl", "data.frame"
), row.names = c(NA, -1L))), .Names = c("lm_df", "lasso_df", 
"summ_stan_df"))
