run_x <-
structure(list(lm_df = structure(list(term = c("maxima_sc", "stretch_sc", 
"x_max_sc", "x_min_sc"), coef = c(-0.0380708581417775, 0.0350392529519869, 
-4.62283517916281e-05, -0.00224967822756433), p_value = c(0.0964672650587621, 
0.0364369083699956, 0.157966201415136, 0.140162705361815), rand_var = c(3.76849697457035, 
3.76849697457035, 3.76849697457035, 3.76849697457035), mean_rand = c(-1.17542876567859, 
-1.17542876567859, -1.17542876567859, -1.17542876567859), sim_n = c(95L, 
95L, 95L, 95L)), .Names = c("term", "coef", "p_value", "rand_var", 
"mean_rand", "sim_n"), class = c("tbl_df", "tbl", "data.frame"
), row.names = c(NA, -4L)), lasso_df = structure(list(var = c("maxima", 
"stretch", "x_max", "x_min"), mean = c(-0.480456033325632, 0.217940607546447, 
-0.0570937274360918, 0.173952054510652), prop = c(0.0025, 0.195, 
0.045, 0.095), rand_var = c(3.76849697457035, 3.76849697457035, 
3.76849697457035, 3.76849697457035), mean_rand = c(-1.17542876567859, 
-1.17542876567859, -1.17542876567859, -1.17542876567859), sim_n = c(95L, 
95L, 95L, 95L)), .Names = c("var", "mean", "prop", "rand_var", 
"mean_rand", "sim_n"), class = c("tbl_df", "tbl", "data.frame"
), row.names = c(NA, -4L)), summ_stan_df = structure(list(shape1 = 3.89158077166458, 
    shape2 = 4.54562985121755, stretch = 1.12606611117083, x_min = -1.01185946173383, 
    x_max = 3.23302021674959, maxima = 1.63066450761757, rep = 95L), .Names = c("shape1", 
"shape2", "stretch", "x_min", "x_max", "maxima", "rep"), class = c("tbl_df", 
"tbl", "data.frame"), row.names = c(NA, -1L))), .Names = c("lm_df", 
"lasso_df", "summ_stan_df"))
run_x <-
structure(list(lm_df = structure(list(term = c("maxima_sc", "stretch_sc", 
"x_max_sc", "x_min_sc"), coef = c(-0.0380708581417775, 0.0350392529519869, 
-4.62283517916281e-05, -0.00224967822756433), p_value = c(0.0964672650587621, 
0.0364369083699956, 0.157966201415136, 0.140162705361815), rand_var = c(3.76849697457035, 
3.76849697457035, 3.76849697457035, 3.76849697457035), mean_rand = c(-1.17542876567859, 
-1.17542876567859, -1.17542876567859, -1.17542876567859), sim_n = c(95L, 
95L, 95L, 95L)), .Names = c("term", "coef", "p_value", "rand_var", 
"mean_rand", "sim_n"), class = c("tbl_df", "tbl", "data.frame"
), row.names = c(NA, -4L)), lasso_df = structure(list(var = c("maxima", 
"stretch", "x_max", "x_min"), mean = c(-0.480456033325632, 0.217940607546447, 
-0.0570937274360918, 0.173952054510652), prop = c(0.0025, 0.195, 
0.045, 0.095), rand_var = c(3.76849697457035, 3.76849697457035, 
3.76849697457035, 3.76849697457035), mean_rand = c(-1.17542876567859, 
-1.17542876567859, -1.17542876567859, -1.17542876567859), sim_n = c(95L, 
95L, 95L, 95L)), .Names = c("var", "mean", "prop", "rand_var", 
"mean_rand", "sim_n"), class = c("tbl_df", "tbl", "data.frame"
), row.names = c(NA, -4L)), summ_stan_df = structure(list(shape1 = 3.89158077166458, 
    shape2 = 4.54562985121755, stretch = 1.12606611117083, x_min = -1.01185946173383, 
    x_max = 3.23302021674959, maxima = 1.63066450761757, rep = 95L), .Names = c("shape1", 
"shape2", "stretch", "x_min", "x_max", "maxima", "rep"), class = c("tbl_df", 
"tbl", "data.frame"), row.names = c(NA, -1L))), .Names = c("lm_df", 
"lasso_df", "summ_stan_df"))
run_x <-
structure(list(lasso_df = structure(list(var = c("maxima", "stretch", 
"x_max", "x_min"), mean = c(-0.156384578195787, 0.188537275169929, 
-0.26391482756015, -0.0716583357031104), prop = c(0.0175, 0.165, 
0.025, 0.055), rand_var = c(3.76849697457035, 3.76849697457035, 
3.76849697457035, 3.76849697457035), mean_rand = c(-1.17542876567859, 
-1.17542876567859, -1.17542876567859, -1.17542876567859), sim_n = c(95L, 
95L, 95L, 95L)), .Names = c("var", "mean", "prop", "rand_var", 
"mean_rand", "sim_n"), class = c("tbl_df", "tbl", "data.frame"
), row.names = c(NA, -4L)), lasso_depth = structure(list(draw = 1:400, 
    `(Intercept)` = c(-0.0666130952380953, -0.049666373933235, 
    -0.0723300000436794, -0.0666130952380953, -0.0666130952380953, 
    -0.0666130952380953, -0.0781035670425586, -0.0738695392978458, 
    -0.0867223521034917, -0.0666130952380953, -0.0666130952380953, 
    -0.0565100781089876, -0.0666130952380953, -0.10796087318675, 
    -0.0838478417294883, -0.0666130952380953, -0.0666130952380953, 
    -0.0698354042903212, -0.0666130952380953, -0.053563290781711, 
    -0.0338639607336708, -0.124322013070101, -0.0586307868357057, 
    -0.0666130952380953, -0.0666130952380953, -0.0666130952380953, 
    -0.0666130952380953, -0.0666130952380953, -0.0653712825509908, 
    -0.0540424039338472, -0.0666130952380953, -0.0666130952380953, 
    -0.0666130952380953, -0.0522664162660086, -0.0871899974054296, 
    -0.0344194668032294, -0.0812413481682103, -0.0582110674173664, 
    -0.0728571808878125, -0.0456036862234181, -0.0666130952380953, 
    -0.0863430329588954, -0.0666130952380953, -0.0780465089605305, 
    -0.0521012487522685, -0.0666130952380953, -0.0371627997069258, 
    -0.0666130952380953, -0.0407732569470211, -0.122906884809668, 
    -0.0650853619780804, -0.0949421915482752, -0.0666130952380953, 
    -0.0666130952380953, -0.0786067219059524, -0.0666130952380953, 
    -0.0484230827930079, -0.0666130952380953, -0.057073422189022, 
    -0.0777172082194035, -0.0545871278671679, -0.0511892986807278, 
    -0.173377169434425, -0.0666130952380953, -0.0608737287595419, 
    -0.129633835136877, -0.0547733641479779, -0.0753478022367375, 
    -0.0666130952380953, -0.0514838640217674, -0.0531628144989697, 
    -0.0482734659427718, -0.0666130952380953, -0.0575681395240868, 
    -0.101757824178957, -0.0666130952380953, -0.176912831591912, 
    -0.0641088399376592, -0.0666130952380953, -0.0666130952380953, 
    -0.0666130952380953, -0.0666130952380953, -0.0666130952380953, 
    -0.0666130952380953, -0.0712930223619452, -0.0666130952380953, 
    -0.0519052094235687, -0.113812464960556, -0.037514841777676, 
    -0.0659735561181735, -0.0606612853119733, -0.0637493993836031, 
    -0.0666130952380953, -0.0584953344214678, -0.079652511126834, 
    -0.0895339555613172, -0.0544749324971637, -0.0666130952380953, 
    -0.0666130952380953, -0.0666130952380953, -0.0723957448297055, 
    -0.0776041581298808, -0.0625377835085646, -0.0666130952380953, 
    -0.0666130952380953, -0.112545599320569, -0.049862075220426, 
    -0.0529488322484891, -0.0678970378508644, -0.0618043094975713, 
    -0.0733105123542009, -0.0666130952380953, -0.0499487648107068, 
    -0.0486332398254152, -0.0893832883668747, -0.0668941262063605, 
    -0.0653882726328321, -0.0336061805655627, -0.0666130952380953, 
    -0.0666130952380953, -0.0602007087604515, -0.0666130952380953, 
    -0.0666130952380953, -0.0433602497044198, -0.0104087745366291, 
    -0.0457308551637295, -0.0666130952380953, -0.051960586008003, 
    -0.0566337172516391, -0.0666130952380953, -0.018777048219623, 
    -0.070088050606429, 0.0117673078438117, -0.0611288199233296, 
    -0.0666130952380953, -0.0421978497944577, -0.0666130952380953, 
    -0.0666130952380953, -0.0666130952380953, -0.0666130952380953, 
    -0.0666130952380953, -0.0460057364281398, 0.0281682429082262, 
    -0.0359113747457705, -0.0838854328086601, -0.0666130952380953, 
    -0.0666130952380953, -0.0380886788401211, -0.058318259124847, 
    -0.0447326553717959, -0.0652510404432492, -0.0647740551217297, 
    -0.0150934337937507, -0.0505276776198341, -0.0529381192120947, 
    -0.0355105271512055, -0.0666130952380953, -0.0448646714578393, 
    -0.0533932391800234, -0.0666130952380953, -0.0666130952380953, 
    -0.0666130952380953, -0.0594657576965767, -0.0666130952380953, 
    -0.0732820317344497, -0.0999117158581497, -0.0725173879962103, 
    -0.0666130952380953, -0.0666130952380953, -0.0661313424380829, 
    -0.0666130952380953, -0.0465790966396797, -0.0511949020945377, 
    -0.0157659298953672, -0.0705796024324287, -0.0145533602618323, 
    -0.0666130952380953, -0.065391193388545, -0.0684735766255908, 
    -0.0666130952380953, -0.0666130952380953, -0.0666130952380953, 
