run_x <-
structure(list(lm_df = structure(list(term = c("maxima_sc", "stretch_sc", 
"x_max_sc", "x_min_sc"), coef = c(0.00500661186938653, 0.0641084505355289, 
-0.00986066942640054, -0.0146999317774208), p_value = c(0.286778496033728, 
0.00133319386279296, 0.273295156439503, 0.224219096298995), rand_var = c(2.95498638962047, 
2.95498638962047, 2.95498638962047, 2.95498638962047), mean_rand = c(-1.08109466927305, 
-1.08109466927305, -1.08109466927305, -1.08109466927305), sim_n = c(74L, 
74L, 74L, 74L)), .Names = c("term", "coef", "p_value", "rand_var", 
"mean_rand", "sim_n"), class = c("tbl_df", "tbl", "data.frame"
), row.names = c(NA, -4L)), lasso_df = structure(list(var = c("maxima", 
"stretch", "x_max", "x_min"), mean = c(0.212052624357527, 0.42697875866915, 
-0.328221134755058, -0.0942849907632543), prop = c(0.0975, 0.465, 
0.0075, 0.1225), rand_var = c(2.95498638962047, 2.95498638962047, 
2.95498638962047, 2.95498638962047), mean_rand = c(-1.08109466927305, 
-1.08109466927305, -1.08109466927305, -1.08109466927305), sim_n = c(74L, 
74L, 74L, 74L)), .Names = c("var", "mean", "prop", "rand_var", 
"mean_rand", "sim_n"), class = c("tbl_df", "tbl", "data.frame"
), row.names = c(NA, -4L)), summ_stan_df = structure(list(shape1 = 3.15028378148115, 
    shape2 = 5.01262020924405, stretch = 0.930202809203054, x_min = 0.301772844893482, 
    x_max = 2.00253378305257, maxima = 1.21611560851878, rep = 74L), .Names = c("shape1", 
"shape2", "stretch", "x_min", "x_max", "maxima", "rep"), class = c("tbl_df", 
"tbl", "data.frame"), row.names = c(NA, -1L))), .Names = c("lm_df", 
"lasso_df", "summ_stan_df"))
run_x <-
structure(list(lm_df = structure(list(term = c("maxima_sc", "stretch_sc", 
"x_max_sc", "x_min_sc"), coef = c(0.00500661186938653, 0.0641084505355289, 
-0.00986066942640054, -0.0146999317774208), p_value = c(0.286778496033728, 
0.00133319386279296, 0.273295156439503, 0.224219096298995), rand_var = c(2.95498638962047, 
2.95498638962047, 2.95498638962047, 2.95498638962047), mean_rand = c(-1.08109466927305, 
-1.08109466927305, -1.08109466927305, -1.08109466927305), sim_n = c(74L, 
74L, 74L, 74L)), .Names = c("term", "coef", "p_value", "rand_var", 
"mean_rand", "sim_n"), class = c("tbl_df", "tbl", "data.frame"
), row.names = c(NA, -4L)), lasso_df = structure(list(var = c("maxima", 
"stretch", "x_max", "x_min"), mean = c(0.212052624357527, 0.42697875866915, 
-0.328221134755058, -0.0942849907632543), prop = c(0.0975, 0.465, 
0.0075, 0.1225), rand_var = c(2.95498638962047, 2.95498638962047, 
2.95498638962047, 2.95498638962047), mean_rand = c(-1.08109466927305, 
-1.08109466927305, -1.08109466927305, -1.08109466927305), sim_n = c(74L, 
74L, 74L, 74L)), .Names = c("var", "mean", "prop", "rand_var", 
"mean_rand", "sim_n"), class = c("tbl_df", "tbl", "data.frame"
), row.names = c(NA, -4L)), summ_stan_df = structure(list(shape1 = 3.15028378148115, 
    shape2 = 5.01262020924405, stretch = 0.930202809203054, x_min = 0.301772844893482, 
    x_max = 2.00253378305257, maxima = 1.21611560851878, rep = 74L), .Names = c("shape1", 
"shape2", "stretch", "x_min", "x_max", "maxima", "rep"), class = c("tbl_df", 
"tbl", "data.frame"), row.names = c(NA, -1L))), .Names = c("lm_df", 
"lasso_df", "summ_stan_df"))
run_x <-
structure(list(lasso_df = structure(list(var = c("maxima", "stretch", 
"x_max", "x_min"), mean = c(0.0219384297469481, 0.592273704255905, 
-0.27797597333844, 0.0263528919191161), prop = c(0.11, 0.5125, 
0.015, 0.1575), rand_var = c(2.95498638962047, 2.95498638962047, 
2.95498638962047, 2.95498638962047), mean_rand = c(-1.08109466927305, 
-1.08109466927305, -1.08109466927305, -1.08109466927305), sim_n = c(74L, 
74L, 74L, 74L)), .Names = c("var", "mean", "prop", "rand_var", 
"mean_rand", "sim_n"), class = c("tbl_df", "tbl", "data.frame"
), row.names = c(NA, -4L)), lasso_depth = structure(list(draw = 1:400, 
    `(Intercept)` = c(-0.0682926653568417, -0.07330178818491, 
    -0.0863869111165918, -0.0695306600975107, -0.0575346544396011, 
    -0.0489326843835612, -0.0760517900748654, -0.0738282847172561, 
    -0.0547487578686102, -0.0620694556423954, -0.0677582564720565, 
    -0.0690676996911764, -0.0777348666020184, -0.0646585608910077, 
    -0.0554706178590288, -0.0775196211632085, -0.0878143509616739, 
    -0.0572653244283557, -0.0667677333355672, -0.0748602656165298, 
    -0.070528028865722, -0.0711887836289177, -0.0628487318473479, 
    -0.0702011827133199, -0.0672404548132015, -0.132111570190134, 
    -0.0589773199101529, -0.0598831837101513, -0.0540028253213929, 
    -0.0681511735333695, -0.0735260403522149, -0.058875492983142, 
    -0.0574840805834281, -0.0734812434347413, -0.0652184615141439, 
    -0.066817214784836, -0.0722129523006608, -0.0596208890689398, 
    -0.0456202136719508, -0.0378111954070023, -0.0563169894406833, 
    -0.0777737811952794, -0.0719000972438116, -0.0618685300872047, 
    -0.0665600379836735, -0.0723099522333067, -0.0545606236167708, 
    -0.0524301822578053, -0.0625542664417095, -0.0731453958553652, 
    -0.0727679956227131, -0.0709356019350317, -0.0592370396030408, 
    -0.0710218886682479, -0.065306423570161, -0.0564659134574335, 
    -0.076700328920547, -0.0696460458523301, -0.0849022409495398, 
    -0.0608292902940465, -0.0571381402433447, -0.0755159893998859, 
    -0.0475811351334394, -0.0449456466739172, -0.12649023108236, 
    -0.0641619534105999, -0.0729337743210441, -0.0676203575693871, 
    -0.0767080559943904, -0.0441984796169409, -0.0698055320931838, 
    -0.0666130952380953, -0.0840654461483961, -0.0688269935166655, 
    -0.0550903378256386, -0.057657014465727, -0.0589484608645078, 
    -0.0542207847291748, -0.0681316095111444, -0.0826808321123301, 
    -0.0603380839539968, -0.0440758501742011, -0.0666130952380953, 
    -0.0675682071231802, -0.0630320171941326, -0.0669650320131775, 
    -0.0453112558247728, -0.0525551030620625, -0.0717602962071907, 
    -0.0649559966672386, -0.0677394848466007, -0.0620312656935998, 
    -0.0618851214647716, -0.0667725011115147, -0.0697155856255573, 
    -0.0666130952380953, -0.0747434161777455, -0.0382836695823019, 
    -0.0702213646500402, -0.0710578452109704, -0.0708599264537529, 
    -0.0659800351594187, -0.0683511098075832, -0.042285044066204, 
    -0.0666682063572977, -0.0666130952380953, -0.0780310751342327, 
    -0.0631023386453508, -0.0611520540258743, -0.0795030996181682, 
    -0.0361390371383891, -0.0724287939091291, -0.0641384142025609, 
    -0.0489888628249735, -0.066757471867854, -0.060566050823823, 
    -0.0654435734581071, -0.0541021446074047, -0.0639496272235476, 
    -0.0755408707536841, -0.0517976803938289, -0.0628825723779754, 
    -0.0713216221557611, -0.0656256766411225, -0.0651338218346528, 
    -0.0682265648388125, -0.0511089843407631, -0.0646505036880383, 
    -0.0749616739289283, -0.0626144615075187, -0.0719232552535534, 
    -0.0516564203318708, -0.0651888496197943, -0.0556516318975737, 
    -0.0743538029256587, -0.0715619844357872, -0.064902757733471, 
    -0.0590975777849558, -0.0655772808435525, -0.0684543886227, 
    -0.065144986389806, -0.0688617479897996, -0.0609564946316508, 
    -0.0673372083593617, -0.0988211834758319, -0.0836852170526889, 
    -0.0821667329856457, -0.0803246829789696, -0.0629482679331658, 
    -0.0761225616119387, -0.0503625476688574, -0.0653116830022602, 
    -0.0553554893390947, -0.100840356111921, -0.054728361091069, 
    -0.0708353924580955, -0.0729539893667528, -0.0571233176875156, 
    -0.0543043887769933, -0.069197058453004, -0.0793889018603278, 
    -0.0605769977056071, -0.0558605913701528, -0.0376487023857415, 
    -0.0646085544429683, -0.0510715303570882, -0.0569243116209852, 
    -0.0665045574184527, -0.0464585360345069, -0.0568882236223187, 
    -0.0711560867807726, -0.0716378865770305, -0.0777128403887087, 
    -0.076471970530216, -0.0585517679729433, -0.0704158591410128, 
    -0.0673910529249241, -0.0585468100437865, -0.0679005576128909, 
    -0.0633449682816054, -0.0690200542630044, -0.0657845398184473, 
