run_x <-
structure(list(lm_df = structure(list(term = c("maxima_sc", "stretch_sc", 
"x_max_sc", "x_min_sc"), coef = c(0.0390263016378663, 0.0702282644189236, 
-0.0232573581301581, -0.00365730205897282), p_value = c(0.0656473431735265, 
0.0027274967361332, 0.124737577911359, 0.216006154215933), rand_var = c(0.0430543574996468, 
0.0430543574996468, 0.0430543574996468, 0.0430543574996468), 
    mean_rand = c(-0.114748091854353, -0.114748091854353, -0.114748091854353, 
    -0.114748091854353), sim_n = c(2L, 2L, 2L, 2L)), .Names = c("term", 
"coef", "p_value", "rand_var", "mean_rand", "sim_n"), class = c("tbl_df", 
"tbl", "data.frame"), row.names = c(NA, -4L)), lasso_df = structure(list(
    var = c("maxima", "stretch", "x_max", "x_min"), mean = c(0.0396045586152534, 
    0.131662699537898, -0.154678564802653, -0.0569184276969219
    ), prop = c(0.03, 0.115, 0.0025, 0.02), rand_var = c(0.0430543574996468, 
    0.0430543574996468, 0.0430543574996468, 0.0430543574996468
    ), mean_rand = c(-0.114748091854353, -0.114748091854353, 
    -0.114748091854353, -0.114748091854353), sim_n = c(2L, 2L, 
    2L, 2L)), .Names = c("var", "mean", "prop", "rand_var", "mean_rand", 
"sim_n"), class = c("tbl_df", "tbl", "data.frame"), row.names = c(NA, 
-4L)), summ_stan_df = structure(list(shape1 = 3.33865497497549, 
    shape2 = 3.61760836743378, stretch = 0.881989860091923, x_min = -0.646402431017035, 
    x_max = 4.62299852864859, maxima = 2.63889505189302, rep = 2L), .Names = c("shape1", 
"shape2", "stretch", "x_min", "x_max", "maxima", "rep"), class = c("tbl_df", 
"tbl", "data.frame"), row.names = c(NA, -1L))), .Names = c("lm_df", 
"lasso_df", "summ_stan_df"))
run_x <-
structure(list(lm_df = structure(list(term = c("maxima_sc", "stretch_sc", 
"x_max_sc", "x_min_sc"), coef = c(0.0390263016378663, 0.0702282644189236, 
-0.0232573581301581, -0.00365730205897282), p_value = c(0.0656473431735265, 
0.0027274967361332, 0.124737577911359, 0.216006154215933), rand_var = c(0.0430543574996468, 
0.0430543574996468, 0.0430543574996468, 0.0430543574996468), 
    mean_rand = c(-0.114748091854353, -0.114748091854353, -0.114748091854353, 
    -0.114748091854353), sim_n = c(2L, 2L, 2L, 2L)), .Names = c("term", 
"coef", "p_value", "rand_var", "mean_rand", "sim_n"), class = c("tbl_df", 
"tbl", "data.frame"), row.names = c(NA, -4L)), lasso_df = structure(list(
    var = c("maxima", "stretch", "x_max", "x_min"), mean = c(0.0396045586152534, 
    0.131662699537898, -0.154678564802653, -0.0569184276969219
    ), prop = c(0.03, 0.115, 0.0025, 0.02), rand_var = c(0.0430543574996468, 
    0.0430543574996468, 0.0430543574996468, 0.0430543574996468
    ), mean_rand = c(-0.114748091854353, -0.114748091854353, 
    -0.114748091854353, -0.114748091854353), sim_n = c(2L, 2L, 
    2L, 2L)), .Names = c("var", "mean", "prop", "rand_var", "mean_rand", 
"sim_n"), class = c("tbl_df", "tbl", "data.frame"), row.names = c(NA, 
-4L)), summ_stan_df = structure(list(shape1 = 3.33865497497549, 
    shape2 = 3.61760836743378, stretch = 0.881989860091923, x_min = -0.646402431017035, 
    x_max = 4.62299852864859, maxima = 2.63889505189302, rep = 2L), .Names = c("shape1", 
"shape2", "stretch", "x_min", "x_max", "maxima", "rep"), class = c("tbl_df", 
"tbl", "data.frame"), row.names = c(NA, -1L))), .Names = c("lm_df", 
"lasso_df", "summ_stan_df"))
run_x <-
structure(list(lasso_df = structure(list(var = c("maxima", "stretch", 
"x_max", "x_min"), mean = c(0.0668114406187433, 0.080537125342312, 
-0.156325148951284, -0.0973282696131408), prop = c(0.06, 0.1175, 
0.0025, 0.0075), rand_var = c(0.0430543574996468, 0.0430543574996468, 
0.0430543574996468, 0.0430543574996468), mean_rand = c(-0.114748091854353, 
-0.114748091854353, -0.114748091854353, -0.114748091854353), 
    sim_n = c(2L, 2L, 2L, 2L)), .Names = c("var", "mean", "prop", 
"rand_var", "mean_rand", "sim_n"), class = c("tbl_df", "tbl", 
"data.frame"), row.names = c(NA, -4L)), lasso_depth = structure(list(
    draw = 1:400, `(Intercept)` = c(-0.0499864045566339, -0.0734408218132762, 
    -0.0620743625944122, -0.0657882719905447, -0.0604289703050445, 
    -0.063862966716204, -0.0641272766559677, -0.0582931971714283, 
    -0.0871969429616742, -0.0771422429761942, -0.0352704966600717, 
    -0.0496348781667178, -0.069991756396207, -0.0725489621886913, 
    -0.0583051174334061, -0.0562548683089444, -0.0594503069485746, 
    -0.0929266241077294, -0.0568727664014083, -0.0676611161897296, 
    -0.0632969099871306, -0.0624904499880786, -0.0363135771446868, 
    -0.0619653881721909, -0.0670124497921533, -0.066097428784798, 
    -0.0635029034313735, -0.0595606524740513, -0.0662542613615504, 
    -0.0669372038224771, -0.0853102440181449, -0.0753498320681533, 
    -0.0692722027865275, -0.0759756341597755, -0.0583701946544365, 
    -0.0548408266202179, -0.0556533736136346, -0.0938849604905021, 
    -0.0816658507805609, -0.0428518918479156, -0.0688827100435024, 
    -0.0532534718872527, -0.104302174179088, -0.0578870414033748, 
    -0.0564671157143194, -0.0573370413857751, -0.0372181237409559, 
    -0.0762568324872947, -0.0399504725509981, -0.071691315840337, 
    -0.0618744852953979, -0.0629734483563581, -0.0999323392925993, 
    -0.0547734458603787, -0.0625372817643831, -0.0885330349197267, 
    -0.066945491575739, -0.0752150546986896, -0.0638508041185917, 
    -0.0695251393507501, -0.0581374196387393, -0.064960567618346, 
    -0.0564909580584555, -0.0510602696375467, -0.0690250521013622, 
    -0.0540354750273518, -0.0584010730505876, -0.100453652876517, 
    -0.0613838937662397, -0.0585369781500257, -0.0650603996659214, 
    -0.071466997278924, -0.0475817370575583, -0.0539744251993619, 
    -0.0469215122547985, -0.0595518916187707, -0.0541911901552383, 
    -0.0458063666593289, -0.0603939793814441, -0.0513849704532398, 
    -0.0486193442750652, -0.0766096441237257, -0.0579069676944703, 
    -0.0745558754480269, -0.0538594382649874, -0.0666130952380953, 
    -0.067608682962863, -0.0619341322545038, -0.0455145634794596, 
    -0.0726960767932621, -0.0566583476443324, -0.0659876542244384, 
    -0.0661924152202192, -0.0675419330415443, -0.062972241872361, 
    -0.0814924268913586, -0.078563285578534, -0.0520309334843802, 
    -0.0617390535105836, -0.0644444059049453, -0.0602064422812436, 
    -0.0643098623121338, -0.0705634111826841, -0.0623622979913542, 
    -0.0837811642738054, -0.0702906999900735, -0.0655414694794532, 
    -0.0802930509814863, -0.0623413782884771, -0.0813878546029528, 
    -0.0613732115990833, -0.0500512015792896, -0.0590007357722029, 
    -0.0653031331360834, -0.0710480377533242, -0.0587431734523483, 
    -0.0677734242358618, -0.089745370212758, -0.064666301104244, 
    -0.0820880742486193, -0.0616824452352608, -0.0701070826386387, 
    -0.0674158994794059, -0.0628644242762397, -0.0630460009199939, 
    -0.0628306564070316, -0.0738228626296865, -0.062803832284846, 
    -0.050533097009134, -0.0719606990489031, -0.049129311789241, 
    -0.058110628480972, -0.0585820561259285, -0.0555197257089478, 
    -0.0625734640277434, -0.0648355312064943, -0.0636188185530035, 
    -0.0603240152347034, -0.0611209894473755, -0.0762214034698595, 
    -0.0573868287820459, -0.085591012460289, -0.0256614806193664, 
    -0.0732560014847525, -0.0583926159213728, -0.0547634932901759, 
    -0.0523217942800461, -0.036347113337576, -0.068318196131791, 
    -0.0635286808499212, -0.0467492432255652, -0.063820602218406, 
    -0.0646098564407404, -0.0948784998220466, -0.0684269318266298, 
    -0.0694016177891764, -0.0583658790351612, -0.0719928599993061, 
    -0.0482538160661968, -0.065312498425284, -0.0784524598407645, 
    -0.110462448918505, -0.0602567663564475, -0.0555739407313777, 
    -0.0623710542998317, -0.069919398108418, -0.0670828604352798, 
    -0.0668974808023946, -0.0627136053256619, -0.0638848090652825, 
    -0.0638583988614939, -0.0637780282943708, -0.0902068366487689, 
    -0.0687748071215762, -0.0622615890665404, -0.0616099685312421, 
