run_x <-
structure(list(lm_df = structure(list(term = c("maxima_sc", "stretch_sc", 
"x_max_sc", "x_min_sc"), coef = c(0.133273965814173, 0.0543217557538244, 
0.00572218818363625, -0.056420204428991), p_value = c(0.0120488650076084, 
0.00875896598566933, 0.0571089224008445, 0.0152525931604), rand_var = c(0.648790521887529, 
0.648790521887529, 0.648790521887529, 0.648790521887529), mean_rand = c(0.477767056695526, 
0.477767056695526, 0.477767056695526, 0.477767056695526), sim_n = c(17L, 
17L, 17L, 17L)), .Names = c("term", "coef", "p_value", "rand_var", 
"mean_rand", "sim_n"), class = c("tbl_df", "tbl", "data.frame"
), row.names = c(NA, -4L)), lasso_df = structure(list(var = c("maxima", 
"stretch", "x_max", "x_min"), mean = c(0.828654854298397, 0.0194969021983884, 
-0.210507879636894, -0.51943088923871), prop = c(0.215, 0.0425, 
0.0375, 0.0075), rand_var = c(0.648790521887529, 0.648790521887529, 
0.648790521887529, 0.648790521887529), mean_rand = c(0.477767056695526, 
0.477767056695526, 0.477767056695526, 0.477767056695526), sim_n = c(17L, 
17L, 17L, 17L)), .Names = c("var", "mean", "prop", "rand_var", 
"mean_rand", "sim_n"), class = c("tbl_df", "tbl", "data.frame"
), row.names = c(NA, -4L)), summ_stan_df = structure(list(shape1 = 3.82396882497374, 
    shape2 = 2.56208272589954, stretch = 1.16311444049993, x_min = -0.830096446672567, 
    x_max = 4.6181467680071, maxima = 3.16134712468245, rep = 17L), .Names = c("shape1", 
"shape2", "stretch", "x_min", "x_max", "maxima", "rep"), class = c("tbl_df", 
"tbl", "data.frame"), row.names = c(NA, -1L))), .Names = c("lm_df", 
"lasso_df", "summ_stan_df"))
run_x <-
structure(list(lm_df = structure(list(term = c("maxima_sc", "stretch_sc", 
"x_max_sc", "x_min_sc"), coef = c(0.133273965814173, 0.0543217557538244, 
0.00572218818363625, -0.056420204428991), p_value = c(0.0120488650076084, 
0.00875896598566933, 0.0571089224008445, 0.0152525931604), rand_var = c(0.648790521887529, 
0.648790521887529, 0.648790521887529, 0.648790521887529), mean_rand = c(0.477767056695526, 
0.477767056695526, 0.477767056695526, 0.477767056695526), sim_n = c(17L, 
17L, 17L, 17L)), .Names = c("term", "coef", "p_value", "rand_var", 
"mean_rand", "sim_n"), class = c("tbl_df", "tbl", "data.frame"
), row.names = c(NA, -4L)), lasso_df = structure(list(var = c("maxima", 
"stretch", "x_max", "x_min"), mean = c(0.828654854298397, 0.0194969021983884, 
-0.210507879636894, -0.51943088923871), prop = c(0.215, 0.0425, 
0.0375, 0.0075), rand_var = c(0.648790521887529, 0.648790521887529, 
0.648790521887529, 0.648790521887529), mean_rand = c(0.477767056695526, 
0.477767056695526, 0.477767056695526, 0.477767056695526), sim_n = c(17L, 
17L, 17L, 17L)), .Names = c("var", "mean", "prop", "rand_var", 
"mean_rand", "sim_n"), class = c("tbl_df", "tbl", "data.frame"
), row.names = c(NA, -4L)), summ_stan_df = structure(list(shape1 = 3.82396882497374, 
    shape2 = 2.56208272589954, stretch = 1.16311444049993, x_min = -0.830096446672567, 
    x_max = 4.6181467680071, maxima = 3.16134712468245, rep = 17L), .Names = c("shape1", 
"shape2", "stretch", "x_min", "x_max", "maxima", "rep"), class = c("tbl_df", 
"tbl", "data.frame"), row.names = c(NA, -1L))), .Names = c("lm_df", 
"lasso_df", "summ_stan_df"))
run_x <-
structure(list(lasso_df = structure(list(var = c("maxima", "stretch", 
"x_max", "x_min"), mean = c(0.239450919812449, -0.013737863171341, 
-0.0475145795500898, -0.390159878736604), prop = c(0.1, 0.0125, 
0.0275, 0), rand_var = c(0.648790521887529, 0.648790521887529, 
0.648790521887529, 0.648790521887529), mean_rand = c(0.477767056695526, 
0.477767056695526, 0.477767056695526, 0.477767056695526), sim_n = c(17L, 
17L, 17L, 17L)), .Names = c("var", "mean", "prop", "rand_var", 
"mean_rand", "sim_n"), class = c("tbl_df", "tbl", "data.frame"
), row.names = c(NA, -4L)), lasso_depth = structure(list(draw = 1:400, 
    `(Intercept)` = c(-0.0526602522250117, -0.0508223774540483, 
    -0.0663563207465647, -0.0781045860617062, -0.0666130952380953, 
    -0.0575519827405804, -0.0626995246777075, -0.0666130952380953, 
    -0.0723151302039823, -0.027535745517946, -0.0579933307988837, 
    -0.0666130952380953, -0.0613158070869812, -0.0441156638327857, 
    -0.0666130952380953, -0.0729937184212501, -0.0666130952380953, 
    -0.061886868779544, -0.0666130952380953, -0.0666130952380953, 
    -0.0633772985127889, -0.0666130952380953, -0.0290030627319218, 
    -0.0359378319291822, -0.060812928119225, -0.0653239604308802, 
    -0.0744289385160951, -0.0624220499724803, -0.0674681846444382, 
    -0.0666130952380953, -0.0666130952380953, -0.0666130952380953, 
    -0.0666130952380953, -0.0666130952380953, -0.0588285563787556, 
    -0.0716764601548108, -0.0475085836014207, -0.0666130952380953, 
    -0.0666130952380953, -0.063688595241109, -0.0642433909985699, 
    -0.0494677691771155, -0.0637629919443155, -0.0666130952380953, 
    -0.0607495461490636, -0.0772008508745796, -0.0757994282329883, 
    -0.0666130952380953, 0.0341612264239148, -0.0587103430212553, 
    -0.0568470158133086, -0.0629066073513193, -0.0421182727881914, 
    -0.0666130952380953, -0.0563477512298981, -0.0666130952380953, 
    -0.0666130952380953, -0.0602025317279827, -0.0666261090650431, 
    -0.0772573702575061, -0.0666130952380953, -0.0671108943479324, 
    -0.0666130952380953, -0.0521098021111704, -0.0747320449666857, 
    -0.0679197163168464, -0.0425372607966407, -0.0528370051108527, 
    -0.060255471973302, -0.0662376912640055, -0.0657083207743246, 
    -0.0666130952380953, -0.0605223489482191, -0.0630071635105678, 
    -0.0740214292863281, -0.0587437474352803, -0.0666130952380953, 
    -0.0682654161041756, -0.0666130952380953, -0.0728557109622132, 
    -0.0874481827975999, -0.0508915466605028, -0.0535344214645629, 
    -0.0616273011073458, -0.0666130952380953, -0.0542159791238842, 
    -0.0675019087546143, -0.0666130952380953, -0.0421106226481659, 
    -0.0770679635417924, -0.0666130952380953, -0.0644634391837742, 
    -0.0852218051633361, -0.0788586305447927, -0.0666130952380953, 
    -0.0662621743875242, -0.0368465604396746, -0.0611928906428663, 
    -0.0652326802070276, -0.0725903991760402, -0.0655769857784906, 
    -0.0666130952380953, -0.0575108132929251, -0.0666130952380953, 
    -0.0679505566527438, -0.0623211646057459, -0.0605525001034612, 
    -0.0680116444782358, -0.0677428308812037, -0.0511142571518804, 
    -0.0563569661213108, -0.0585308343965552, -0.0817015910266603, 
    -0.0644628301009809, -0.072527853602835, -0.0594478142455844, 
    -0.0648368121324102, -0.0666130952380953, -0.0599572493011548, 
    -0.0669427075227639, -0.0666130952380953, -0.0666130952380953, 
    -0.063708512441773, -0.0713226105028423, -0.0666130952380953, 
    -0.0638065382825562, -0.0667958500020918, -0.0677916242501526, 
    -0.0749486483528729, -0.0817321915353883, -0.0734698305680327, 
    -0.0659603119651333, -0.0666130952380953, -0.0666130952380953, 
    -0.0666130952380953, -0.0617239280156835, -0.0611650391050812, 
    -0.0667531046772092, -0.0666130952380953, -0.0666130952380953, 
    -0.0561456384252382, -0.0666130952380953, -0.0666130952380953, 
    -0.0629552749556725, -0.0627034570036835, -0.0666130952380953, 
    -0.0784562531304178, -0.0666704704247315, -0.0632746733207296, 
    -0.0666130952380953, -0.0600648022612056, -0.0666130952380953, 
    -0.0666130952380953, -0.0539611026923166, -0.0851132316100768, 
    -0.0625193762219499, -0.0666130952380953, -0.0592883470834441, 
    -0.0717380935772077, -0.0509196265967086, -0.0666130952380953, 
    -0.047194147695159, -0.0624524065007366, -0.062417020330654, 
    -0.0718752061120996, -0.0666130952380953, -0.0649825412926466, 
    -0.0576330550125014, -0.0620799127374847, -0.0666130952380953, 
    -0.0700552901783505, -0.0727709022913935, -0.060827411896267, 
    -0.0780985266156896, -0.055791842428183, -0.0566519585839358, 
    -0.0666130952380953, -0.0721143803669194, -0.0666130952380953, 
    -0.0630711287401919, -0.0739277895519399, -0.0584316234648688, 
