run_x <-
structure(list(lm_df = structure(list(term = c("maxima_sc", "stretch_sc", 
"x_max_sc", "x_min_sc"), coef = c(0.0495925017743518, 0.0707290944891291, 
-0.00636734738251587, -0.0126758776407411), p_value = c(0.0120799146566547, 
0.00127220916676257, 0.254640084161074, 0.0997347179415873), 
    rand_var = c(0.285334154453139, 0.285334154453139, 0.285334154453139, 
    0.285334154453139), mean_rand = c(0.153968211895102, 0.153968211895102, 
    0.153968211895102, 0.153968211895102), sim_n = c(8L, 8L, 
    8L, 8L)), .Names = c("term", "coef", "p_value", "rand_var", 
"mean_rand", "sim_n"), class = c("tbl_df", "tbl", "data.frame"
), row.names = c(NA, -4L)), lasso_df = structure(list(var = c("maxima", 
"stretch", "x_max", "x_min"), mean = c(0.0796628711167294, 0.224934077294826, 
-0.0294059180498972, 0.0132900157827909), prop = c(0.0625, 0.1975, 
0.005, 0.0175), rand_var = c(0.285334154453139, 0.285334154453139, 
0.285334154453139, 0.285334154453139), mean_rand = c(0.153968211895102, 
0.153968211895102, 0.153968211895102, 0.153968211895102), sim_n = c(8L, 
8L, 8L, 8L)), .Names = c("var", "mean", "prop", "rand_var", "mean_rand", 
"sim_n"), class = c("tbl_df", "tbl", "data.frame"), row.names = c(NA, 
-4L)), summ_stan_df = structure(list(shape1 = 3.51479057747131, 
    shape2 = 3.20469124746862, stretch = 1.0722643465082, x_min = -0.745972808813363, 
    x_max = 4.82660424566708, maxima = 2.99909735007522, rep = 8L), .Names = c("shape1", 
"shape2", "stretch", "x_min", "x_max", "maxima", "rep"), class = c("tbl_df", 
"tbl", "data.frame"), row.names = c(NA, -1L))), .Names = c("lm_df", 
"lasso_df", "summ_stan_df"))
run_x <-
structure(list(lm_df = structure(list(term = c("maxima_sc", "stretch_sc", 
"x_max_sc", "x_min_sc"), coef = c(0.0495925017743518, 0.0707290944891291, 
-0.00636734738251587, -0.0126758776407411), p_value = c(0.0120799146566547, 
0.00127220916676257, 0.254640084161074, 0.0997347179415873), 
    rand_var = c(0.285334154453139, 0.285334154453139, 0.285334154453139, 
    0.285334154453139), mean_rand = c(0.153968211895102, 0.153968211895102, 
    0.153968211895102, 0.153968211895102), sim_n = c(8L, 8L, 
    8L, 8L)), .Names = c("term", "coef", "p_value", "rand_var", 
"mean_rand", "sim_n"), class = c("tbl_df", "tbl", "data.frame"
), row.names = c(NA, -4L)), lasso_df = structure(list(var = c("maxima", 
"stretch", "x_max", "x_min"), mean = c(0.0796628711167294, 0.224934077294826, 
-0.0294059180498972, 0.0132900157827909), prop = c(0.0625, 0.1975, 
0.005, 0.0175), rand_var = c(0.285334154453139, 0.285334154453139, 
0.285334154453139, 0.285334154453139), mean_rand = c(0.153968211895102, 
0.153968211895102, 0.153968211895102, 0.153968211895102), sim_n = c(8L, 
8L, 8L, 8L)), .Names = c("var", "mean", "prop", "rand_var", "mean_rand", 
"sim_n"), class = c("tbl_df", "tbl", "data.frame"), row.names = c(NA, 
-4L)), summ_stan_df = structure(list(shape1 = 3.51479057747131, 
    shape2 = 3.20469124746862, stretch = 1.0722643465082, x_min = -0.745972808813363, 
    x_max = 4.82660424566708, maxima = 2.99909735007522, rep = 8L), .Names = c("shape1", 
"shape2", "stretch", "x_min", "x_max", "maxima", "rep"), class = c("tbl_df", 
"tbl", "data.frame"), row.names = c(NA, -1L))), .Names = c("lm_df", 
"lasso_df", "summ_stan_df"))
run_x <-
structure(list(lasso_df = structure(list(var = c("maxima", "stretch", 
"x_max", "x_min"), mean = c(0.070459104524136, 0.13036633244927, 
-0.137753099515279, -0.0995431526271378), prop = c(0.0625, 0.2075, 
0.0075, 0.0225), rand_var = c(0.285334154453139, 0.285334154453139, 
0.285334154453139, 0.285334154453139), mean_rand = c(0.153968211895102, 
0.153968211895102, 0.153968211895102, 0.153968211895102), sim_n = c(8L, 
8L, 8L, 8L)), .Names = c("var", "mean", "prop", "rand_var", "mean_rand", 
"sim_n"), class = c("tbl_df", "tbl", "data.frame"), row.names = c(NA, 
-4L)), lasso_depth = structure(list(draw = 1:400, `(Intercept)` = c(-0.0835549310285772, 
-0.0810434019141262, -0.0485033908940404, -0.0769985846825845, 
-0.0588739282669709, -0.061016194810194, -0.0675808598683274, 
-0.0859967416789288, -0.0649970590234284, -0.0569290888807515, 
-0.0861640194370435, -0.103468131834727, -0.068764671582868, 
-0.07006042643971, -0.0660000379924206, -0.0942238960049894, 
-0.0736707753720138, -0.0858161077344006, -0.0756126381668117, 
-0.062845287987205, -0.0647162798397458, -0.0802935607565669, 
-0.0629446936967703, -0.0666130952380953, -0.0661462642270523, 
-0.0606173852656859, -0.0615139483914022, -0.0695697377128731, 
-0.0630071366807174, -0.0749576226400359, -0.0668514862400162, 
-0.11557591902065, -0.0723457406759406, -0.0780332738167487, 
-0.0666130952380953, -0.0606938461188223, -0.0666130952380953, 
-0.0769686571702498, -0.0718693933679121, -0.0627409848657466, 
-0.06416237803758, -0.0623052750217513, -0.0702970897042449, 
-0.0629034933911522, -0.0677333161925965, -0.0706088135553537, 
-0.0712027801673407, -0.0654932824925814, -0.0644198239363757, 
-0.0675522487895088, -0.0840883827066253, -0.0676558176685809, 
-0.0612597947558565, -0.0660895620181946, -0.0666003348900512, 
-0.0772076648744296, -0.0654265891245555, -0.0646475062570081, 
-0.0699017723761896, -0.0421703996930734, -0.0807273366820663, 
-0.0762566929040193, -0.0603760550762248, -0.0564123852257579, 
-0.0779837896308532, -0.0632846091109114, -0.0705929160537054, 
-0.0715314102937729, -0.0666130952380953, -0.0593406057372333, 
-0.0666130952380953, -0.0939211639723932, -0.0647764130205394, 
-0.0657524097967748, -0.0884172250749554, -0.0598542371500811, 
-0.0883708606337299, -0.0836981401070235, -0.0770654464634822, 
-0.0620895373191899, -0.0654954085280041, -0.0604548873763219, 
-0.0585400287473637, -0.0716117561215788, -0.0666130952380953, 
-0.0797333560794299, -0.0739744903856557, -0.0755144972128146, 
-0.0653378418803113, -0.0773538880015029, -0.0731798415783583, 
-0.0635726495927603, -0.0718350342743121, -0.0666130952380953, 
-0.077755069792097, -0.0723633781557754, -0.0591404173921011, 
-0.0711020746345351, -0.0833492443519643, -0.0707681444809599, 
-0.0525364887750891, -0.0400977422631249, -0.0585374172914135, 
-0.055396329669775, -0.0755850137161346, -0.0603862846688622, 
-0.0613064612203629, -0.0496718816863781, -0.0656347034009686, 
-0.0701669453592733, -0.0570669577253696, -0.0319125993944663, 
-0.0693735949547204, -0.0625764494586587, -0.0593548252714159, 
-0.0569460223235622, -0.0666130952380953, -0.0873305873522721, 
-0.056085290659251, -0.0666130952380953, -0.0336368309736874, 
-0.081053154531878, -0.0610066260113544, -0.0644073079359133, 
-0.10566656091969, -0.098160991519481, -0.0635596159711311, -0.0663738176958808, 
-0.0651016363371328, -0.0552160577678934, -0.121770262660042, 
-0.0492030124285527, -0.0426983359674972, -0.0644804580056442, 
-0.0585415405081395, -0.0791638194869028, -0.0559125948497252, 
-0.0688633760672704, -0.0610663492186951, -0.0742373402222015, 
-0.0609173780478446, -0.0617708702937715, -0.104320688090242, 
-0.0683395567680124, -0.0509727934075047, -0.0714951785955346, 
-0.0733901125012633, -0.0647786289441761, -0.0753062395080902, 
-0.0576600924703745, -0.0610476172175935, -0.0634652154614885, 
-0.0680644285268005, -0.0575740751115253, -0.050474377352438, 
-0.0695416994018853, -0.0736201360601878, -0.0627009155359509, 
-0.0688824601772205, -0.0417613626618412, -0.0546731860738472, 
-0.0640794018838387, -0.0305606602190833, -0.0478318828115238, 
-0.0643937348352327, -0.0398211501303323, -0.0639269808768441, 
-0.0611195240490762, -0.0488864197451611, -0.0715423851005349, 
-0.0679936949203561, -0.104691697924709, -0.0666130952380953, 
-0.0784817078826382, -0.0676297989722232, -0.0774912245457333, 
-0.0621709323084913, -0.058411571679053, -0.0766237402405716, 
-0.0716986329864165, -0.0741750910261375, -0.0630431720463819, 
-0.0620002950906223, -0.0767132236994977, -0.0584188772452753, 
-0.0619534538483527, -0.061466481125404, -0.0518925432411479, 
-0.0657611489820087, -0.0717688311057165, -0.0678639040246628, 
