run_x <-
structure(list(lm_df = structure(list(term = c("maxima_sc", "stretch_sc", 
"x_max_sc", "x_min_sc"), coef = c(0.267195562899719, 0.0116770858237599, 
-0.280797606214578, -0.0647316464626275), p_value = c(0.0452531477348891, 
0.0255107595353075, 0.0363020967131735, 0.028704606998695), rand_var = c(2.02100809161881, 
2.02100809161881, 2.02100809161881, 2.02100809161881), mean_rand = c(0.503500844860745, 
0.503500844860745, 0.503500844860745, 0.503500844860745), sim_n = c(51L, 
51L, 51L, 51L)), .Names = c("term", "coef", "p_value", "rand_var", 
"mean_rand", "sim_n"), class = c("tbl_df", "tbl", "data.frame"
), row.names = c(NA, -4L)), lasso_df = structure(list(var = c("maxima", 
"stretch", "x_max", "x_min"), mean = c(0.906790122854094, 0.0401211756644252, 
-0.415717900122551, -0.206633763715154), prop = c(0.0675, 0.12, 
0.01, 0), rand_var = c(2.02100809161881, 2.02100809161881, 2.02100809161881, 
2.02100809161881), mean_rand = c(0.503500844860745, 0.503500844860745, 
0.503500844860745, 0.503500844860745), sim_n = c(51L, 51L, 51L, 
51L)), .Names = c("var", "mean", "prop", "rand_var", "mean_rand", 
"sim_n"), class = c("tbl_df", "tbl", "data.frame"), row.names = c(NA, 
-4L)), summ_stan_df = structure(list(shape1 = 5.60559810156469, 
    shape2 = 2.92428145620138, stretch = 2.88963247278342, x_min = -1.27581663428509, 
    x_max = 3.26550145930213, maxima = 2.48716770896593, rep = 51L), .Names = c("shape1", 
"shape2", "stretch", "x_min", "x_max", "maxima", "rep"), class = c("tbl_df", 
"tbl", "data.frame"), row.names = c(NA, -1L))), .Names = c("lm_df", 
"lasso_df", "summ_stan_df"))
run_x <-
structure(list(lm_df = structure(list(term = c("maxima_sc", "stretch_sc", 
"x_max_sc", "x_min_sc"), coef = c(0.267195562899719, 0.0116770858237599, 
-0.280797606214578, -0.0647316464626275), p_value = c(0.0452531477348891, 
0.0255107595353075, 0.0363020967131735, 0.028704606998695), rand_var = c(2.02100809161881, 
2.02100809161881, 2.02100809161881, 2.02100809161881), mean_rand = c(0.503500844860745, 
0.503500844860745, 0.503500844860745, 0.503500844860745), sim_n = c(51L, 
51L, 51L, 51L)), .Names = c("term", "coef", "p_value", "rand_var", 
"mean_rand", "sim_n"), class = c("tbl_df", "tbl", "data.frame"
), row.names = c(NA, -4L)), lasso_df = structure(list(var = c("maxima", 
"stretch", "x_max", "x_min"), mean = c(0.906790122854094, 0.0401211756644252, 
-0.415717900122551, -0.206633763715154), prop = c(0.0675, 0.12, 
0.01, 0), rand_var = c(2.02100809161881, 2.02100809161881, 2.02100809161881, 
2.02100809161881), mean_rand = c(0.503500844860745, 0.503500844860745, 
0.503500844860745, 0.503500844860745), sim_n = c(51L, 51L, 51L, 
51L)), .Names = c("var", "mean", "prop", "rand_var", "mean_rand", 
"sim_n"), class = c("tbl_df", "tbl", "data.frame"), row.names = c(NA, 
-4L)), summ_stan_df = structure(list(shape1 = 5.60559810156469, 
    shape2 = 2.92428145620138, stretch = 2.88963247278342, x_min = -1.27581663428509, 
    x_max = 3.26550145930213, maxima = 2.48716770896593, rep = 51L), .Names = c("shape1", 
"shape2", "stretch", "x_min", "x_max", "maxima", "rep"), class = c("tbl_df", 
"tbl", "data.frame"), row.names = c(NA, -1L))), .Names = c("lm_df", 
"lasso_df", "summ_stan_df"))
run_x <-
structure(list(lasso_df = structure(list(var = c("maxima", "stretch", 
"x_max", "x_min"), mean = c(1.11836658730933, 0.0223435792380215, 
-0.432122502387442, -0.382656580597025), prop = c(0.2575, 0.1575, 
0.3025, 0.0025), rand_var = c(2.02100809161881, 2.02100809161881, 
2.02100809161881, 2.02100809161881), mean_rand = c(0.503500844860745, 
0.503500844860745, 0.503500844860745, 0.503500844860745), sim_n = c(51L, 
51L, 51L, 51L)), .Names = c("var", "mean", "prop", "rand_var", 
"mean_rand", "sim_n"), class = c("tbl_df", "tbl", "data.frame"
), row.names = c(NA, -4L)), lasso_depth = structure(list(draw = 1:400, 
    `(Intercept)` = c(-0.0789304792645985, -0.0666130952380953, 
    -0.0666130952380953, -0.0524953612370746, -0.0291945312129716, 
    -0.0666130952380953, -0.0911708197978944, -0.109157423303285, 
    -0.0633851946884001, -0.0898013808193658, -0.054577731644257, 
    -0.0666130952380953, -0.0666130952380953, -0.0757850514020106, 
    -0.0666130952380953, -0.0666130952380953, -0.0666130952380953, 
    -0.0792882823296171, -0.0666130952380953, -0.0839988476022246, 
    -0.0717400081032643, -0.0585963854908931, -0.0666130952380953, 
    -0.0766919013349641, -0.0666130952380953, -0.0666130952380953, 
    -0.0695277018194144, -0.0666130952380953, -0.0428650152247049, 
    -0.0622854006410371, -0.0666130952380953, -0.0666130952380953, 
    -0.122003951715653, -0.0666130952380953, -0.0729181997915673, 
    -0.0760159917172464, -0.0666130952380953, -0.0666130952380953, 
    -0.0738513668819217, -0.071319905503658, -0.0822832605820955, 
    -0.0652861095489784, -0.0666130952380953, -0.0666130952380953, 
    -0.0776448938973222, -0.0650021199654078, -0.129434365894655, 
    -0.0259748379422587, -0.0714013459712552, -0.060697259897165, 
    -0.0666130952380953, -0.0666130952380953, -0.0752258770587768, 
    -0.0796072154402997, -0.0666130952380953, -0.0747149571793024, 
    -0.0524338601052981, -0.0666130952380953, -0.0924833824549079, 
    -0.0746721120857752, -0.0666130952380953, -0.0801437088092988, 
    -0.0666130952380953, -0.0666130952380953, -0.0666130952380953, 
    -0.020695357686484, -0.0639650528503339, -0.0666130952380953, 
    -0.0666130952380953, -0.0666130952380953, -0.0666130952380953, 
    -0.0666130952380953, -0.052840943987082, -0.0666130952380953, 
    -0.0954632927986398, -0.0666130952380953, -0.0666130952380953, 
    -0.0666130952380953, -0.105184739965081, -0.0666130952380953, 
    -0.113010164704961, -0.0666130952380953, -0.0908303387065879, 
    -0.0666130952380953, -0.0666130952380953, -0.119077861551418, 
    -0.0636459467760062, -0.123335538437984, -0.0666130952380953, 
    -0.0666130952380953, -0.0666130952380953, -0.060208922316139, 
    -0.100871040251555, -0.0666130952380953, -0.0666130952380953, 
    -0.0666130952380953, -0.130398012742375, -0.0666130952380953, 
    -0.0715798041500736, -0.0666130952380953, -0.0710039712780276, 
    -0.0666130952380953, -0.0666130952380953, -0.0568944820320995, 
    -0.0666130952380953, -0.0909996292658355, -0.0705846035150414, 
    -0.0666130952380953, -0.0666130952380953, -0.0734802893965503, 
    -0.0629069375200646, -0.0347357618009161, -0.0852483573224645, 
    -0.0634968601349226, -0.0666130952380953, -0.152561635300461, 
    -0.146030077735035, -0.0666130952380953, -0.0666130952380953, 
    -0.0136305378719177, -0.0605455583360684, -0.0611780149844698, 
    -0.0666130952380953, -0.0348934364868176, -0.0666130952380953, 
    -0.0558124993630411, -0.0666130952380953, -0.0707600932855637, 
    -0.0666130952380953, -0.095705033235322, -0.0895865077020474, 
    -0.0666130952380953, -0.0769675218596575, -0.0898531493930848, 
    -0.0793535663484063, -0.0944995804517563, -0.0666130952380953, 
    -0.0825514293326451, -0.0931513058775868, -0.0434328991806909, 
    -0.0904922315840247, -0.0666130952380953, -0.0735425471412507, 
    -0.0730559343209138, -0.0666130952380953, -0.0666130952380953, 
    -0.0653985860735958, -0.0504444714486494, -0.0666130952380953, 
    -0.0831231419430363, -0.0774922989102435, -0.0666130952380953, 
    -0.0876920924027901, -0.0666130952380953, -0.0666130952380953, 
    -0.0666130952380953, -0.0954955499788012, -0.072075112037509, 
    -0.0512469772593112, -0.0666130952380953, -0.0778729241431235, 
    -0.0801865010403658, -0.0964383706977607, -0.0522622618809831, 
    -0.0982905896804141, -0.0747590383599701, -0.0632344608818569, 
    -0.0379862079214581, -0.0701869150694292, -0.0182005555612263, 
    -0.0852497706897869, -0.0666130952380953, -0.0666130952380953, 
    -0.0879190835298791, -0.0666130952380953, -0.0666130952380953, 
    -0.0549023532467125, -0.0930880174140458, -0.0213075808817019, 
    -0.0947643916297978, -0.0666130952380953, -0.146544950349266, 
