run_x <-
structure(list(lm_df = structure(list(term = c("maxima_sc", "stretch_sc", 
"x_max_sc", "x_min_sc"), coef = c(0.0551580614514464, 0.0129092836224693, 
-0.0660374139309262, -0.00882301694274834), p_value = c(0.24595489104717, 
0.127467699316992, 0.243296615962376, 0.204228202309995), rand_var = c(3.44090477067187, 
3.44090477067187, 3.44090477067187, 3.44090477067187), mean_rand = c(1.11364437427485, 
1.11364437427485, 1.11364437427485, 1.11364437427485), sim_n = c(86L, 
86L, 86L, 86L)), .Names = c("term", "coef", "p_value", "rand_var", 
"mean_rand", "sim_n"), class = c("tbl_df", "tbl", "data.frame"
), row.names = c(NA, -4L)), lasso_df = structure(list(var = c("maxima", 
"stretch", "x_max", "x_min"), mean = c(0.431788216481232, 0.210140077573477, 
-0.462727903812243, -0.220277508716741), prop = c(0.045, 0.23, 
0.015, 0.0325), rand_var = c(3.44090477067187, 3.44090477067187, 
3.44090477067187, 3.44090477067187), mean_rand = c(1.11364437427485, 
1.11364437427485, 1.11364437427485, 1.11364437427485), sim_n = c(86L, 
86L, 86L, 86L)), .Names = c("var", "mean", "prop", "rand_var", 
"mean_rand", "sim_n"), class = c("tbl_df", "tbl", "data.frame"
), row.names = c(NA, -4L)), summ_stan_df = structure(list(shape1 = 4.59122458928512, 
    shape2 = 3.10393428578719, stretch = 2.07032467037772, x_min = -0.911812906080469, 
    x_max = 3.09763053993366, maxima = 2.1653744663029, rep = 86L), .Names = c("shape1", 
"shape2", "stretch", "x_min", "x_max", "maxima", "rep"), class = c("tbl_df", 
"tbl", "data.frame"), row.names = c(NA, -1L))), .Names = c("lm_df", 
"lasso_df", "summ_stan_df"))
run_x <-
structure(list(lm_df = structure(list(term = c("maxima_sc", "stretch_sc", 
"x_max_sc", "x_min_sc"), coef = c(0.0551580614514464, 0.0129092836224693, 
-0.0660374139309262, -0.00882301694274834), p_value = c(0.24595489104717, 
0.127467699316992, 0.243296615962376, 0.204228202309995), rand_var = c(3.44090477067187, 
3.44090477067187, 3.44090477067187, 3.44090477067187), mean_rand = c(1.11364437427485, 
1.11364437427485, 1.11364437427485, 1.11364437427485), sim_n = c(86L, 
86L, 86L, 86L)), .Names = c("term", "coef", "p_value", "rand_var", 
"mean_rand", "sim_n"), class = c("tbl_df", "tbl", "data.frame"
), row.names = c(NA, -4L)), lasso_df = structure(list(var = c("maxima", 
"stretch", "x_max", "x_min"), mean = c(0.431788216481232, 0.210140077573477, 
-0.462727903812243, -0.220277508716741), prop = c(0.045, 0.23, 
0.015, 0.0325), rand_var = c(3.44090477067187, 3.44090477067187, 
3.44090477067187, 3.44090477067187), mean_rand = c(1.11364437427485, 
1.11364437427485, 1.11364437427485, 1.11364437427485), sim_n = c(86L, 
86L, 86L, 86L)), .Names = c("var", "mean", "prop", "rand_var", 
"mean_rand", "sim_n"), class = c("tbl_df", "tbl", "data.frame"
), row.names = c(NA, -4L)), summ_stan_df = structure(list(shape1 = 4.59122458928512, 
    shape2 = 3.10393428578719, stretch = 2.07032467037772, x_min = -0.911812906080469, 
    x_max = 3.09763053993366, maxima = 2.1653744663029, rep = 86L), .Names = c("shape1", 
"shape2", "stretch", "x_min", "x_max", "maxima", "rep"), class = c("tbl_df", 
"tbl", "data.frame"), row.names = c(NA, -1L))), .Names = c("lm_df", 
"lasso_df", "summ_stan_df"))
run_x <-
structure(list(lasso_df = structure(list(var = c("maxima", "stretch", 
"x_max", "x_min"), mean = c(0.00856944652694555, 0.0319274692057794, 
-0.000288189128030226, -0.137888722532686), prop = c(0.015, 0.0825, 
0.01, 0.0175), rand_var = c(3.44090477067187, 3.44090477067187, 
3.44090477067187, 3.44090477067187), mean_rand = c(1.11364437427485, 
1.11364437427485, 1.11364437427485, 1.11364437427485), sim_n = c(86L, 
86L, 86L, 86L)), .Names = c("var", "mean", "prop", "rand_var", 
"mean_rand", "sim_n"), class = c("tbl_df", "tbl", "data.frame"
), row.names = c(NA, -4L)), lasso_depth = structure(list(draw = 1:400, 
    `(Intercept)` = c(-0.0834353495061382, -0.0705626766419272, 
    -0.0666130952380953, -0.0647937629522339, -0.0554501937756972, 
    -0.0737453691044859, -0.0666130952380953, -0.054074620966498, 
    -0.0485953401743708, -0.0666130952380953, -0.0661291084029179, 
    -0.0763459968204623, -0.060514826457839, -0.0666130952380953, 
    -0.0673613308785352, -0.0580634453408028, -0.070615345342016, 
    -0.0558366622786765, -0.0660387156344413, -0.0375360781729633, 
    -0.0677611031369852, -0.0781578507437741, -0.0666130952380953, 
    -0.0603716404859929, -0.0712837093786088, -0.0675260007234593, 
    -0.0666130952380953, -0.0789703188555663, -0.054661538763027, 
    -0.0594707612436337, -0.0666130952380953, -0.0677664594068809, 
    -0.0709290718482461, -0.0641706296957512, -0.0757470229465434, 
    -0.0663734873651259, -0.0732922013450946, -0.0349316521413039, 
    -0.0506840322571074, -0.0703978934562341, -0.0677935049315445, 
    -0.062659970419267, -0.0666130952380953, -0.0439502036577675, 
    -0.0676191586554369, -0.0742099711805552, -0.0581333409433495, 
    -0.0740299624979922, -0.0659265032836738, -0.0727106163541545, 
    -0.0650840209232272, -0.0666130952380953, -0.0653588117524084, 
    -0.0516381622698478, -0.0713509118440463, -0.0838877698958443, 
    -0.0641713626283247, -0.054908025557187, -0.080196008692657, 
    -0.0530667333071942, -0.0666130952380953, -0.0576211832793386, 
    -0.114913977897215, -0.084219293843426, -0.0687042225318283, 
    -0.0840046303070979, -0.0746968756717049, -0.0554783045690098, 
    -0.0714625421804309, -0.0666130952380953, -0.0579163715319884, 
    -0.0762275513968459, -0.0630865331058899, -0.0674004956569715, 
    -0.0666130952380953, -0.0665018287323645, -0.0666130952380953, 
    -0.0446258846285018, -0.0717318263439678, -0.0695674535892681, 
    -0.0666130952380953, -0.0333859796455209, -0.0666130952380953, 
    -0.0642420123146232, -0.0633039620532661, -0.0713748482472734, 
    -0.0604158156589061, -0.0666130952380953, -0.0657941084600117, 
    -0.0671257421431862, -0.0730354594741348, -0.0780747663826501, 
    -0.0545244658039616, -0.0604093464489096, -0.0728709751017157, 
    -0.0664423276295992, -0.0885509806195352, -0.054861334200838, 
    -0.076602027894861, -0.0520880782124412, -0.0475237463292733, 
    -0.0486874832646163, -0.0541783239978958, -0.0849245925867668, 
    -0.066169051356342, -0.0667155407515329, -0.0618458327669415, 
    -0.0619946676270136, -0.0764421944404282, -0.0547916326424172, 
    -0.07310088354959, -0.0217666351037873, -0.0482339032776428, 
    -0.0510446565142088, -0.0629826823477268, -0.079670211860798, 
    -0.0503159516819328, -0.0420153068033496, -0.0528528766691247, 
    -0.0558230742622726, -0.0536628956117034, -0.0476164611086515, 
    -0.0459673498569057, -0.0522308945794798, -0.0645855934014424, 
    -0.06025127872459, -0.0664231524103373, -0.0579578029701925, 
    -0.0643085296718845, -0.0865707356020263, -0.0529775393745207, 
    -0.0536555664479037, -0.0541257616234443, -0.0583293169530666, 
    -0.0533098938161124, -0.0892363890444672, -0.0415436532855441, 
    -0.0766904121403211, -0.0465393095637582, -0.0534435308507259, 
    -0.0661642419268792, -0.0652043191203512, -0.0492379701462952, 
    -0.0693889365010789, -0.0614039900613872, -0.0612114406679166, 
    -0.0264774277966755, -0.0618180865289171, -0.0591569914087637, 
    -0.0551767972635026, -0.0628227967395688, -0.0566981029764628, 
    -0.069787890921739, -0.0538528175204691, -0.0445692158836316, 
    -0.0629479301597821, -0.0587981854834434, -0.0512453775448173, 
    -0.043320258055178, -0.047167501356311, -0.0595836052262178, 
    -0.0548852476632428, -0.0561254361799455, -0.0638285622651813, 
    -0.0592458674438447, -0.0543823379637728, -0.056728951838183, 
    -0.0552315065817579, -0.0642543884264381, -0.0585649496717779, 
    -0.05810079562494, -0.0611886989722252, -0.0549496837171692, 
    -0.0529179237451118, -0.0350813212431627, -0.0543435822621775, 
    -0.0596839212280224, -0.0645320821123598, -0.0510799036672025, 
    -0.0541404376287387, -0.0539077833197783, -0.067677540500588, 
