run_x <-
structure(list(lm_df = structure(list(term = c("maxima_sc", "stretch_sc", 
"x_max_sc", "x_min_sc"), coef = c(0.267195562899719, 0.0116770858237599, 
-0.280797606214578, -0.0647316464626275), p_value = c(0.0452531477348891, 
0.0255107595353075, 0.0363020967131735, 0.028704606998695), rand_var = c(2.02100809161881, 
2.02100809161881, 2.02100809161881, 2.02100809161881), mean_rand = c(0.503500844860745, 
0.503500844860745, 0.503500844860745, 0.503500844860745), sim_n = c(51L, 
51L, 51L, 51L)), .Names = c("term", "coef", "p_value", "rand_var", 
"mean_rand", "sim_n"), class = c("tbl_df", "tbl", "data.frame"
), row.names = c(NA, -4L)), lasso_df = structure(list(var = c("maxima", 
"stretch", "x_max", "x_min"), mean = c(0.906790122854094, 0.0401211756644252, 
-0.415717900122551, -0.206633763715154), prop = c(0.0675, 0.12, 
0.01, 0), rand_var = c(2.02100809161881, 2.02100809161881, 2.02100809161881, 
2.02100809161881), mean_rand = c(0.503500844860745, 0.503500844860745, 
0.503500844860745, 0.503500844860745), sim_n = c(51L, 51L, 51L, 
51L)), .Names = c("var", "mean", "prop", "rand_var", "mean_rand", 
"sim_n"), class = c("tbl_df", "tbl", "data.frame"), row.names = c(NA, 
-4L)), summ_stan_df = structure(list(shape1 = 5.60559810156469, 
    shape2 = 2.92428145620138, stretch = 2.88963247278342, x_min = -1.27581663428509, 
    x_max = 3.26550145930213, maxima = 2.48716770896593, rep = 51L), .Names = c("shape1", 
"shape2", "stretch", "x_min", "x_max", "maxima", "rep"), class = c("tbl_df", 
"tbl", "data.frame"), row.names = c(NA, -1L))), .Names = c("lm_df", 
"lasso_df", "summ_stan_df"))
