run_x <-
structure(list(lm_df = structure(list(term = c("maxima_sc", "stretch_sc", 
"x_max_sc", "x_min_sc"), coef = c(0.0127658230261846, 0.0517075934236073, 
7.07811240069853e-05, -0.00360395846447851), p_value = c(0.352620419114989, 
0.0189764975669652, 0.2301134272689, 0.079327157290793), rand_var = c(0.931343767889988, 
0.931343767889988, 0.931343767889988, 0.931343767889988), mean_rand = c(0.078567186469487, 
0.078567186469487, 0.078567186469487, 0.078567186469487), sim_n = c(24L, 
24L, 24L, 24L)), .Names = c("term", "coef", "p_value", "rand_var", 
"mean_rand", "sim_n"), class = c("tbl_df", "tbl", "data.frame"
), row.names = c(NA, -4L)), lasso_df = structure(list(var = c("maxima", 
"stretch", "x_max", "x_min"), mean = c(-0.0197096397835135, -0.132364667011242, 
-0.193656871664818, -0.241215700143451), prop = c(0.01, 0.03, 
0.03, 0.01), rand_var = c(0.931343767889988, 0.931343767889988, 
0.931343767889988, 0.931343767889988), mean_rand = c(0.078567186469487, 
0.078567186469487, 0.078567186469487, 0.078567186469487), sim_n = c(24L, 
24L, 24L, 24L)), .Names = c("var", "mean", "prop", "rand_var", 
"mean_rand", "sim_n"), class = c("tbl_df", "tbl", "data.frame"
), row.names = c(NA, -4L)), summ_stan_df = structure(list(shape1 = 3.49841499349128, 
    shape2 = 2.59174136646833, stretch = 1.25127248337702, x_min = -1.59934210562742, 
    x_max = 4.94835141942773, maxima = 3.11995161677563, rep = 24L), .Names = c("shape1", 
"shape2", "stretch", "x_min", "x_max", "maxima", "rep"), class = c("tbl_df", 
"tbl", "data.frame"), row.names = c(NA, -1L))), .Names = c("lm_df", 
"lasso_df", "summ_stan_df"))
run_x <-
structure(list(lm_df = structure(list(term = c("maxima_sc", "stretch_sc", 
"x_max_sc", "x_min_sc"), coef = c(0.0127658230261846, 0.0517075934236073, 
7.07811240069853e-05, -0.00360395846447851), p_value = c(0.352620419114989, 
0.0189764975669652, 0.2301134272689, 0.079327157290793), rand_var = c(0.931343767889988, 
0.931343767889988, 0.931343767889988, 0.931343767889988), mean_rand = c(0.078567186469487, 
0.078567186469487, 0.078567186469487, 0.078567186469487), sim_n = c(24L, 
24L, 24L, 24L)), .Names = c("term", "coef", "p_value", "rand_var", 
"mean_rand", "sim_n"), class = c("tbl_df", "tbl", "data.frame"
), row.names = c(NA, -4L)), lasso_df = structure(list(var = c("maxima", 
"stretch", "x_max", "x_min"), mean = c(-0.0197096397835135, -0.132364667011242, 
-0.193656871664818, -0.241215700143451), prop = c(0.01, 0.03, 
0.03, 0.01), rand_var = c(0.931343767889988, 0.931343767889988, 
0.931343767889988, 0.931343767889988), mean_rand = c(0.078567186469487, 
0.078567186469487, 0.078567186469487, 0.078567186469487), sim_n = c(24L, 
24L, 24L, 24L)), .Names = c("var", "mean", "prop", "rand_var", 
"mean_rand", "sim_n"), class = c("tbl_df", "tbl", "data.frame"
), row.names = c(NA, -4L)), summ_stan_df = structure(list(shape1 = 3.49841499349128, 
    shape2 = 2.59174136646833, stretch = 1.25127248337702, x_min = -1.59934210562742, 
    x_max = 4.94835141942773, maxima = 3.11995161677563, rep = 24L), .Names = c("shape1", 
"shape2", "stretch", "x_min", "x_max", "maxima", "rep"), class = c("tbl_df", 
"tbl", "data.frame"), row.names = c(NA, -1L))), .Names = c("lm_df", 
"lasso_df", "summ_stan_df"))
run_x <-
structure(list(lasso_df = structure(list(var = c("maxima", "stretch", 
"x_max", "x_min"), mean = c(-0.0707492069530826, 0.0685176530753793, 
-0.0908998653315475, 0.0179793532639327), prop = c(0.03, 0.065, 
0.05, 0.035), rand_var = c(0.931343767889988, 0.931343767889988, 
0.931343767889988, 0.931343767889988), mean_rand = c(0.078567186469487, 
0.078567186469487, 0.078567186469487, 0.078567186469487), sim_n = c(24L, 
24L, 24L, 24L)), .Names = c("var", "mean", "prop", "rand_var", 
"mean_rand", "sim_n"), class = c("tbl_df", "tbl", "data.frame"
), row.names = c(NA, -4L)), lasso_depth = structure(list(draw = 1:400, 
    `(Intercept)` = c(-0.0426632036869274, -0.0783890312767116, 
    -0.061150620479433, -0.0349215567587819, -0.0399690506247167, 
    -0.0510282105337472, -0.13362771593536, -0.0447295059349525, 
    -0.0666130952380953, -0.0697476314587794, -0.0597290372038022, 
    -0.0637587814552045, -0.0705268121691614, -0.0500371681085611, 
    -0.0659930247229086, -0.0404237031961496, -0.0266273076404947, 
    -0.0647034972237131, -0.0559629287501632, -0.0666130952380953, 
    -0.0615146202352235, -0.0554272164928156, -0.0596263448752523, 
    -0.0364479792410946, -0.0425430506956422, -0.0552792505958323, 
    -0.0666130952380953, -0.0666130952380953, 0.0808232462816252, 
    -0.0698375653506066, -0.0160827634382959, -0.0674849394994159, 
    -0.05661560932531, -0.0725620250487825, -0.0584841652635997, 
    -0.0664916725869421, -0.0583886514321193, -0.0886662457229629, 
    -0.0637041730151733, -0.0646740921098124, -0.06469672960087, 
    -0.0498415083162551, -0.0456864672141581, -0.0560444302945989, 
    -0.0444068545937297, -0.0487944223513726, -0.0503536633073007, 
    -0.0622248910951473, -0.0655681525876672, -0.0638446389875804, 
    -0.100365155578895, 0.00299072970432772, -0.0647006003544408, 
    -0.0190953492491086, -0.0696107312323271, -0.0644625321799193, 
    -0.0640039093777039, -0.00742550386863037, -0.0607958320977511, 
    -0.0641135223049374, -0.0692003557641846, -0.0666130952380953, 
    -0.0748793907085703, -0.0581651806468121, -0.0524776961249107, 
    -0.0481671119841869, -0.0255690530627434, -0.0414940612659754, 
    -0.0555181235540477, -0.076423941308299, -0.0468168000908622, 
    -0.0418943454170674, -0.0597106057567311, -0.0722243990846116, 
    -0.0578821871780648, -0.0666130952380953, -0.00555058029955766, 
    -0.0587529571610672, -0.0606748088609171, -0.0434619347868818, 
    -0.0671560851954417, -0.0666130952380953, -0.0602436124223643, 
    -0.0666130952380953, -0.0681091937500331, -0.0184310253260509, 
    -0.0488995860632341, -0.0683754264612736, -0.0611750608426309, 
    -0.0072440665587144, -0.0578045764245365, -0.0250180782024187, 
    -0.0563660782673007, -0.0642234270466609, -0.048470195990918, 
    -0.0638594574329287, -0.0701140408571342, -0.0587834473646255, 
    -0.0814973591821868, -0.0549684538919882, -0.129094716435302, 
    -0.0682178158350637, -0.0713128376305699, -0.0634145861470092, 
    -0.0726348807361672, -0.0666130952380953, -0.0566154481062299, 
    -0.0719996070499182, -0.0798268220769284, -0.064751831777286, 
    -0.067732928779715, -0.0697144096589453, -0.0612551546602329, 
    -0.0626295690566609, -0.0485718700539927, -0.0666130952380953, 
    -0.0836021608270926, -0.0558999110018568, -0.0598516675305018, 
    -0.0643893609113644, -0.0688256202776942, -0.076461906657862, 
    -0.058625194575696, -0.0609852344229577, -0.032574754536581, 
    -0.0669442913092228, -0.062987935096425, -0.0600545133684845, 
    -0.0782556692460105, -0.0622497892646179, -0.0680478984189552, 
    -0.0646500297880216, -0.0557881851301378, -0.0683685612616176, 
    -0.0564185378386855, -0.0416680952827689, -0.0596180949737712, 
    -0.0543775105402595, -0.0696695577276853, -0.0714390969153808, 
    -0.054686557671106, -0.0414578466666871, -0.0722984816016313, 
    -0.0723073164305, -0.0602153189373619, -0.0621484134209742, 
    -0.0609241586005946, -0.0734893507253993, -0.0328633476393921, 
    -0.0575352355693098, -0.06258564852807, -0.062860232816837, 
    -0.0652700461701264, -0.0648718171498852, -0.0822361326826785, 
    -0.0436963058517587, -0.0610988624449573, -0.0666130952380953, 
    -0.0608691142225457, -0.0714197652056699, -0.0564759874226101, 
    -0.0613021018192573, -0.0751843926690147, -0.0660905565690612, 
    -0.0684156409597703, -0.0607833820199751, -0.0720107097618375, 
    -0.0674299753516174, -0.0613090266591333, -0.0480435549785613, 
    -0.0638237449648911, -0.0666130952380953, -0.0593210176271444, 
    -0.0666130952380953, -0.0598888677080822, -0.0625036516187117, 
    -0.0543827268275072, -0.0692614464659277, -0.0657962188640814, 
    -0.0666130952380953, -0.0674676535633223, -0.0662444911544295, 
