run_x <-
structure(list(lm_df = structure(list(term = c("maxima_sc", "stretch_sc", 
"x_max_sc", "x_min_sc"), coef = c(-0.028206327518436, 0.0530196370332709, 
0.00571259786882536, -0.0147316889184041), p_value = c(0.0489899662302344, 
0.00426504824986906, 0.265507820261334, 0.155761812674279), rand_var = c(2.1836698127325, 
2.1836698127325, 2.1836698127325, 2.1836698127325), mean_rand = c(-0.213798776270943, 
-0.213798776270943, -0.213798776270943, -0.213798776270943), 
    sim_n = c(55L, 55L, 55L, 55L)), .Names = c("term", "coef", 
"p_value", "rand_var", "mean_rand", "sim_n"), class = c("tbl_df", 
"tbl", "data.frame"), row.names = c(NA, -4L)), lasso_df = structure(list(
    var = c("maxima", "stretch", "x_max", "x_min"), mean = c(-0.0794136355939063, 
    0.124287201922338, -0.0204259816454205, -0.0912901795245112
    ), prop = c(0.01, 0.1475, 0.04, 0.0125), rand_var = c(2.1836698127325, 
    2.1836698127325, 2.1836698127325, 2.1836698127325), mean_rand = c(-0.213798776270943, 
    -0.213798776270943, -0.213798776270943, -0.213798776270943
    ), sim_n = c(55L, 55L, 55L, 55L)), .Names = c("var", "mean", 
"prop", "rand_var", "mean_rand", "sim_n"), class = c("tbl_df", 
"tbl", "data.frame"), row.names = c(NA, -4L)), summ_stan_df = structure(list(
    shape1 = 3.36458085963779, shape2 = 4.1306990926554, stretch = 1.13866895348708, 
    x_min = -1.02945787758081, x_max = 5.91301768309003, maxima = 3.07178890012504, 
    rep = 55L), .Names = c("shape1", "shape2", "stretch", "x_min", 
"x_max", "maxima", "rep"), class = c("tbl_df", "tbl", "data.frame"
), row.names = c(NA, -1L))), .Names = c("lm_df", "lasso_df", 
"summ_stan_df"))
run_x <-
structure(list(lm_df = structure(list(term = c("maxima_sc", "stretch_sc", 
"x_max_sc", "x_min_sc"), coef = c(-0.028206327518436, 0.0530196370332709, 
0.00571259786882536, -0.0147316889184041), p_value = c(0.0489899662302344, 
0.00426504824986906, 0.265507820261334, 0.155761812674279), rand_var = c(2.1836698127325, 
2.1836698127325, 2.1836698127325, 2.1836698127325), mean_rand = c(-0.213798776270943, 
-0.213798776270943, -0.213798776270943, -0.213798776270943), 
    sim_n = c(55L, 55L, 55L, 55L)), .Names = c("term", "coef", 
"p_value", "rand_var", "mean_rand", "sim_n"), class = c("tbl_df", 
"tbl", "data.frame"), row.names = c(NA, -4L)), lasso_df = structure(list(
    var = c("maxima", "stretch", "x_max", "x_min"), mean = c(-0.0794136355939063, 
    0.124287201922338, -0.0204259816454205, -0.0912901795245112
    ), prop = c(0.01, 0.1475, 0.04, 0.0125), rand_var = c(2.1836698127325, 
    2.1836698127325, 2.1836698127325, 2.1836698127325), mean_rand = c(-0.213798776270943, 
    -0.213798776270943, -0.213798776270943, -0.213798776270943
    ), sim_n = c(55L, 55L, 55L, 55L)), .Names = c("var", "mean", 
"prop", "rand_var", "mean_rand", "sim_n"), class = c("tbl_df", 
"tbl", "data.frame"), row.names = c(NA, -4L)), summ_stan_df = structure(list(
    shape1 = 3.36458085963779, shape2 = 4.1306990926554, stretch = 1.13866895348708, 
    x_min = -1.02945787758081, x_max = 5.91301768309003, maxima = 3.07178890012504, 
    rep = 55L), .Names = c("shape1", "shape2", "stretch", "x_min", 
"x_max", "maxima", "rep"), class = c("tbl_df", "tbl", "data.frame"
), row.names = c(NA, -1L))), .Names = c("lm_df", "lasso_df", 
"summ_stan_df"))
run_x <-
structure(list(lasso_df = structure(list(var = c("maxima", "stretch", 
"x_max", "x_min"), mean = c(-0.112051014752755, 0.106010401012875, 
-0.0891399609773481, -0.128177305996067), prop = c(0.01, 0.1375, 
0.02, 0.015), rand_var = c(2.1836698127325, 2.1836698127325, 
2.1836698127325, 2.1836698127325), mean_rand = c(-0.213798776270943, 
-0.213798776270943, -0.213798776270943, -0.213798776270943), 
    sim_n = c(55L, 55L, 55L, 55L)), .Names = c("var", "mean", 
"prop", "rand_var", "mean_rand", "sim_n"), class = c("tbl_df", 
"tbl", "data.frame"), row.names = c(NA, -4L)), lasso_depth = structure(list(
    draw = 1:400, `(Intercept)` = c(-0.0426701957347303, -0.059396544148351, 
    -0.051592108654496, -0.0697605468662102, -0.0928798810251058, 
    -0.0540787956036001, -0.0666130952380953, -0.0701448540304045, 
    -0.0493354662006256, -0.0666130952380953, -0.0418289341574967, 
    -0.185240506783071, -0.075664802081142, -0.0666130952380953, 
    -0.0608013487286894, -0.0619677503347381, -0.067541431321682, 
    -0.0666130952380953, -0.0533941806406946, -0.0611190805310123, 
    -0.055244947444581, -0.0410916332455329, -0.0666130952380953, 
    -0.0812709329559642, -0.0436378667217874, -0.0596507323970691, 
    -0.0666130952380953, -0.0459290515855848, -0.0613906841553536, 
    -0.0625442281998738, -0.0666130952380953, -0.0420393541988003, 
    -0.0538472095647511, -0.0489220870743255, -0.0695706788546879, 
    -0.0528917544082084, -0.0521103364717415, -0.0600354361305885, 
    -0.0642565422401997, -0.0413378449081216, -0.0492218926430888, 
    -0.0392527910456795, -0.0566621260307281, -0.0158941983885486, 
    -0.058363706500953, -0.0567041499026452, -0.0666130952380953, 
    -0.0455189343692269, -0.0724443942484536, -0.0782107074553263, 
    -0.07067870024013, -0.0763884655212146, -0.0655060323011822, 
    -0.0844956698801651, -0.0482914238194086, -0.0666130952380953, 
    -0.0897068532652405, -0.0570704631303194, -0.0666130952380953, 
    -0.0646422326398643, -0.0665932080505457, -0.0847301058469499, 
    -0.0582615181580524, -0.156534694099918, -0.0666130952380953, 
    -0.0666130952380953, -0.0676730539027376, -0.0757671173888275, 
    -0.0666130952380953, -0.0569697923016991, -0.0722546102147288, 
    -0.0585795441376026, -0.0666384345670628, -0.0666130952380953, 
    -0.0666130952380953, -0.0432287715213808, -0.0620946794260305, 
    -0.0333805292505785, -0.0546003651989937, -0.0666130952380953, 
    -0.0658318030263442, -0.080617638119142, -0.066308415932806, 
    -0.0666130952380953, -0.0476702031752809, -0.0845056326142807, 
    -0.0666130952380953, -0.0639758157508635, -0.0664405513487102, 
    -0.0606475502165531, -0.0591496794913657, -0.0666130952380953, 
    -0.0802077203241404, -0.0793785111293431, -0.062479707514414, 
    -0.0743678068308855, -0.0666130952380953, -0.0565945643255773, 
    -0.0391037539068484, -0.0655381788196642, -0.0723118762688958, 
    -0.0626094270889945, -0.048420528916631, -0.0535380464615327, 
    -0.0617393604347396, -0.0413532710929135, -0.0636778768345888, 
    -0.0666130952380953, -0.0670685868769204, -0.0583044354674014, 
    -0.0598774008392818, -0.0513904449880866, -0.0740412042057329, 
    -0.0590404975199545, -0.0278499155711016, -0.0695534471973821, 
    -0.0607982239583861, -0.0604476336598584, -0.070157960049039, 
    -0.0526719223606615, -0.0577576458769098, -0.0549153757782523, 
    -0.0649317225270414, -0.0667777552816907, -0.0638057834127614, 
    -0.0707915352959939, -0.0666130952380953, -0.0666130952380953, 
    -0.0671611439890857, -0.0666130952380953, -0.0637405447967082, 
    -0.0649000489807699, -0.0569311416415695, -0.0625627515354848, 
    -0.0596983368775627, -0.0695493073439631, -0.0682286214800598, 
    -0.0507120717489806, -0.0666130952380953, -0.0672156559567095, 
    -0.0832901636170692, -0.0823222507244222, -0.0594743088783035, 
    -0.0527395121315778, -0.0530769015922201, -0.0628336778180678, 
    -0.060245276781633, -0.0822139286298234, -0.0716440763117294, 
    -0.0697006959851921, -0.0566816823439374, -0.0717774325308161, 
    -0.0812055292790504, -0.0418624405351078, -0.0629552849565043, 
    -0.0984478358202263, -0.0749147510372608, -0.0485293790242632, 
    -0.0666130952380953, -0.0666130952380953, -0.0535339989294495, 
    -0.0666130952380953, -0.0414977934253218, -0.0387805991977709, 
    -0.00955034964673149, -0.0666130952380953, -0.0494736084864339, 
    -0.075969726487331, -0.0781118289777703, -0.0703819653999356, 
    -0.0617498829727882, -0.0666130952380953, -0.0568120846435137, 
    -0.0533935895622103, -0.0666130952380953, -0.0666130952380953, 
    -0.0706300680308207, -0.0685643996322356, -0.0666130952380953, 
