run_x <-
structure(list(lm_df = structure(list(term = c("maxima_sc", "stretch_sc", 
"x_max_sc", "x_min_sc"), coef = c(0.0351233581842492, 0.0644837806591465, 
-0.023900816639722, -0.0201410634923268), p_value = c(0.0275101802616527, 
0.00386802785440238, 0.0965949854301901, 0.138343302586917), 
    rand_var = c(0.770239719714556, 0.770239719714556, 0.770239719714556, 
    0.770239719714556), mean_rand = c(-0.248753817084539, -0.248753817084539, 
    -0.248753817084539, -0.248753817084539), sim_n = c(20L, 20L, 
    20L, 20L)), .Names = c("term", "coef", "p_value", "rand_var", 
"mean_rand", "sim_n"), class = c("tbl_df", "tbl", "data.frame"
), row.names = c(NA, -4L)), lasso_df = structure(list(var = c("maxima", 
"stretch", "x_max", "x_min"), mean = c(0.279288262141375, 0.177313166546444, 
-0.175774412513057, -0.266868171428083), prop = c(0.13, 0.1475, 
0.0175, 0.0025), rand_var = c(0.770239719714556, 0.770239719714556, 
0.770239719714556, 0.770239719714556), mean_rand = c(-0.248753817084539, 
-0.248753817084539, -0.248753817084539, -0.248753817084539), 
    sim_n = c(20L, 20L, 20L, 20L)), .Names = c("var", "mean", 
"prop", "rand_var", "mean_rand", "sim_n"), class = c("tbl_df", 
"tbl", "data.frame"), row.names = c(NA, -4L)), summ_stan_df = structure(list(
    shape1 = 3.49775317953741, shape2 = 3.81739292327938, stretch = 0.832286216906053, 
    x_min = -0.290789436960442, x_max = 4.05484972782516, maxima = 2.36809834534384, 
    rep = 20L), .Names = c("shape1", "shape2", "stretch", "x_min", 
"x_max", "maxima", "rep"), class = c("tbl_df", "tbl", "data.frame"
), row.names = c(NA, -1L))), .Names = c("lm_df", "lasso_df", 
"summ_stan_df"))
run_x <-
structure(list(lm_df = structure(list(term = c("maxima_sc", "stretch_sc", 
"x_max_sc", "x_min_sc"), coef = c(0.0351233581842492, 0.0644837806591465, 
-0.023900816639722, -0.0201410634923268), p_value = c(0.0275101802616527, 
0.00386802785440238, 0.0965949854301901, 0.138343302586917), 
    rand_var = c(0.770239719714556, 0.770239719714556, 0.770239719714556, 
    0.770239719714556), mean_rand = c(-0.248753817084539, -0.248753817084539, 
    -0.248753817084539, -0.248753817084539), sim_n = c(20L, 20L, 
    20L, 20L)), .Names = c("term", "coef", "p_value", "rand_var", 
"mean_rand", "sim_n"), class = c("tbl_df", "tbl", "data.frame"
), row.names = c(NA, -4L)), lasso_df = structure(list(var = c("maxima", 
"stretch", "x_max", "x_min"), mean = c(0.279288262141375, 0.177313166546444, 
-0.175774412513057, -0.266868171428083), prop = c(0.13, 0.1475, 
0.0175, 0.0025), rand_var = c(0.770239719714556, 0.770239719714556, 
0.770239719714556, 0.770239719714556), mean_rand = c(-0.248753817084539, 
-0.248753817084539, -0.248753817084539, -0.248753817084539), 
    sim_n = c(20L, 20L, 20L, 20L)), .Names = c("var", "mean", 
"prop", "rand_var", "mean_rand", "sim_n"), class = c("tbl_df", 
"tbl", "data.frame"), row.names = c(NA, -4L)), summ_stan_df = structure(list(
    shape1 = 3.49775317953741, shape2 = 3.81739292327938, stretch = 0.832286216906053, 
    x_min = -0.290789436960442, x_max = 4.05484972782516, maxima = 2.36809834534384, 
    rep = 20L), .Names = c("shape1", "shape2", "stretch", "x_min", 
"x_max", "maxima", "rep"), class = c("tbl_df", "tbl", "data.frame"
), row.names = c(NA, -1L))), .Names = c("lm_df", "lasso_df", 
"summ_stan_df"))
run_x <-
structure(list(lasso_df = structure(list(var = c("maxima", "stretch", 
"x_max", "x_min"), mean = c(0.183344117519694, 0.159587193144682, 
-0.0895371699777759, -0.189830718263511), prop = c(0.085, 0.1225, 
0.0325, 0.005), rand_var = c(0.770239719714556, 0.770239719714556, 
0.770239719714556, 0.770239719714556), mean_rand = c(-0.248753817084539, 
-0.248753817084539, -0.248753817084539, -0.248753817084539), 
    sim_n = c(20L, 20L, 20L, 20L)), .Names = c("var", "mean", 
"prop", "rand_var", "mean_rand", "sim_n"), class = c("tbl_df", 
"tbl", "data.frame"), row.names = c(NA, -4L)), lasso_depth = structure(list(
    draw = 1:400, `(Intercept)` = c(-0.0672131471503641, -0.0650960066863091, 
    -0.0746655939431807, -0.046064462139752, -0.0659250294783312, 
    -0.058500856928845, -0.0582278519372766, -0.0666130952380953, 
    -0.0749173551022882, -0.0596790486967292, -0.0631511818108728, 
    -0.0661764903197265, -0.0722958360396486, -0.0660879218347179, 
    -0.0486179482764203, -0.0635314835291585, -0.0666130952380953, 
    -0.0602159430869043, -0.0894924871245765, -0.00783599990832152, 
    -0.0653546427118579, -0.0666130952380953, -0.0353464876400418, 
    -0.0572693720649691, -0.0627891387744705, -0.0646521018690149, 
    -0.0617637219798996, -0.0661968029861643, -0.0598370330660416, 
    -0.0653679818032924, -0.0723340440453524, -0.0641568047314521, 
    -0.0666130952380953, -0.0488499669468829, -0.0665007644678249, 
    -0.0483545342712659, -0.0733036474181662, -0.0539580063163567, 
    -0.0623887144152834, -0.0666130952380953, -0.0666130952380953, 
    -0.05634418517023, -0.0651491061265631, -0.0538183333968489, 
    -0.032929420572153, -0.0631054915711012, -0.0809118893683603, 
    -0.0592776286847995, -0.0666130952380953, -0.0583677241516227, 
    -0.0628491769182802, -0.0556667618620458, -0.0528393641426331, 
    -0.0666130952380953, -0.0641970636571965, -0.0620256349914463, 
    -0.0666130952380953, -0.0666130952380953, -0.0586692545413818, 
    -0.0616603299890356, -0.0666130952380953, -0.068351477732115, 
    -0.0522715944686139, -0.0524758468595759, -0.04408895848301, 
    -0.0649557890267167, -0.0658787660252927, -0.0605286843130052, 
    -0.057594452473183, -0.0507694990344068, -0.0682176747610209, 
    -0.0666130952380953, -0.0609571106551695, -0.0714782686198751, 
    -0.0445360498631832, -0.0676577100981835, -0.0621342365463895, 
    -0.0666130952380953, -0.0654163051371513, -0.0478619971260576, 
    -0.0728169515677645, -0.0666130952380953, -0.0521484582515637, 
    -0.0579632087106391, -0.0650796746055931, -0.0519490731175627, 
    -0.0616327439419156, -0.0633867916780758, -0.0642297744403399, 
    -0.0649183883149673, -0.102535624197381, -0.0663773415880475, 
    -0.0478274389262563, -0.0578108973986386, -0.0501904835228972, 
    -0.063629697251539, -0.0181485152980744, -0.0747666033326318, 
    -0.0493726696215736, -0.0578136673211122, -0.0656808017984748, 
    -0.0681858963777537, -0.0647969083854187, -0.0644684231920419, 
    -0.0721231749993971, -0.0612236076215794, -0.075244506158106, 
    -0.0616765927091834, -0.065140871450925, -0.0572176819666828, 
    -0.0587902630583787, -0.0677336208603098, -0.0719718055634242, 
    -0.0651453240329226, -0.069754006291702, -0.0576073263129497, 
    -0.0666130952380953, -0.0723473309749396, -0.0522609620380263, 
    -0.0462218540721066, -0.0598720355743245, -0.0617283107673128, 
    -0.0699508603450446, -0.0554618720961143, -0.0431364014011291, 
    -0.0698761327239058, -0.0377995736514991, -0.0591558405713335, 
    -0.0660004059807336, -0.0666130952380953, -0.0653948170685917, 
    -0.0480442607404388, -0.0720792235809471, -0.0634456665813874, 
    -0.077462938686281, -0.0422535860501256, -0.0557954428752675, 
    -0.0595341373977165, -0.0578653879435064, -0.0353802859040727, 
    -0.0650917771903733, -0.0716321922705342, -0.0562670893052934, 
    -0.0642222836463995, -0.0501976733130331, -0.0688731303852378, 
    -0.0640753933033909, -0.0640339494485147, -0.0631935667059477, 
    -0.05956364490962, -0.0627107538649377, -0.0582738974761578, 
    -0.0666130952380953, -0.0686387769758526, -0.0666130952380953, 
    -0.0162626709410129, -0.0666130952380953, -0.0561016023511087, 
    -0.0659880664523439, -0.070082729866534, -0.0446674534816928, 
    -0.0561208374811705, -0.0421988630140002, -0.0666130952380953, 
    -0.0666130952380953, -0.065476933777211, -0.0714617086338223, 
    -0.0674212318391094, -0.0313226426992625, -0.0527188829905768, 
    -0.0444667778532665, -0.041809483720415, -0.0634430062596176, 
    -0.0666130952380953, -0.0666130952380953, -0.0660794744505212, 
