run_x <-
structure(list(lm_df = structure(list(term = c("maxima_sc", "stretch_sc", 
"x_max_sc", "x_min_sc"), coef = c(0.0796473813104256, 0.0267335382288409, 
-0.0193482898386555, -0.0388615628129888), p_value = c(0.184528362659943, 
0.0484713605726541, 0.247700512731672, 0.0295052341742792), rand_var = c(2.75115529379526, 
2.75115529379526, 2.75115529379526, 2.75115529379526), mean_rand = c(0.224579339110666, 
0.224579339110666, 0.224579339110666, 0.224579339110666), sim_n = c(69L, 
69L, 69L, 69L)), .Names = c("term", "coef", "p_value", "rand_var", 
"mean_rand", "sim_n"), class = c("tbl_df", "tbl", "data.frame"
), row.names = c(NA, -4L)), lasso_df = structure(list(var = c("maxima", 
"stretch", "x_max", "x_min"), mean = c(0.8344377764172, 0.135526642969264, 
-0.330335615965936, -0.237229546820578), prop = c(0.1325, 0.1825, 
0.0275, 0.0125), rand_var = c(2.75115529379526, 2.75115529379526, 
2.75115529379526, 2.75115529379526), mean_rand = c(0.224579339110666, 
0.224579339110666, 0.224579339110666, 0.224579339110666), sim_n = c(69L, 
69L, 69L, 69L)), .Names = c("var", "mean", "prop", "rand_var", 
"mean_rand", "sim_n"), class = c("tbl_df", "tbl", "data.frame"
), row.names = c(NA, -4L)), summ_stan_df = structure(list(shape1 = 4.32364952886681, 
    shape2 = 3.56622189889517, stretch = 3.2388706854333, x_min = -1.00154250322784, 
    x_max = 4.26674575540484, maxima = 2.75317168280213, rep = 69L), .Names = c("shape1", 
"shape2", "stretch", "x_min", "x_max", "maxima", "rep"), class = c("tbl_df", 
"tbl", "data.frame"), row.names = c(NA, -1L))), .Names = c("lm_df", 
"lasso_df", "summ_stan_df"))
run_x <-
structure(list(lm_df = structure(list(term = c("maxima_sc", "stretch_sc", 
"x_max_sc", "x_min_sc"), coef = c(0.0796473813104256, 0.0267335382288409, 
-0.0193482898386555, -0.0388615628129888), p_value = c(0.184528362659943, 
0.0484713605726541, 0.247700512731672, 0.0295052341742792), rand_var = c(2.75115529379526, 
2.75115529379526, 2.75115529379526, 2.75115529379526), mean_rand = c(0.224579339110666, 
0.224579339110666, 0.224579339110666, 0.224579339110666), sim_n = c(69L, 
69L, 69L, 69L)), .Names = c("term", "coef", "p_value", "rand_var", 
"mean_rand", "sim_n"), class = c("tbl_df", "tbl", "data.frame"
), row.names = c(NA, -4L)), lasso_df = structure(list(var = c("maxima", 
"stretch", "x_max", "x_min"), mean = c(0.8344377764172, 0.135526642969264, 
-0.330335615965936, -0.237229546820578), prop = c(0.1325, 0.1825, 
0.0275, 0.0125), rand_var = c(2.75115529379526, 2.75115529379526, 
2.75115529379526, 2.75115529379526), mean_rand = c(0.224579339110666, 
0.224579339110666, 0.224579339110666, 0.224579339110666), sim_n = c(69L, 
69L, 69L, 69L)), .Names = c("var", "mean", "prop", "rand_var", 
"mean_rand", "sim_n"), class = c("tbl_df", "tbl", "data.frame"
), row.names = c(NA, -4L)), summ_stan_df = structure(list(shape1 = 4.32364952886681, 
    shape2 = 3.56622189889517, stretch = 3.2388706854333, x_min = -1.00154250322784, 
    x_max = 4.26674575540484, maxima = 2.75317168280213, rep = 69L), .Names = c("shape1", 
"shape2", "stretch", "x_min", "x_max", "maxima", "rep"), class = c("tbl_df", 
"tbl", "data.frame"), row.names = c(NA, -1L))), .Names = c("lm_df", 
"lasso_df", "summ_stan_df"))
run_x <-
structure(list(lasso_df = structure(list(var = c("maxima", "stretch", 
"x_max", "x_min"), mean = c(1.44117452821134, 0.0550720632333748, 
-0.407177793045709, -0.147204377381283), prop = c(0.195, 0.1625, 
0.0075, 0.0475), rand_var = c(2.75115529379526, 2.75115529379526, 
2.75115529379526, 2.75115529379526), mean_rand = c(0.224579339110666, 
0.224579339110666, 0.224579339110666, 0.224579339110666), sim_n = c(69L, 
69L, 69L, 69L)), .Names = c("var", "mean", "prop", "rand_var", 
"mean_rand", "sim_n"), class = c("tbl_df", "tbl", "data.frame"
), row.names = c(NA, -4L)), lasso_depth = structure(list(draw = 1:400, 
    `(Intercept)` = c(-0.0045794177542725, -0.0666130952380953, 
    -0.0490593186812192, -0.0666130952380953, -0.0616215989728354, 
    -0.0664273339939022, -0.0666130952380953, -0.0666130952380953, 
    -0.0619868356175899, -0.0511988035271779, -0.0625472939864813, 
    -0.0666130952380953, -0.0657730136137752, -0.0666130952380953, 
    -0.0486629330891573, -0.0666130952380953, -0.0571076272806849, 
    -0.0400420689260058, -0.00644881356946948, -0.0666130952380953, 
    -0.0673294073692679, -0.0769593686894084, 0.0101846856058827, 
    -0.0549658068593634, -0.0666130952380953, -0.0401862410143258, 
    -0.0666130952380953, -0.0666130952380953, -0.0666130952380953, 
    -0.0666130952380953, -0.0666130952380953, -0.0516884933541795, 
    -0.00293580695589912, -0.0360788856450667, -0.0351677747801552, 
    -0.0666130952380953, -0.0666130952380953, -0.0569913762426887, 
    -0.0379915908639678, -0.0666130952380953, -0.0169955351300265, 
    -0.0418714777066556, -0.0666130952380953, -0.0666130952380953, 
    -0.0666130952380953, -0.0335879858107197, -0.0666130952380953, 
    -0.0666130952380953, -0.0666130952380953, -0.0666130952380953, 
    -0.0666130952380953, -0.0110097302113884, -0.0623570563252357, 
    -0.0666130952380953, 0.0750322288541113, -0.0268951933038842, 
    -0.0585057847458089, -0.0666130952380953, -0.0232196059921224, 
    -0.0666130952380953, -0.0666130952380953, -0.0404456627823536, 
    -0.0683260341692776, -0.0666130952380953, -0.0666130952380953, 
    -0.0212374197095316, -0.0677240390208027, -0.0437603790411159, 
    -0.0539394641376915, -0.0367813174055828, -0.043272358289106, 
    -0.0556469181568782, -0.0285258775971562, -0.0470524975062119, 
    -0.0464795748994448, -0.0461127485841216, -0.0416592089450235, 
    -0.0666130952380953, -0.00666789007739199, -0.026152034607801, 
    -0.0666130952380953, -0.0207645213873124, -0.054248003182021, 
    -0.0361783196567638, -0.0583435446893139, -0.0428176395160053, 
    -0.0637814308237361, -0.0698894418654692, -0.0666130952380953, 
    -0.0684378948393282, -0.0666130952380953, -0.05528937702461, 
    -0.0714697306283362, -0.01010093117633, -0.0666130952380953, 
    -0.0666130952380953, -0.0502162822012331, -0.0666130952380953, 
    -0.041509806765929, -0.029145220856181, -0.115320712295289, 
    -0.0456371716407946, -0.0666130952380953, -0.00705508038437631, 
    -0.166478450458567, -0.129186167647455, -0.0666130952380953, 
    -0.0941470679001047, -0.0643699204755434, -0.0503697463350878, 
    -0.0666130952380953, -0.0666130952380953, -0.0666130952380953, 
    -0.027741563981578, -0.0666130952380953, -0.0776981647506633, 
    -0.0666130952380953, -0.0727570932495558, -0.0861401230170458, 
    -0.0751906314681356, -0.0586716031312379, -0.0666130952380953, 
    -0.0666130952380953, -0.0666130952380953, -0.0666130952380953, 
    0.0113515272022037, -0.0383249893774427, -0.0606837128603206, 
    -0.065687716623495, -0.0666130952380953, -0.0666130952380953, 
    -0.0489320263461828, -0.0666130952380953, -0.0770170165782511, 
    -0.0666130952380953, -0.0666130952380953, -0.0666130952380953, 
    -0.0285921324798232, -0.00727847294689388, -0.0089343616193855, 
    -0.0561184644278258, -0.0666130952380953, -0.0359930476326943, 
    -0.079768693620863, -0.048861846147802, -0.0418785382594976, 
    -0.0696004663514429, -0.0474749280238502, -0.0765572784169534, 
    -0.0332428606244742, -0.085362735338712, -0.0666130952380953, 
    -0.0666130952380953, -0.0765373255621822, -0.0501243292419364, 
    -0.0246750670768963, -0.040701830625261, -0.0472725755135192, 
    -0.053748719295108, -0.0463522216002953, -0.0666130952380953, 
    -0.077181082576689, -0.00701453485599354, -0.00456697145268512, 
    -0.0666130952380953, -0.0473884514852546, -0.0503278471767715, 
    -0.0591339047887729, -0.0387660746854646, -0.0666130952380953, 
    -0.0571377067361025, -0.00804896263510904, -0.0706437069962461, 
    -0.0666130952380953, -0.0665749608844408, 0.0331189954237254, 
    -0.0287564794106908, -0.0666130952380953, -0.0539803755421443, 
    -0.0666130952380953, -0.0831010957856222, -0.0754115577556536, 
