run_x <-
structure(list(lm_df = structure(list(term = c("maxima_sc", "stretch_sc", 
"x_max_sc", "x_min_sc"), coef = c(-0.0343011118813578, 0.0405618737513243, 
-0.00120789767890605, -0.00916198089141701), p_value = c(0.0239191231810252, 
0.00197835441930256, 0.205069885807029, 0.151059147400737), rand_var = c(3.76849697457035, 
3.76849697457035, 3.76849697457035, 3.76849697457035), mean_rand = c(-1.17542876567859, 
-1.17542876567859, -1.17542876567859, -1.17542876567859), sim_n = c(96L, 
96L, 96L, 96L)), .Names = c("term", "coef", "p_value", "rand_var", 
"mean_rand", "sim_n"), class = c("tbl_df", "tbl", "data.frame"
), row.names = c(NA, -4L)), lasso_df = structure(list(var = c("maxima", 
"stretch", "x_max", "x_min"), mean = c(-0.191412564886207, 0.139020869648781, 
0.0165338162643776, -0.0629476469582602), prop = c(0.0175, 0.1725, 
0.0425, 0.0375), rand_var = c(3.76849697457035, 3.76849697457035, 
3.76849697457035, 3.76849697457035), mean_rand = c(-1.17542876567859, 
-1.17542876567859, -1.17542876567859, -1.17542876567859), sim_n = c(96L, 
96L, 96L, 96L)), .Names = c("var", "mean", "prop", "rand_var", 
"mean_rand", "sim_n"), class = c("tbl_df", "tbl", "data.frame"
), row.names = c(NA, -4L)), summ_stan_df = structure(list(shape1 = 3.87951319118377, 
    shape2 = 4.28500966840085, stretch = 1.09956977436696, x_min = -0.858386069944702, 
    x_max = 2.98702364034678, maxima = 1.57120723818248, rep = 96L), .Names = c("shape1", 
"shape2", "stretch", "x_min", "x_max", "maxima", "rep"), class = c("tbl_df", 
"tbl", "data.frame"), row.names = c(NA, -1L))), .Names = c("lm_df", 
"lasso_df", "summ_stan_df"))
run_x <-
structure(list(lm_df = structure(list(term = c("maxima_sc", "stretch_sc", 
"x_max_sc", "x_min_sc"), coef = c(-0.0343011118813578, 0.0405618737513243, 
-0.00120789767890605, -0.00916198089141701), p_value = c(0.0239191231810252, 
0.00197835441930256, 0.205069885807029, 0.151059147400737), rand_var = c(3.76849697457035, 
3.76849697457035, 3.76849697457035, 3.76849697457035), mean_rand = c(-1.17542876567859, 
-1.17542876567859, -1.17542876567859, -1.17542876567859), sim_n = c(96L, 
96L, 96L, 96L)), .Names = c("term", "coef", "p_value", "rand_var", 
"mean_rand", "sim_n"), class = c("tbl_df", "tbl", "data.frame"
), row.names = c(NA, -4L)), lasso_df = structure(list(var = c("maxima", 
"stretch", "x_max", "x_min"), mean = c(-0.191412564886207, 0.139020869648781, 
0.0165338162643776, -0.0629476469582602), prop = c(0.0175, 0.1725, 
0.0425, 0.0375), rand_var = c(3.76849697457035, 3.76849697457035, 
3.76849697457035, 3.76849697457035), mean_rand = c(-1.17542876567859, 
-1.17542876567859, -1.17542876567859, -1.17542876567859), sim_n = c(96L, 
96L, 96L, 96L)), .Names = c("var", "mean", "prop", "rand_var", 
"mean_rand", "sim_n"), class = c("tbl_df", "tbl", "data.frame"
), row.names = c(NA, -4L)), summ_stan_df = structure(list(shape1 = 3.87951319118377, 
    shape2 = 4.28500966840085, stretch = 1.09956977436696, x_min = -0.858386069944702, 
    x_max = 2.98702364034678, maxima = 1.57120723818248, rep = 96L), .Names = c("shape1", 
"shape2", "stretch", "x_min", "x_max", "maxima", "rep"), class = c("tbl_df", 
"tbl", "data.frame"), row.names = c(NA, -1L))), .Names = c("lm_df", 
"lasso_df", "summ_stan_df"))
run_x <-
structure(list(lasso_df = structure(list(var = c("maxima", "stretch", 
"x_max", "x_min"), mean = c(-0.172471188752257, 0.165116151467582, 
-0.0525168511213741, -0.175229951720979), prop = c(0.025, 0.1725, 
0.045, 0.035), rand_var = c(3.76849697457035, 3.76849697457035, 
3.76849697457035, 3.76849697457035), mean_rand = c(-1.17542876567859, 
-1.17542876567859, -1.17542876567859, -1.17542876567859), sim_n = c(96L, 
96L, 96L, 96L)), .Names = c("var", "mean", "prop", "rand_var", 
"mean_rand", "sim_n"), class = c("tbl_df", "tbl", "data.frame"
), row.names = c(NA, -4L)), lasso_depth = structure(list(draw = 1:400, 
    `(Intercept)` = c(-0.0251351131970621, -0.0816805913981527, 
    -0.0666130952380953, -0.0666130952380953, -0.0860243585119495, 
    -0.117253128862548, -0.0825829786414552, -0.0666130952380953, 
    -0.0666130952380953, -0.0990465754659978, -0.0666130952380953, 
    -0.050406087279585, -0.0666130952380953, -0.0659774331716605, 
    -0.049327819612848, -0.0666130952380953, -0.0256042500831383, 
    -0.0666130952380953, -0.0688265274357022, -0.00514583977172434, 
    -0.0692852728275827, 0.119232873076603, -0.0483474015379619, 
    -0.0823532206113091, -0.0629535086524162, -0.0485430006926244, 
    -0.0474973210721425, -0.0739147138119132, -0.0666130952380953, 
    -0.0498689217754127, -0.0666130952380953, -0.0666130952380953, 
    -0.0666130952380953, -0.0197619977953635, -0.0660616984980218, 
    -0.0572490520606459, -0.0655055150216261, -0.0252022057972456, 
    -0.0666130952380953, -0.0549969455511166, -0.0666130952380953, 
    -0.0210688194360114, -0.0623346197733156, -0.0666130952380953, 
    -0.069140191137941, -0.0666130952380953, -0.0390530347671878, 
    -0.0666130952380953, -0.102497191000624, -0.0666130952380953, 
    -0.0621874813029133, -0.0759479473807146, -0.0668421340782675, 
    -0.07310334081012, -0.0669714494448879, -0.0666130952380953, 
    -0.0652597638494425, -0.0327722715358906, -0.0219240132133694, 
    -0.0666130952380953, -0.065231776596993, -0.0666130952380953, 
    -0.0792675172741118, -0.0973420506322806, -0.0666130952380953, 
    -0.0570457142545043, -0.0827480176508472, -0.0666130952380953, 
    -0.0662023992471615, -0.104952924115824, -0.0591564619844826, 
    -0.0214658626024439, -0.0666130952380953, -0.0666130952380953, 
    0.0672368385541677, -0.0478674995662682, -0.0666130952380953, 
    -0.113812894068734, -0.0747513150966638, -0.0540436938505135, 
    -0.0666130952380953, -0.0666130952380953, -0.0666130952380953, 
    -0.0666130952380953, -0.0666130952380953, -0.0666130952380953, 
    -0.0619701990021667, -0.0666130952380953, -0.0847631793851762, 
    -0.0128183795820622, -0.0293762167984991, -0.0666130952380953, 
    -0.0903613555305024, -0.0666130952380953, -0.0748965631511274, 
    -0.0559530613981455, -0.0513543681230255, -0.0666130952380953, 
    -0.0666130952380953, -0.0570085998268593, -0.0666130952380953, 
    -0.0666130952380953, -0.0154189581319551, -0.0666130952380953, 
    -0.050958870998, -0.019354193002594, -0.0691780594090661, 
    -0.0666130952380953, -0.0666130952380953, -0.0802043906010605, 
    -0.0646226609148267, -0.0368289072744912, -0.0566989960261513, 
    -0.0662819102871273, -0.0666130952380953, -0.0666130952380953, 
    -0.0739845162070133, -0.0691572869251532, -0.0362318798128617, 
    -0.0340615612548428, -0.0666130952380953, -0.0666130952380953, 
    -0.0573796673516184, -0.056845984584365, -0.0666130952380953, 
    -0.0673846652744244, -0.0637445471092768, -0.0738265858220194, 
    -0.0664106070215931, -0.0687833188224922, -0.0666130952380953, 
    -0.0641389507093683, -0.0666130952380953, -0.065816103779383, 
    -0.0570459849315973, -0.0666130952380953, -0.042806087556382, 
    -0.0666130952380953, -0.0666130952380953, -0.0666130952380953, 
    -0.0666130952380953, -0.0666130952380953, -0.0666130952380953, 
    -0.0563218738537968, -0.067947896863073, -0.0666130952380953, 
    -0.0310769387346339, -0.0393745092346384, -0.0666130952380953, 
    -0.0506930176430885, -0.118346554248158, -0.00747033524509699, 
    -0.0666130952380953, -0.0666130952380953, -0.0257181044492887, 
    -0.0608423859589708, -0.0731101537655063, 0.0182934985198259, 
    -0.0666130952380953, -0.0666130952380953, -0.0792959279537251, 
    -0.0758969826761429, -0.0666130952380953, -0.0425814650371121, 
    -0.0666130952380953, -0.0437043140050024, -0.0666130952380953, 
    -0.0666130952380953, -0.00603488048937533, -0.0666130952380953, 
    -0.0525336243697663, -0.0133239747725271, -0.0275310192416188, 
    -0.0662990640683313, -0.0666130952380953, -0.0690053287760959, 
    -0.0481419079090191, -0.0670471962748415, -0.0510123017306587, 
    -0.0633264663410377, -0.058875413032079, -0.0287694004459086, 
