run_x <-
structure(list(lm_df = structure(list(term = c("maxima_sc", "stretch_sc", 
"x_max_sc", "x_min_sc"), coef = c(0.0627123960747089, 0.0486837657239386, 
-0.0247801870042346, -0.0116910158048746), p_value = c(0.126896591046937, 
0.0219516572155284, 0.310878446841959, 0.180903563075339), rand_var = c(1.21413922380447, 
1.21413922380447, 1.21413922380447, 1.21413922380447), mean_rand = c(0.724904577206205, 
0.724904577206205, 0.724904577206205, 0.724904577206205), sim_n = c(31L, 
31L, 31L, 31L)), .Names = c("term", "coef", "p_value", "rand_var", 
"mean_rand", "sim_n"), class = c("tbl_df", "tbl", "data.frame"
), row.names = c(NA, -4L)), lasso_df = structure(list(var = c("maxima", 
"stretch", "x_max", "x_min"), mean = c(0.104000139859618, 0.0446808750011308, 
-0.010081676597807, -0.0434687725769288), prop = c(0.2525, 0.0375, 
0.045, 0.035), rand_var = c(1.21413922380447, 1.21413922380447, 
1.21413922380447, 1.21413922380447), mean_rand = c(0.724904577206205, 
0.724904577206205, 0.724904577206205, 0.724904577206205), sim_n = c(31L, 
31L, 31L, 31L)), .Names = c("var", "mean", "prop", "rand_var", 
"mean_rand", "sim_n"), class = c("tbl_df", "tbl", "data.frame"
), row.names = c(NA, -4L)), summ_stan_df = structure(list(shape1 = 4.22453841598776, 
    shape2 = 2.5127443767833, stretch = 1.01783555029329, x_min = -1.6603715066639, 
    x_max = 4.7339907035883, maxima = 3.20915679802136, rep = 31L), .Names = c("shape1", 
"shape2", "stretch", "x_min", "x_max", "maxima", "rep"), class = c("tbl_df", 
"tbl", "data.frame"), row.names = c(NA, -1L))), .Names = c("lm_df", 
"lasso_df", "summ_stan_df"))
run_x <-
structure(list(lm_df = structure(list(term = c("maxima_sc", "stretch_sc", 
"x_max_sc", "x_min_sc"), coef = c(0.0627123960747089, 0.0486837657239386, 
-0.0247801870042346, -0.0116910158048746), p_value = c(0.126896591046937, 
0.0219516572155284, 0.310878446841959, 0.180903563075339), rand_var = c(1.21413922380447, 
1.21413922380447, 1.21413922380447, 1.21413922380447), mean_rand = c(0.724904577206205, 
0.724904577206205, 0.724904577206205, 0.724904577206205), sim_n = c(31L, 
31L, 31L, 31L)), .Names = c("term", "coef", "p_value", "rand_var", 
"mean_rand", "sim_n"), class = c("tbl_df", "tbl", "data.frame"
), row.names = c(NA, -4L)), lasso_df = structure(list(var = c("maxima", 
"stretch", "x_max", "x_min"), mean = c(0.104000139859618, 0.0446808750011308, 
-0.010081676597807, -0.0434687725769288), prop = c(0.2525, 0.0375, 
0.045, 0.035), rand_var = c(1.21413922380447, 1.21413922380447, 
1.21413922380447, 1.21413922380447), mean_rand = c(0.724904577206205, 
0.724904577206205, 0.724904577206205, 0.724904577206205), sim_n = c(31L, 
31L, 31L, 31L)), .Names = c("var", "mean", "prop", "rand_var", 
"mean_rand", "sim_n"), class = c("tbl_df", "tbl", "data.frame"
), row.names = c(NA, -4L)), summ_stan_df = structure(list(shape1 = 4.22453841598776, 
    shape2 = 2.5127443767833, stretch = 1.01783555029329, x_min = -1.6603715066639, 
    x_max = 4.7339907035883, maxima = 3.20915679802136, rep = 31L), .Names = c("shape1", 
"shape2", "stretch", "x_min", "x_max", "maxima", "rep"), class = c("tbl_df", 
"tbl", "data.frame"), row.names = c(NA, -1L))), .Names = c("lm_df", 
"lasso_df", "summ_stan_df"))
run_x <-
structure(list(lasso_df = structure(list(var = c("maxima", "stretch", 
"x_max", "x_min"), mean = c(0.173226598563973, 0.0340138142404259, 
-0.44870891781997, -0.157924082299854), prop = c(0.0125, 0.0825, 
0, 0.005), rand_var = c(1.21413922380447, 1.21413922380447, 1.21413922380447, 
1.21413922380447), mean_rand = c(0.724904577206205, 0.724904577206205, 
0.724904577206205, 0.724904577206205), sim_n = c(31L, 31L, 31L, 
31L)), .Names = c("var", "mean", "prop", "rand_var", "mean_rand", 
"sim_n"), class = c("tbl_df", "tbl", "data.frame"), row.names = c(NA, 
-4L)), lasso_depth = structure(list(draw = 1:400, `(Intercept)` = c(-0.0666130952380953, 
-0.0666130952380953, -0.0666130952380953, -0.0666130952380953, 
-0.0666130952380953, -0.0666130952380953, -0.0666130952380953, 
-0.0643141242528379, -0.0666130952380953, -0.0666130952380953, 
-0.0666130952380953, -0.0666130952380953, -0.0666130952380953, 
-0.0666130952380953, -0.00149430971780896, -0.0666130952380953, 
-0.0666130952380953, -0.0666130952380953, -0.0666130952380953, 
0.0315087860952711, -0.0666130952380953, 0.0250487513910917, 
-0.0666130952380953, -0.00032382631160377, -0.0666130952380953, 
-0.0666130952380953, -0.0666130952380953, -0.0666130952380953, 
-0.0666130952380953, -0.0666130952380953, -0.0666130952380953, 
-0.0270447516379254, 0.0262849037582327, -0.0666130952380953, 
-0.0666130952380953, -0.0666130952380953, -0.0666130952380953, 
-0.0666130952380953, -0.0666130952380953, -0.0666130952380953, 
-0.0666130952380953, -0.0666130952380953, -0.0666130952380953, 
-0.0666130952380953, -0.0666130952380953, -0.0666130952380953, 
-0.0666130952380953, -0.0666130952380953, -0.0666130952380953, 
-0.0666130952380953, -0.0666130952380953, -0.0666130952380953, 
-0.0666130952380953, 0.00969134477668242, -0.0666130952380953, 
-0.0666130952380953, -0.0666130952380953, -0.0666130952380953, 
-0.0018566720030673, -0.0666130952380953, -0.0666130952380953, 
-0.0666130952380953, -0.0666130952380953, -0.0666130952380953, 
-0.0666130952380953, -0.0666130952380953, -0.0666130952380953, 
-0.0666130952380953, -0.0327714397104867, -0.0666130952380953, 
-0.0666130952380953, -0.0666130952380953, -0.0666130952380953, 
-0.0666130952380953, -0.0666130952380953, -0.0666130952380953, 
-0.0666130952380953, -0.0666130952380953, -0.0666130952380953, 
-0.048180485868251, -0.0666130952380953, -0.0666130952380953, 
-0.0666130952380953, -0.0666130952380953, -0.0661415558717965, 
-0.0666130952380953, 0.0232464466870468, -0.0666130952380953, 
-0.0666130952380953, -0.0666130952380953, 0.00884296462403288, 
-0.171540201231219, -0.0666130952380953, -0.0666130952380953, 
-0.0666130952380953, 0.0081083154451641, -0.0666130952380953, 
-0.0666130952380953, -0.0666130952380953, -0.0666130952380953, 
-0.0666130952380953, -0.0666130952380953, -0.0666130952380953, 
-0.0529508231143627, -0.0666130952380953, -0.0267378794914367, 
-0.0257017601269744, -0.0515805018352405, -0.0641383509892731, 
-0.0666130952380953, -0.0666130952380953, -0.0961572498450137, 
-0.0666130952380953, -0.0502539871540615, -0.0666130952380953, 
-0.0666130952380953, -0.0666130952380953, -0.0679113607457188, 
-0.0445526041006377, -0.0666130952380953, -0.0650644812127538, 
-0.0514007378671979, -0.0135649463660009, -0.0666130952380953, 
-0.0666130952380953, -0.0666130952380953, -0.0666130952380953, 
-0.0666130952380953, -0.0666130952380953, -0.0666130952380953, 
-0.0604637717045696, -0.0666130952380953, -0.0666130952380953, 
-0.0666130952380953, -0.0709822799977053, -0.0666130952380953, 
-0.0852451364106527, -0.0666130952380953, -0.0666130952380953, 
-0.0976327242536287, -0.0666130952380953, -0.0666130952380953, 
-0.0687326766885611, -0.0666130952380953, -0.0666130952380953, 
-0.0567264955157137, -0.0666130952380953, -0.0666130952380953, 
-0.0666130952380953, -0.0666130952380953, -0.0666130952380953, 
-0.0370372164800604, -0.0666130952380953, -0.0567605847803585, 
-0.0513724524837463, -0.0666130952380953, 0.100039063595912, 
-0.0638996060611148, -0.0666130952380953, -0.0666130952380953, 
-0.0666130952380953, -0.0666130952380953, -0.0536078906092498, 
-0.0666130952380953, -0.0604477057178155, -0.0666130952380953, 
-0.0666130952380953, -0.0666130952380953, -0.0509697620737981, 
-0.0666130952380953, -0.0278733501508257, -0.065833540288153, 
-0.0666130952380953, -0.0666130952380953, -0.0666130952380953, 
-0.0666130952380953, -0.105793053152374, -0.0666130952380953, 
-0.0666130952380953, -0.0592521715259199, -0.0666130952380953, 
-0.0666130952380953, -0.0361185242521623, -0.0240918010786669, 
-0.046529602553891, -0.0188795791100285, -0.0666130952380953, 
-0.0590197127054728, -0.0431583652164666, -0.0504963660419725, 
-0.0484084169742834, -0.0567875219719653, -0.0666130952380953, 
