run_x <-
structure(list(lm_df = structure(list(term = c("maxima_sc", "stretch_sc", 
"x_max_sc", "x_min_sc"), coef = c(0.105417798731783, 0.0576159534500942, 
0.0134412253565483, -0.0065910034764574), p_value = c(0.0402267081442212, 
0.00101346018603596, 0.115219822869269, 0.229477241343129), rand_var = c(1.77881374201833, 
1.77881374201833, 1.77881374201833, 1.77881374201833), mean_rand = c(0.199866051553082, 
0.199866051553082, 0.199866051553082, 0.199866051553082), sim_n = c(45L, 
45L, 45L, 45L)), .Names = c("term", "coef", "p_value", "rand_var", 
"mean_rand", "sim_n"), class = c("tbl_df", "tbl", "data.frame"
), row.names = c(NA, -4L)), lasso_df = structure(list(var = c("maxima", 
"stretch", "x_max", "x_min"), mean = c(1.02568816659608, 0.572584440710206, 
-0.227268655209312, 0.106705413621741), prop = c(0.16, 0.4525, 
0.0425, 0.0525), rand_var = c(1.77881374201833, 1.77881374201833, 
1.77881374201833, 1.77881374201833), mean_rand = c(0.199866051553082, 
0.199866051553082, 0.199866051553082, 0.199866051553082), sim_n = c(45L, 
45L, 45L, 45L)), .Names = c("var", "mean", "prop", "rand_var", 
"mean_rand", "sim_n"), class = c("tbl_df", "tbl", "data.frame"
), row.names = c(NA, -4L)), summ_stan_df = structure(list(shape1 = 2.88796536381848, 
    shape2 = 3.22639902245869, stretch = 2.4273724970414, x_min = -0.0874428657161869, 
    x_max = 4.70672180421053, maxima = 2.81811761735784, rep = 45L), .Names = c("shape1", 
"shape2", "stretch", "x_min", "x_max", "maxima", "rep"), class = c("tbl_df", 
"tbl", "data.frame"), row.names = c(NA, -1L))), .Names = c("lm_df", 
"lasso_df", "summ_stan_df"))
run_x <-
structure(list(lm_df = structure(list(term = c("maxima_sc", "stretch_sc", 
"x_max_sc", "x_min_sc"), coef = c(0.105417798731783, 0.0576159534500942, 
0.0134412253565483, -0.0065910034764574), p_value = c(0.0402267081442212, 
0.00101346018603596, 0.115219822869269, 0.229477241343129), rand_var = c(1.77881374201833, 
1.77881374201833, 1.77881374201833, 1.77881374201833), mean_rand = c(0.199866051553082, 
0.199866051553082, 0.199866051553082, 0.199866051553082), sim_n = c(45L, 
45L, 45L, 45L)), .Names = c("term", "coef", "p_value", "rand_var", 
"mean_rand", "sim_n"), class = c("tbl_df", "tbl", "data.frame"
), row.names = c(NA, -4L)), lasso_df = structure(list(var = c("maxima", 
"stretch", "x_max", "x_min"), mean = c(1.02568816659608, 0.572584440710206, 
-0.227268655209312, 0.106705413621741), prop = c(0.16, 0.4525, 
0.0425, 0.0525), rand_var = c(1.77881374201833, 1.77881374201833, 
1.77881374201833, 1.77881374201833), mean_rand = c(0.199866051553082, 
0.199866051553082, 0.199866051553082, 0.199866051553082), sim_n = c(45L, 
45L, 45L, 45L)), .Names = c("var", "mean", "prop", "rand_var", 
"mean_rand", "sim_n"), class = c("tbl_df", "tbl", "data.frame"
), row.names = c(NA, -4L)), summ_stan_df = structure(list(shape1 = 2.88796536381848, 
    shape2 = 3.22639902245869, stretch = 2.4273724970414, x_min = -0.0874428657161869, 
    x_max = 4.70672180421053, maxima = 2.81811761735784, rep = 45L), .Names = c("shape1", 
"shape2", "stretch", "x_min", "x_max", "maxima", "rep"), class = c("tbl_df", 
"tbl", "data.frame"), row.names = c(NA, -1L))), .Names = c("lm_df", 
"lasso_df", "summ_stan_df"))
run_x <-
structure(list(lasso_df = structure(list(var = c("maxima", "stretch", 
"x_max", "x_min"), mean = c(0.399279348188096, 0.389862961098424, 
-0.0777952643409967, 0.0749408990041936), prop = c(0.1375, 0.485, 
0.0275, 0.0625), rand_var = c(1.77881374201833, 1.77881374201833, 
1.77881374201833, 1.77881374201833), mean_rand = c(0.199866051553082, 
0.199866051553082, 0.199866051553082, 0.199866051553082), sim_n = c(45L, 
45L, 45L, 45L)), .Names = c("var", "mean", "prop", "rand_var", 
"mean_rand", "sim_n"), class = c("tbl_df", "tbl", "data.frame"
), row.names = c(NA, -4L)), lasso_depth = structure(list(draw = 1:400, 
    `(Intercept)` = c(-0.0431395292215092, -0.0632156955998978, 
    -0.0779171813401222, -0.0666130952380953, -0.0622251224497414, 
    -0.0756255788460111, -0.0592767296975659, -0.0675464453929469, 
    -0.0425156087471965, -0.0666130952380953, -0.0692908171939584, 
    -0.0553179750584126, -0.0559451784328326, -0.065199918524129, 
    -0.0654617897276259, -0.0706731219701512, -0.0420431447661918, 
    -0.0649188382391854, -0.0603392574156706, -0.0637071929952995, 
    -0.0465209882879896, -0.0667539947834086, -0.0620788500738313, 
    -0.0445330041674375, -0.0622327719462091, -0.0571525238652452, 
    -0.0672049703602853, -0.0666130952380953, -0.0685074598427549, 
    -0.0567388320602841, -0.0656410651323022, -0.0562562599163559, 
    -0.0746711838480178, -0.0582365828487753, -0.0666130952380953, 
    -0.0596663664669322, -0.0659241839605651, -0.0609987974730797, 
    -0.0608514422998769, -0.0531533636237507, -0.061919929241671, 
    -0.0666130952380953, -0.0611476427100792, -0.0617139080117639, 
    -0.0651277418014683, -0.0660458512452565, -0.0684715004087767, 
    -0.0643820556219713, -0.0533769249680913, -0.0632881934400477, 
    -0.0624932854231605, -0.0639000207926777, -0.0659999483400374, 
    -0.0669565837395072, -0.0622169721307947, -0.0597101268483008, 
    -0.072521475888364, -0.0524157438579399, -0.0653148894257872, 
    -0.0410681291899365, -0.0524686069158385, -0.0422222525217333, 
    -0.0661394140651416, -0.0543983606925251, -0.066693120185743, 
    -0.0652558024616479, -0.0566329255487952, -0.0666130952380953, 
    -0.0632365964152511, -0.050346553632041, -0.0641049343647312, 
    -0.0601902000768174, -0.0631965420241932, -0.0674378217989502, 
    -0.05914468453754, -0.0630396627867129, -0.0628206463528907, 
    -0.0666130952380953, -0.049017761568122, -0.0585488672764851, 
    -0.0482921479792398, -0.065528236741811, -0.0684077775286113, 
    -0.0497965571244409, -0.0551860147924627, -0.0656552802964029, 
    -0.0524326675784694, -0.0681634729207898, -0.0666130952380953, 
    -0.0640309567655506, -0.039733492416298, -0.0647227151236833, 
    -0.0535217508736244, -0.0355442378700346, -0.0671804698003218, 
    -0.0666130952380953, -0.0649482704721314, -0.0615534274553786, 
    -0.0530799867011017, -0.0718783647529967, -0.110033082024314, 
    -0.0841174847545776, -0.0666130952380953, -0.075094940591952, 
    -0.0571081047177528, -0.0634485119363161, -0.0567154270010727, 
    -0.0748554673378836, -0.093062350228725, -0.0666130952380953, 
    -0.0707140549319201, -0.0569026919761412, -0.0666130952380953, 
    -0.0666130952380953, -0.0765789110862029, -0.0785463320556557, 
    -0.0690472209539103, -0.188663458281293, -0.0486992260389413, 
    -0.0666130952380953, -0.0710961730966527, -0.0680307482801688, 
    -0.0676167452426908, -0.0666130952380953, -0.0900773910317505, 
    -0.0621079117317663, -0.0710812496068623, -0.10318206562448, 
    -0.0733228446552095, -0.0745408842549293, -0.0629341389014487, 
    -0.066858408499998, -0.122568580982479, -0.0494484752013558, 
    -0.0550467665699852, -0.0913997404932757, -0.0763117692943179, 
    -0.0651182759806535, -0.0688574585041654, -0.0760162532060388, 
    -0.0689933477117459, -0.0507911982835059, -0.0666130952380953, 
    -0.0605189713299248, -0.088813350702358, -0.0722074567771197, 
    -0.0551415714821528, -0.0492869464221768, -0.0627758146644752, 
    -0.0670220931532391, -0.095086597587999, -0.0666130952380953, 
    -0.0757230776253792, -0.0666130952380953, -0.0996973802566615, 
    -0.0666130952380953, -0.0583066116479336, -0.0623361860762735, 
    -0.0630998537987775, -0.0676280933112596, -0.0678980517575789, 
    -0.113708989275794, -0.0930665380540487, -0.0594521166732167, 
    -0.0668606996413154, -0.0768973144440983, -0.0731724172427444, 
    -0.072179052586445, -0.0709541766939938, -0.071793506861287, 
    -0.0511928553182797, -0.0666130952380953, -0.0666130952380953, 
    -0.0923285955071735, -0.0666130952380953, -0.0647146250819768, 
    -0.0536862058876033, -0.0666130952380953, -0.0735497090516991, 
    -0.0643000005216853, -0.0828618312897825, -0.0632742949998204, 
