run_x <-
structure(list(lm_df = structure(list(term = c("maxima_sc", "stretch_sc", 
"x_max_sc", "x_min_sc"), coef = c(0.00920246870071149, 0.0421099540138494, 
-0.0163546009625329, -0.000609901957039251), p_value = c(0.0274649316840555, 
0.00312402381835123, 0.0439790883110359, 0.094612018743691), 
    rand_var = c(3.73355675919569, 3.73355675919569, 3.73355675919569, 
    3.73355675919569), mean_rand = c(-1.17576809138546, -1.17576809138546, 
    -1.17576809138546, -1.17576809138546), sim_n = c(93L, 93L, 
    93L, 93L)), .Names = c("term", "coef", "p_value", "rand_var", 
"mean_rand", "sim_n"), class = c("tbl_df", "tbl", "data.frame"
), row.names = c(NA, -4L)), lasso_df = structure(list(var = c("maxima", 
"stretch", "x_max", "x_min"), mean = c(0.196196435865184, 0.363116044166706, 
-0.301290938441884, -0.00749636778560817), prop = c(0.045, 0.3, 
0.015, 0.1), rand_var = c(3.73355675919569, 3.73355675919569, 
3.73355675919569, 3.73355675919569), mean_rand = c(-1.17576809138546, 
-1.17576809138546, -1.17576809138546, -1.17576809138546), sim_n = c(93L, 
93L, 93L, 93L)), .Names = c("var", "mean", "prop", "rand_var", 
"mean_rand", "sim_n"), class = c("tbl_df", "tbl", "data.frame"
), row.names = c(NA, -4L)), summ_stan_df = structure(list(shape1 = 3.9179969967184, 
    shape2 = 4.78653186825535, stretch = 1.16649797160452, x_min = -1.25962649525383, 
    x_max = 2.2432655344825, maxima = 0.909940761368243, rep = 93L), .Names = c("shape1", 
"shape2", "stretch", "x_min", "x_max", "maxima", "rep"), class = c("tbl_df", 
"tbl", "data.frame"), row.names = c(NA, -1L))), .Names = c("lm_df", 
"lasso_df", "summ_stan_df"))
run_x <-
structure(list(lm_df = structure(list(term = c("maxima_sc", "stretch_sc", 
"x_max_sc", "x_min_sc"), coef = c(0.00920246870071149, 0.0421099540138494, 
-0.0163546009625329, -0.000609901957039251), p_value = c(0.0274649316840555, 
0.00312402381835123, 0.0439790883110359, 0.094612018743691), 
    rand_var = c(3.73355675919569, 3.73355675919569, 3.73355675919569, 
    3.73355675919569), mean_rand = c(-1.17576809138546, -1.17576809138546, 
    -1.17576809138546, -1.17576809138546), sim_n = c(93L, 93L, 
    93L, 93L)), .Names = c("term", "coef", "p_value", "rand_var", 
"mean_rand", "sim_n"), class = c("tbl_df", "tbl", "data.frame"
), row.names = c(NA, -4L)), lasso_df = structure(list(var = c("maxima", 
"stretch", "x_max", "x_min"), mean = c(0.196196435865184, 0.363116044166706, 
-0.301290938441884, -0.00749636778560817), prop = c(0.045, 0.3, 
0.015, 0.1), rand_var = c(3.73355675919569, 3.73355675919569, 
3.73355675919569, 3.73355675919569), mean_rand = c(-1.17576809138546, 
-1.17576809138546, -1.17576809138546, -1.17576809138546), sim_n = c(93L, 
93L, 93L, 93L)), .Names = c("var", "mean", "prop", "rand_var", 
"mean_rand", "sim_n"), class = c("tbl_df", "tbl", "data.frame"
), row.names = c(NA, -4L)), summ_stan_df = structure(list(shape1 = 3.9179969967184, 
    shape2 = 4.78653186825535, stretch = 1.16649797160452, x_min = -1.25962649525383, 
    x_max = 2.2432655344825, maxima = 0.909940761368243, rep = 93L), .Names = c("shape1", 
"shape2", "stretch", "x_min", "x_max", "maxima", "rep"), class = c("tbl_df", 
"tbl", "data.frame"), row.names = c(NA, -1L))), .Names = c("lm_df", 
"lasso_df", "summ_stan_df"))
run_x <-
structure(list(lasso_df = structure(list(var = c("maxima", "stretch", 
"x_max", "x_min"), mean = c(0.0249259168652261, 0.183639949640241, 
-0.128250858651359, 0.509653665043438), prop = c(0.0325, 0.3, 
0.015, 0.3325), rand_var = c(3.73355675919569, 3.73355675919569, 
3.73355675919569, 3.73355675919569), mean_rand = c(-1.17576809138546, 
-1.17576809138546, -1.17576809138546, -1.17576809138546), sim_n = c(93L, 
93L, 93L, 93L)), .Names = c("var", "mean", "prop", "rand_var", 
"mean_rand", "sim_n"), class = c("tbl_df", "tbl", "data.frame"
), row.names = c(NA, -4L)), lasso_depth = structure(list(draw = 1:400, 
    `(Intercept)` = c(-0.0261730410737527, -0.08941608414033, 
    -0.0446201095364921, -0.0666130952380953, -0.0203899972031088, 
    -0.0274498231387476, -0.0706534435350951, -0.0666130952380953, 
    -0.0679490573707996, -0.0316864468710734, -0.0823234141160719, 
    -0.0666130952380953, -0.0544448094081656, -0.0649856205304552, 
    -0.0666130952380953, -0.041227818098702, -0.0704215342013474, 
    -0.0308222832428776, -0.0666130952380953, -0.0548885218481504, 
    -0.0273285175467663, -0.0668621197278236, -0.0485523927399105, 
    -0.0666130952380953, -0.0666130952380953, -0.0666130952380953, 
    -0.0642146705266575, -0.0666130952380953, -0.0727192787923522, 
    -0.0535200104538722, -0.0666130952380953, -0.0666130952380953, 
    -0.0666130952380953, -0.0481634257273014, -0.0666130952380953, 
    -0.0666130952380953, -0.0666130952380953, -0.0683887618288405, 
    -0.0442430837226256, -0.0093973207789273, -0.0666130952380953, 
    -0.0666130952380953, -0.0438713071606844, -0.0666130952380953, 
    -0.0666130952380953, -0.0454642944336257, -0.0666130952380953, 
    -0.0666130952380953, -0.0666130952380953, -0.0666130952380953, 
    -0.0666130952380953, -0.0265966007835367, -0.0666130952380953, 
    -0.0666130952380953, -0.0666130952380953, -0.0666130952380953, 
    -0.0885979548402719, 0.00777036778265537, -0.0666130952380953, 
    -0.0633410844351984, -0.0585126877486217, -0.0666130952380953, 
    -0.0666130952380953, -0.0666130952380953, -0.0607696733416179, 
    -0.0200011828165314, -0.0504827688510762, -0.0666130952380953, 
    -0.0666130952380953, -0.0259071823666146, -0.0676533914496493, 
    -0.0339080247373364, -0.0666130952380953, -0.0218706620220238, 
    -0.0666130952380953, -0.0967892243160241, -0.0666130952380953, 
    -0.0666130952380953, -0.0666130952380953, -0.0666130952380953, 
    -0.0666130952380953, -0.0666130952380953, -0.0666130952380953, 
    -0.0666130952380953, -0.0646647218389874, -0.0422672269707172, 
    -0.0357829836846487, -0.0666130952380953, -0.0588107065348697, 
    -0.0152912265913217, -0.0666130952380953, -0.0637560372382428, 
    -0.0307733112264579, -0.0666130952380953, -0.0666130952380953, 
    -0.0666130952380953, -0.0666130952380953, -0.0382632566450498, 
    -0.0535696466967707, -0.0666130952380953, -0.0765057895921434, 
    -0.0780080617166362, -0.076779077584981, -0.0779640544394667, 
    -0.0784675297035865, -0.077820010218564, -0.0775893918806757, 
    -0.0775044051309106, -0.0785400313701016, -0.0776658931812751, 
    -0.0779473708862581, -0.0789280183541599, -0.0774564446762923, 
    -0.0772600410478471, -0.0779098572922228, -0.0765463389222963, 
    -0.0774584908809046, -0.0791284190439163, -0.0760780051710085, 
    -0.0770505156241949, -0.0775193610280667, -0.0779440462674901, 
    -0.0787384911762641, -0.0777204385579704, -0.0779440462674901, 
    -0.0786252467698526, -0.0777116956258933, -0.0761880349618087, 
    -0.0783156088164486, -0.0761082844102159, -0.0765688856104675, 
    -0.0762897347674411, -0.0786345655817902, -0.0777392550397353, 
    -0.077825083847729, -0.0785586754724531, -0.0786345655817902, 
    -0.0773653250953491, -0.0780989143728256, -0.0773376958420789, 
    -0.0786897117702682, -0.0786345655817902, -0.0759244841768321, 
    -0.0765737708875785, -0.07594650699413, -0.0777154411115041, 
    -0.0771852705635699, -0.0770606755843287, -0.0777473542078222, 
    -0.0755483356275755, -0.0771688769936049, -0.0781290353826576, 
    -0.0774564446762923, -0.0761376486561304, -0.0784417452143479, 
    -0.0778413359905414, -0.0763036371291805, -0.0771971400502846, 
    -0.0765062413533028, -0.0772852904658603, -0.0782494509209868, 
    -0.0781529574866845, -0.0790774773202542, -0.0773041984063966, 
    -0.0780989143728256, -0.075979131375556, -0.0781529574866845, 
    -0.0773041984063966, -0.0786397021594735, -0.0768832713987331, 
    -0.0758349413755399, -0.0779098572922228, -0.0776243356138548, 
    -0.0767290200565961, -0.0772717656338328, -0.0787137733354047, 
    -0.0761835724176345, -0.0777000286620243, -0.0781529574866845, 
