run_x <-
structure(list(lm_df = structure(list(term = c("maxima_sc", "stretch_sc", 
"x_max_sc", "x_min_sc"), coef = c(0.022110740923518, 0.0644556910567662, 
-0.00935293275291026, 0.00824196508082003), p_value = c(0.0566272738193633, 
0.00151454492415623, 0.248695475448479, 0.27932562695229), rand_var = c(0.164213127020369, 
0.164213127020369, 0.164213127020369, 0.164213127020369), mean_rand = c(-0.0589382096559756, 
-0.0589382096559756, -0.0589382096559756, -0.0589382096559756
), sim_n = c(5L, 5L, 5L, 5L)), .Names = c("term", "coef", "p_value", 
"rand_var", "mean_rand", "sim_n"), class = c("tbl_df", "tbl", 
"data.frame"), row.names = c(NA, -4L)), lasso_df = structure(list(
    var = c("maxima", "stretch", "x_max", "x_min"), mean = c(-0.0165891460586427, 
    0.129435446259354, -0.0174278325840671, 0.039595659582223
    ), prop = c(0.0125, 0.1625, 0.015, 0.045), rand_var = c(0.164213127020369, 
    0.164213127020369, 0.164213127020369, 0.164213127020369), 
    mean_rand = c(-0.0589382096559756, -0.0589382096559756, -0.0589382096559756, 
    -0.0589382096559756), sim_n = c(5L, 5L, 5L, 5L)), .Names = c("var", 
"mean", "prop", "rand_var", "mean_rand", "sim_n"), class = c("tbl_df", 
"tbl", "data.frame"), row.names = c(NA, -4L)), summ_stan_df = structure(list(
    shape1 = 2.86994690828927, shape2 = 3.0770603818194, stretch = 1.11085468421019, 
    x_min = -0.451874700475304, x_max = 4.90350520515213, maxima = 2.83840794084846, 
    rep = 5L), .Names = c("shape1", "shape2", "stretch", "x_min", 
"x_max", "maxima", "rep"), class = c("tbl_df", "tbl", "data.frame"
), row.names = c(NA, -1L))), .Names = c("lm_df", "lasso_df", 
"summ_stan_df"))
run_x <-
structure(list(lm_df = structure(list(term = c("maxima_sc", "stretch_sc", 
"x_max_sc", "x_min_sc"), coef = c(0.022110740923518, 0.0644556910567662, 
-0.00935293275291026, 0.00824196508082003), p_value = c(0.0566272738193633, 
0.00151454492415623, 0.248695475448479, 0.27932562695229), rand_var = c(0.164213127020369, 
0.164213127020369, 0.164213127020369, 0.164213127020369), mean_rand = c(-0.0589382096559756, 
-0.0589382096559756, -0.0589382096559756, -0.0589382096559756
), sim_n = c(5L, 5L, 5L, 5L)), .Names = c("term", "coef", "p_value", 
"rand_var", "mean_rand", "sim_n"), class = c("tbl_df", "tbl", 
"data.frame"), row.names = c(NA, -4L)), lasso_df = structure(list(
    var = c("maxima", "stretch", "x_max", "x_min"), mean = c(-0.0165891460586427, 
    0.129435446259354, -0.0174278325840671, 0.039595659582223
    ), prop = c(0.0125, 0.1625, 0.015, 0.045), rand_var = c(0.164213127020369, 
    0.164213127020369, 0.164213127020369, 0.164213127020369), 
    mean_rand = c(-0.0589382096559756, -0.0589382096559756, -0.0589382096559756, 
    -0.0589382096559756), sim_n = c(5L, 5L, 5L, 5L)), .Names = c("var", 
"mean", "prop", "rand_var", "mean_rand", "sim_n"), class = c("tbl_df", 
"tbl", "data.frame"), row.names = c(NA, -4L)), summ_stan_df = structure(list(
    shape1 = 2.86994690828927, shape2 = 3.0770603818194, stretch = 1.11085468421019, 
    x_min = -0.451874700475304, x_max = 4.90350520515213, maxima = 2.83840794084846, 
    rep = 5L), .Names = c("shape1", "shape2", "stretch", "x_min", 
"x_max", "maxima", "rep"), class = c("tbl_df", "tbl", "data.frame"
), row.names = c(NA, -1L))), .Names = c("lm_df", "lasso_df", 
"summ_stan_df"))
run_x <-
structure(list(lasso_df = structure(list(var = c("maxima", "stretch", 
"x_max", "x_min"), mean = c(-0.00636999309597922, 0.135122426019432, 
-0.00948197837520015, 0.046819489971792), prop = c(0.0325, 0.1675, 
0.0275, 0.055), rand_var = c(0.164213127020369, 0.164213127020369, 
0.164213127020369, 0.164213127020369), mean_rand = c(-0.0589382096559756, 
-0.0589382096559756, -0.0589382096559756, -0.0589382096559756
), sim_n = c(5L, 5L, 5L, 5L)), .Names = c("var", "mean", "prop", 
"rand_var", "mean_rand", "sim_n"), class = c("tbl_df", "tbl", 
"data.frame"), row.names = c(NA, -4L)), lasso_depth = structure(list(
    draw = 1:400, `(Intercept)` = c(-0.0708038779428286, -0.0674062394092532, 
    -0.0670610760135803, -0.0724015273354133, -0.0599157587768117, 
    -0.0711893772128081, -0.0621185022014062, -0.0544096965095912, 
    -0.0211687947463178, -0.0632996937388184, -0.0947779656376329, 
    -0.05588984075111, -0.0717167478363333, -0.0812846737307897, 
    -0.0653767940373234, -0.0724352896127585, -0.0543674751128977, 
    -0.0704523313798614, -0.0546313570083995, -0.0666130952380953, 
    -0.0603610931895055, -0.0584919032819657, -0.0581374434419697, 
    -0.0630676330036088, -0.0641264728816758, -0.0627125780876809, 
    -0.0706410692514298, -0.0573685560034692, -0.0713379780334678, 
    -0.0479538438731781, -0.0597964379727833, -0.0581767264346956, 
    -0.0768300856386671, -0.0708343690909582, -0.0644563835933929, 
    -0.073684350797054, -0.0678340656564232, -0.072556635300023, 
    -0.0583324720200995, -0.0774415432740109, -0.0629475687722222, 
    -0.0617183662108894, -0.0652032768915279, -0.0638959179083962, 
    -0.0652511611223968, -0.066522132309434, -0.0717395879887879, 
    -0.0728872752207791, -0.0622226702011269, -0.0675500581639008, 
    -0.0749612491244295, -0.0457058421427176, -0.0707506659696923, 
    -0.0705064686659218, -0.098647960788411, -0.0509566625629351, 
    -0.0530302923723235, -0.0935662530719788, -0.0728626820675936, 
    -0.0793817261741204, -0.0737801438499396, -0.0720323183449159, 
    -0.0693477120621763, -0.0701175928169941, -0.0616177190003283, 
    -0.0642832509841001, -0.0760467373303033, -0.0648930266625207, 
    -0.072478472389917, -0.0661862686844494, -0.0689098782923468, 
    -0.0619033725032015, -0.0544371556062271, -0.0593982205174154, 
    -0.0630094888877014, -0.0667935696161109, -0.0756844359484082, 
    -0.0624203254626865, -0.0679683137270818, -0.0546612254151299, 
    -0.0835919118275101, -0.0606605765770563, -0.0674911851568591, 
    -0.0764616236189937, -0.0632308463160372, -0.0600435849185203, 
    -0.059254174703329, -0.0592383607700948, -0.0600561346465338, 
    -0.0582645889229064, -0.0635128912294774, -0.0655705489544657, 
    -0.0786696504134795, -0.0633006511832853, -0.0503218184192148, 
    -0.053155171885194, -0.0735629041938684, -0.0553537040535247, 
    -0.0751981525467785, -0.0645836998930822, -0.0564525910648722, 
    -0.0594747142417606, -0.0733935261872202, -0.0658635921637258, 
    -0.0841366131584199, -0.0795170192592055, -0.0764931880998437, 
    -0.0549759743850921, -0.0654758796797488, -0.065072568023815, 
    -0.0633755571265151, -0.0654933694124285, -0.0683331750030688, 
    -0.0845427641921018, -0.0561400436280881, -0.0575689095624032, 
    -0.0864482231752888, -0.0635104277662893, -0.0617632429363516, 
    -0.0438057347320561, -0.0835057104912359, -0.0695662005173573, 
    -0.0569932211367028, -0.0592899366270199, -0.0603092840278809, 
    -0.065960695978057, -0.0345537271300628, -0.0602706356655531, 
    -0.0616857667223001, -0.0545447426490476, -0.059466995364587, 
    -0.0457967362206969, -0.0579454502243917, -0.0614468272174622, 
    -0.0671424961926833, -0.0798123609803876, -0.0636364762425994, 
    -0.0605732173073459, -0.0596337800938247, -0.0895741358287938, 
    -0.054424095112301, -0.0633329016766002, -0.0611892192424332, 
    -0.0619240788072595, -0.0650027936126858, -0.068043016341396, 
    -0.0618870728807704, -0.0719432040879966, -0.0552222281478775, 
    -0.0587143928975222, -0.0566555208268546, -0.061700080609845, 
    -0.0491310969031896, -0.073464954706546, -0.0670672617732197, 
    -0.0643659390376915, -0.0592410637721663, -0.0680001784160762, 
    -0.0677746938755528, -0.0596988699612892, -0.0476077409488601, 
    -0.0909150555865367, -0.0729810827895628, -0.0598693466075925, 
    -0.089942990940432, -0.0635016203594494, -0.0697835933830677, 
    -0.0703036937910997, -0.0748783962411073, -0.0595829312873628, 
    -0.0636407645621172, -0.0541568418441057, -0.0658226105010418, 
    -0.0617957827438636, -0.067081329365348, -0.0638288416020018, 
