run_x <-
structure(list(lm_df = structure(list(term = c("maxima_sc", "stretch_sc", 
"x_max_sc", "x_min_sc"), coef = c(0.0430903361301524, 0.0772449106651102, 
-0.02698320001418, -0.0175793117654713), p_value = c(0.019239348475719, 
0.00212350880662509, 0.0464672827276642, 0.104026021224487), 
    rand_var = c(0.44681662017689, 0.44681662017689, 0.44681662017689, 
    0.44681662017689), mean_rand = c(-0.0834505973384791, -0.0834505973384791, 
    -0.0834505973384791, -0.0834505973384791), sim_n = c(12L, 
    12L, 12L, 12L)), .Names = c("term", "coef", "p_value", "rand_var", 
"mean_rand", "sim_n"), class = c("tbl_df", "tbl", "data.frame"
), row.names = c(NA, -4L)), lasso_df = structure(list(var = c("maxima", 
"stretch", "x_max", "x_min"), mean = c(0.118979822714625, 0.219829986259041, 
-0.332135779704223, -0.298841174713009), prop = c(0.05, 0.195, 
0, 0.0075), rand_var = c(0.44681662017689, 0.44681662017689, 
0.44681662017689, 0.44681662017689), mean_rand = c(-0.0834505973384791, 
-0.0834505973384791, -0.0834505973384791, -0.0834505973384791
), sim_n = c(12L, 12L, 12L, 12L)), .Names = c("var", "mean", 
"prop", "rand_var", "mean_rand", "sim_n"), class = c("tbl_df", 
"tbl", "data.frame"), row.names = c(NA, -4L)), summ_stan_df = structure(list(
    shape1 = 3.39560203467921, shape2 = 3.93836575686647, stretch = 0.836256453223329, 
    x_min = -0.283058700349731, x_max = 4.36680096069014, maxima = 2.49876861424436, 
    rep = 12L), .Names = c("shape1", "shape2", "stretch", "x_min", 
"x_max", "maxima", "rep"), class = c("tbl_df", "tbl", "data.frame"
), row.names = c(NA, -1L))), .Names = c("lm_df", "lasso_df", 
"summ_stan_df"))
run_x <-
structure(list(lm_df = structure(list(term = c("maxima_sc", "stretch_sc", 
"x_max_sc", "x_min_sc"), coef = c(0.0430903361301524, 0.0772449106651102, 
-0.02698320001418, -0.0175793117654713), p_value = c(0.019239348475719, 
0.00212350880662509, 0.0464672827276642, 0.104026021224487), 
    rand_var = c(0.44681662017689, 0.44681662017689, 0.44681662017689, 
    0.44681662017689), mean_rand = c(-0.0834505973384791, -0.0834505973384791, 
    -0.0834505973384791, -0.0834505973384791), sim_n = c(12L, 
    12L, 12L, 12L)), .Names = c("term", "coef", "p_value", "rand_var", 
"mean_rand", "sim_n"), class = c("tbl_df", "tbl", "data.frame"
), row.names = c(NA, -4L)), lasso_df = structure(list(var = c("maxima", 
"stretch", "x_max", "x_min"), mean = c(0.118979822714625, 0.219829986259041, 
-0.332135779704223, -0.298841174713009), prop = c(0.05, 0.195, 
0, 0.0075), rand_var = c(0.44681662017689, 0.44681662017689, 
0.44681662017689, 0.44681662017689), mean_rand = c(-0.0834505973384791, 
-0.0834505973384791, -0.0834505973384791, -0.0834505973384791
), sim_n = c(12L, 12L, 12L, 12L)), .Names = c("var", "mean", 
"prop", "rand_var", "mean_rand", "sim_n"), class = c("tbl_df", 
"tbl", "data.frame"), row.names = c(NA, -4L)), summ_stan_df = structure(list(
    shape1 = 3.39560203467921, shape2 = 3.93836575686647, stretch = 0.836256453223329, 
    x_min = -0.283058700349731, x_max = 4.36680096069014, maxima = 2.49876861424436, 
    rep = 12L), .Names = c("shape1", "shape2", "stretch", "x_min", 
"x_max", "maxima", "rep"), class = c("tbl_df", "tbl", "data.frame"
), row.names = c(NA, -1L))), .Names = c("lm_df", "lasso_df", 
"summ_stan_df"))
