run_x <-
structure(list(lm_df = structure(list(term = c("maxima_sc", "stretch_sc", 
"x_max_sc", "x_min_sc"), coef = c(-0.0126374798187331, 0.063239291781349, 
0.00648434761855273, -0.0102808730393577), p_value = c(0.24837462565137, 
0.000528410349787863, 0.168997915802512, 0.18052231816896), rand_var = c(1.0930647108335, 
1.0930647108335, 1.0930647108335, 1.0930647108335), mean_rand = c(-0.765713982012708, 
-0.765713982012708, -0.765713982012708, -0.765713982012708), 
    sim_n = c(28L, 28L, 28L, 28L)), .Names = c("term", "coef", 
"p_value", "rand_var", "mean_rand", "sim_n"), class = c("tbl_df", 
"tbl", "data.frame"), row.names = c(NA, -4L)), lasso_df = structure(list(
    var = c("maxima", "stretch", "x_max", "x_min"), mean = c(-0.109284056008043, 
    0.450123732536494, 0.0388386510625885, 0.0558509712919373
    ), prop = c(0.0225, 0.5275, 0.0275, 0.075), rand_var = c(1.0930647108335, 
    1.0930647108335, 1.0930647108335, 1.0930647108335), mean_rand = c(-0.765713982012708, 
    -0.765713982012708, -0.765713982012708, -0.765713982012708
    ), sim_n = c(28L, 28L, 28L, 28L)), .Names = c("var", "mean", 
"prop", "rand_var", "mean_rand", "sim_n"), class = c("tbl_df", 
"tbl", "data.frame"), row.names = c(NA, -4L)), summ_stan_df = structure(list(
    shape1 = 3.05728510883859, shape2 = 5.15168064347455, stretch = 1.17943301882645, 
    x_min = 0.11017863484006, x_max = 3.51039331017937, maxima = 1.85488248772216, 
    rep = 28L), .Names = c("shape1", "shape2", "stretch", "x_min", 
"x_max", "maxima", "rep"), class = c("tbl_df", "tbl", "data.frame"
), row.names = c(NA, -1L))), .Names = c("lm_df", "lasso_df", 
"summ_stan_df"))
run_x <-
structure(list(lm_df = structure(list(term = c("maxima_sc", "stretch_sc", 
"x_max_sc", "x_min_sc"), coef = c(-0.0126374798187331, 0.063239291781349, 
0.00648434761855273, -0.0102808730393577), p_value = c(0.24837462565137, 
0.000528410349787863, 0.168997915802512, 0.18052231816896), rand_var = c(1.0930647108335, 
1.0930647108335, 1.0930647108335, 1.0930647108335), mean_rand = c(-0.765713982012708, 
-0.765713982012708, -0.765713982012708, -0.765713982012708), 
    sim_n = c(28L, 28L, 28L, 28L)), .Names = c("term", "coef", 
"p_value", "rand_var", "mean_rand", "sim_n"), class = c("tbl_df", 
"tbl", "data.frame"), row.names = c(NA, -4L)), lasso_df = structure(list(
    var = c("maxima", "stretch", "x_max", "x_min"), mean = c(-0.109284056008043, 
    0.450123732536494, 0.0388386510625885, 0.0558509712919373
    ), prop = c(0.0225, 0.5275, 0.0275, 0.075), rand_var = c(1.0930647108335, 
    1.0930647108335, 1.0930647108335, 1.0930647108335), mean_rand = c(-0.765713982012708, 
    -0.765713982012708, -0.765713982012708, -0.765713982012708
    ), sim_n = c(28L, 28L, 28L, 28L)), .Names = c("var", "mean", 
"prop", "rand_var", "mean_rand", "sim_n"), class = c("tbl_df", 
"tbl", "data.frame"), row.names = c(NA, -4L)), summ_stan_df = structure(list(
    shape1 = 3.05728510883859, shape2 = 5.15168064347455, stretch = 1.17943301882645, 
    x_min = 0.11017863484006, x_max = 3.51039331017937, maxima = 1.85488248772216, 
    rep = 28L), .Names = c("shape1", "shape2", "stretch", "x_min", 
"x_max", "maxima", "rep"), class = c("tbl_df", "tbl", "data.frame"
), row.names = c(NA, -1L))), .Names = c("lm_df", "lasso_df", 
"summ_stan_df"))
