run_x <-
structure(list(lm_df = structure(list(term = c("maxima_sc", "stretch_sc", 
"x_max_sc", "x_min_sc"), coef = c(-0.066186442823986, 0.0484351785455614, 
0.0266235023497973, -0.0514726794309058), p_value = c(0.0581760202087456, 
0.00666385151773746, 0.137133431758793, 0.00862050509396515), 
    rand_var = c(2.50763025259845, 2.50763025259845, 2.50763025259845, 
    2.50763025259845), mean_rand = c(-0.408814782569765, -0.408814782569765, 
    -0.408814782569765, -0.408814782569765), sim_n = c(63L, 63L, 
    63L, 63L)), .Names = c("term", "coef", "p_value", "rand_var", 
"mean_rand", "sim_n"), class = c("tbl_df", "tbl", "data.frame"
), row.names = c(NA, -4L)), lasso_df = structure(list(var = c("maxima", 
"stretch", "x_max", "x_min"), mean = c(0.00366357738033778, 0.115633141741008, 
-0.0114418171489379, -0.114313015825033), prop = c(0.06, 0.165, 
0.0575, 0.0025), rand_var = c(2.50763025259845, 2.50763025259845, 
2.50763025259845, 2.50763025259845), mean_rand = c(-0.408814782569765, 
-0.408814782569765, -0.408814782569765, -0.408814782569765), 
    sim_n = c(63L, 63L, 63L, 63L)), .Names = c("var", "mean", 
"prop", "rand_var", "mean_rand", "sim_n"), class = c("tbl_df", 
"tbl", "data.frame"), row.names = c(NA, -4L)), summ_stan_df = structure(list(
    shape1 = 3.74731904190987, shape2 = 3.43569606425104, stretch = 3.18427550916587, 
    x_min = -0.572409905028502, x_max = 4.8270642208016, maxima = 3.10679889219942, 
    rep = 63L), .Names = c("shape1", "shape2", "stretch", "x_min", 
"x_max", "maxima", "rep"), class = c("tbl_df", "tbl", "data.frame"
), row.names = c(NA, -1L))), .Names = c("lm_df", "lasso_df", 
"summ_stan_df"))
run_x <-
structure(list(lm_df = structure(list(term = c("maxima_sc", "stretch_sc", 
"x_max_sc", "x_min_sc"), coef = c(-0.066186442823986, 0.0484351785455614, 
0.0266235023497973, -0.0514726794309058), p_value = c(0.0581760202087456, 
0.00666385151773746, 0.137133431758793, 0.00862050509396515), 
    rand_var = c(2.50763025259845, 2.50763025259845, 2.50763025259845, 
    2.50763025259845), mean_rand = c(-0.408814782569765, -0.408814782569765, 
    -0.408814782569765, -0.408814782569765), sim_n = c(63L, 63L, 
    63L, 63L)), .Names = c("term", "coef", "p_value", "rand_var", 
"mean_rand", "sim_n"), class = c("tbl_df", "tbl", "data.frame"
), row.names = c(NA, -4L)), lasso_df = structure(list(var = c("maxima", 
"stretch", "x_max", "x_min"), mean = c(0.00366357738033778, 0.115633141741008, 
-0.0114418171489379, -0.114313015825033), prop = c(0.06, 0.165, 
0.0575, 0.0025), rand_var = c(2.50763025259845, 2.50763025259845, 
2.50763025259845, 2.50763025259845), mean_rand = c(-0.408814782569765, 
-0.408814782569765, -0.408814782569765, -0.408814782569765), 
    sim_n = c(63L, 63L, 63L, 63L)), .Names = c("var", "mean", 
"prop", "rand_var", "mean_rand", "sim_n"), class = c("tbl_df", 
"tbl", "data.frame"), row.names = c(NA, -4L)), summ_stan_df = structure(list(
    shape1 = 3.74731904190987, shape2 = 3.43569606425104, stretch = 3.18427550916587, 
    x_min = -0.572409905028502, x_max = 4.8270642208016, maxima = 3.10679889219942, 
    rep = 63L), .Names = c("shape1", "shape2", "stretch", "x_min", 
"x_max", "maxima", "rep"), class = c("tbl_df", "tbl", "data.frame"
), row.names = c(NA, -1L))), .Names = c("lm_df", "lasso_df", 
"summ_stan_df"))
