run_x <-
structure(list(lm_df = structure(list(term = c("maxima_sc", "stretch_sc", 
"x_max_sc", "x_min_sc"), coef = c(-0.0158469651411336, 0.0529607983777546, 
0.00451241289803788, -0.0276862666623483), p_value = c(0.131350542968512, 
0.00399532868450756, 0.231859941248926, 0.096585639216678), rand_var = c(0.567943430090329, 
0.567943430090329, 0.567943430090329, 0.567943430090329), mean_rand = c(-0.419006742326367, 
-0.419006742326367, -0.419006742326367, -0.419006742326367), 
    sim_n = c(15L, 15L, 15L, 15L)), .Names = c("term", "coef", 
"p_value", "rand_var", "mean_rand", "sim_n"), class = c("tbl_df", 
"tbl", "data.frame"), row.names = c(NA, -4L)), lasso_df = structure(list(
    var = c("maxima", "stretch", "x_max", "x_min"), mean = c(-0.018831084440601, 
    0.0759657365251179, -0.0880174935629714, -0.105348906405691
    ), prop = c(0.04, 0.1125, 0.0075, 0.0025), rand_var = c(0.567943430090329, 
    0.567943430090329, 0.567943430090329, 0.567943430090329), 
    mean_rand = c(-0.419006742326367, -0.419006742326367, -0.419006742326367, 
    -0.419006742326367), sim_n = c(15L, 15L, 15L, 15L)), .Names = c("var", 
"mean", "prop", "rand_var", "mean_rand", "sim_n"), class = c("tbl_df", 
"tbl", "data.frame"), row.names = c(NA, -4L)), summ_stan_df = structure(list(
    shape1 = 3.32781564259207, shape2 = 4.427505546997, stretch = 1.28134173601248, 
    x_min = -0.237063326218842, x_max = 4.4618859491174, maxima = 2.47207297547712, 
    rep = 15L), .Names = c("shape1", "shape2", "stretch", "x_min", 
"x_max", "maxima", "rep"), class = c("tbl_df", "tbl", "data.frame"
), row.names = c(NA, -1L))), .Names = c("lm_df", "lasso_df", 
"summ_stan_df"))
run_x <-
structure(list(lm_df = structure(list(term = c("maxima_sc", "stretch_sc", 
"x_max_sc", "x_min_sc"), coef = c(-0.0158469651411336, 0.0529607983777546, 
0.00451241289803788, -0.0276862666623483), p_value = c(0.131350542968512, 
0.00399532868450756, 0.231859941248926, 0.096585639216678), rand_var = c(0.567943430090329, 
0.567943430090329, 0.567943430090329, 0.567943430090329), mean_rand = c(-0.419006742326367, 
-0.419006742326367, -0.419006742326367, -0.419006742326367), 
    sim_n = c(15L, 15L, 15L, 15L)), .Names = c("term", "coef", 
"p_value", "rand_var", "mean_rand", "sim_n"), class = c("tbl_df", 
"tbl", "data.frame"), row.names = c(NA, -4L)), lasso_df = structure(list(
    var = c("maxima", "stretch", "x_max", "x_min"), mean = c(-0.018831084440601, 
    0.0759657365251179, -0.0880174935629714, -0.105348906405691
    ), prop = c(0.04, 0.1125, 0.0075, 0.0025), rand_var = c(0.567943430090329, 
    0.567943430090329, 0.567943430090329, 0.567943430090329), 
    mean_rand = c(-0.419006742326367, -0.419006742326367, -0.419006742326367, 
    -0.419006742326367), sim_n = c(15L, 15L, 15L, 15L)), .Names = c("var", 
"mean", "prop", "rand_var", "mean_rand", "sim_n"), class = c("tbl_df", 
"tbl", "data.frame"), row.names = c(NA, -4L)), summ_stan_df = structure(list(
    shape1 = 3.32781564259207, shape2 = 4.427505546997, stretch = 1.28134173601248, 
    x_min = -0.237063326218842, x_max = 4.4618859491174, maxima = 2.47207297547712, 
    rep = 15L), .Names = c("shape1", "shape2", "stretch", "x_min", 
"x_max", "maxima", "rep"), class = c("tbl_df", "tbl", "data.frame"
), row.names = c(NA, -1L))), .Names = c("lm_df", "lasso_df", 
"summ_stan_df"))
run_x <-
structure(list(lasso_df = structure(list(var = c("maxima", "stretch", 
"x_max", "x_min"), mean = c(-0.0491079475875102, 0.115171954384255, 
-0.134126843407374, -0.120751826720971), prop = c(0.0225, 0.1375, 
0.0025, 0.0075), rand_var = c(0.567943430090329, 0.567943430090329, 
0.567943430090329, 0.567943430090329), mean_rand = c(-0.419006742326367, 
-0.419006742326367, -0.419006742326367, -0.419006742326367), 
    sim_n = c(15L, 15L, 15L, 15L)), .Names = c("var", "mean", 
"prop", "rand_var", "mean_rand", "sim_n"), class = c("tbl_df", 
"tbl", "data.frame"), row.names = c(NA, -4L)), lasso_depth = structure(list(
    draw = 1:400, `(Intercept)` = c(-0.0666130952380953, -0.0666130952380953, 
    -0.0666130952380953, -0.0513104352006448, -0.0666130952380953, 
    -0.0666130952380953, -0.0680467348329372, -0.0491963646564745, 
    -0.0745206089457398, -0.0471221403865783, -0.0666130952380953, 
    -0.0666130952380953, -0.0616052962035515, -0.0698077162424093, 
    -0.0666130952380953, -0.0666130952380953, -0.0657885663912531, 
    -0.0644587762722704, -0.0631896561011508, -0.0627412598946033, 
    -0.0548963517270268, -0.0673140959682697, -0.0671006243577837, 
    -0.0556301146721509, -0.0672228949040265, -0.044535332439255, 
    -0.0666130952380953, -0.0443931328248381, -0.0646104941293144, 
    -0.0800769110847109, -0.0666130952380953, -0.0666130952380953, 
    -0.0522114051803933, -0.0574623834359137, -0.0762351685971067, 
    -0.064531441469781, -0.0666130952380953, -0.062342040727984, 
    -0.0665162737614741, -0.0943853291322971, -0.0649858398220426, 
    -0.0666130952380953, -0.065141122236631, -0.0730755000719763, 
    -0.0686455601075839, -0.0418582165623788, -0.074714618657285, 
    -0.0666130952380953, -0.0666130952380953, -0.0666130952380953, 
    -0.0632120315064835, 0.00750173540825355, -0.062887135932462, 
    -0.067402950983377, -0.0228170690683793, -0.0566986998492104, 
    -0.0666130952380953, -0.0591634194673514, -0.0756098658233277, 
    -0.0559925330775603, -0.0708572230101527, -0.0565793692800764, 
    -0.0666130952380953, -0.0666130952380953, -0.0319774825837589, 
    -0.0871875387634875, -0.0666130952380953, -0.0740870923264013, 
    -0.063063872512473, -0.0801965723615332, -0.0612208968818167, 
    -0.0688497731329943, -0.0647080690437303, -0.0666130952380953, 
    -0.0691039742126774, -0.0521198615105698, -0.0713196747700919, 
    -0.0616180944520968, -0.0760936242770575, -0.0598822576598757, 
    -0.0527331566829085, -0.0712765709973591, -0.0666130952380953, 
    -0.0614439933493386, -0.075924004816718, -0.0548997074828279, 
    -0.061848664474539, -0.0585785300886334, -0.0666130952380953, 
    -0.0666130952380953, -0.0392227007410759, -0.0673006313967867, 
    -0.0562665934210512, -0.046801585427226, -0.0666130952380953, 
    -0.0697704084550942, -0.0666130952380953, -0.0655806083431342, 
    -0.060573915473212, -0.0666130952380953, -0.0666130952380953, 
    -0.0575396646726842, -0.0666130952380953, -0.0666130952380953, 
    -0.0494861387886681, -0.0706645661105552, -0.0764124970849051, 
    -0.0813687760502719, -0.0575509386317129, -0.0590409046056639, 
    -0.0666130952380953, -0.0551431210459035, -0.0666130952380953, 
    -0.0581310633034859, -0.0521000318014328, -0.0666130952380953, 
    -0.0759820723523355, -0.075076122495667, -0.0665871098903738, 
    -0.0549849387012325, -0.0666130952380953, -0.0712643981711567, 
    -0.066546167155429, -0.0666130952380953, -0.0448290065099823, 
    -0.0759464176188199, -0.0666130952380953, -0.0666130952380953, 
    -0.0570107293196094, -0.0534475574067654, -0.0666130952380953, 
    -0.0666130952380953, -0.0666130952380953, -0.0485749034006266, 
    -0.0641091946792082, -0.0622453328055323, -0.0666130952380953, 
    -0.0681598173590137, -0.0628145707256183, -0.0686263113018652, 
    -0.057864622502458, -0.0666614125894422, -0.0590656302510773, 
    -0.0900419786593914, -0.0633131245518047, -0.0616634105211333, 
    -0.0544978424855591, -0.0652838321674476, -0.0666130952380953, 
    -0.0666130952380953, -0.0666130952380953, -0.0608577151108214, 
    -0.0666130952380953, -0.0528342774309494, -0.044258599976375, 
    -0.0744328281111697, -0.0666130952380953, -0.0666130952380953, 
    -0.0666130952380953, -0.0861355352410869, -0.0643021543480156, 
    -0.0620240528446175, -0.0666130952380953, -0.0588099792920704, 
    -0.0666130952380953, -0.0519312172083181, -0.0710873462534985, 
    -0.0666130952380953, -0.0666130952380953, -0.0666130952380953, 
    -0.0559026281343672, -0.0759901989462655, -0.075053787503983, 
    -0.0942121088533105, -0.0618960687528455, -0.0666130952380953, 
