run_x <-
structure(list(lm_df = structure(list(term = c("maxima_sc", "stretch_sc", 
"x_max_sc", "x_min_sc"), coef = c(0.0888634648872734, 0.023499911274592, 
-0.0742900182609984, -0.022431066819683), p_value = c(0.130390526061482, 
0.0982279243656529, 0.152277719151921, 0.0398345072734412), rand_var = c(3.11129056918818, 
3.11129056918818, 3.11129056918818, 3.11129056918818), mean_rand = c(1.0727034269867, 
1.0727034269867, 1.0727034269867, 1.0727034269867), sim_n = c(78L, 
78L, 78L, 78L)), .Names = c("term", "coef", "p_value", "rand_var", 
"mean_rand", "sim_n"), class = c("tbl_df", "tbl", "data.frame"
), row.names = c(NA, -4L)), lasso_df = structure(list(var = c("maxima", 
"stretch", "x_max", "x_min"), mean = c(-0.0292214737996851, 0.271941220028147, 
0.0103332878221968, -0.304804283150484), prop = c(0.0125, 0.205, 
0.03, 0.0375), rand_var = c(3.11129056918818, 3.11129056918818, 
3.11129056918818, 3.11129056918818), mean_rand = c(1.0727034269867, 
1.0727034269867, 1.0727034269867, 1.0727034269867), sim_n = c(78L, 
78L, 78L, 78L)), .Names = c("var", "mean", "prop", "rand_var", 
"mean_rand", "sim_n"), class = c("tbl_df", "tbl", "data.frame"
), row.names = c(NA, -4L)), summ_stan_df = structure(list(shape1 = 4.45968828408154, 
    shape2 = 2.69932777511194, stretch = 1.94482536056235, x_min = -1.21970281510339, 
    x_max = 3.75809460173411, maxima = 2.6660537232676, rep = 78L), .Names = c("shape1", 
"shape2", "stretch", "x_min", "x_max", "maxima", "rep"), class = c("tbl_df", 
"tbl", "data.frame"), row.names = c(NA, -1L))), .Names = c("lm_df", 
"lasso_df", "summ_stan_df"))
run_x <-
structure(list(lm_df = structure(list(term = c("maxima_sc", "stretch_sc", 
"x_max_sc", "x_min_sc"), coef = c(0.0888634648872734, 0.023499911274592, 
-0.0742900182609984, -0.022431066819683), p_value = c(0.130390526061482, 
0.0982279243656529, 0.152277719151921, 0.0398345072734412), rand_var = c(3.11129056918818, 
3.11129056918818, 3.11129056918818, 3.11129056918818), mean_rand = c(1.0727034269867, 
1.0727034269867, 1.0727034269867, 1.0727034269867), sim_n = c(78L, 
78L, 78L, 78L)), .Names = c("term", "coef", "p_value", "rand_var", 
"mean_rand", "sim_n"), class = c("tbl_df", "tbl", "data.frame"
), row.names = c(NA, -4L)), lasso_df = structure(list(var = c("maxima", 
"stretch", "x_max", "x_min"), mean = c(-0.0292214737996851, 0.271941220028147, 
0.0103332878221968, -0.304804283150484), prop = c(0.0125, 0.205, 
0.03, 0.0375), rand_var = c(3.11129056918818, 3.11129056918818, 
3.11129056918818, 3.11129056918818), mean_rand = c(1.0727034269867, 
1.0727034269867, 1.0727034269867, 1.0727034269867), sim_n = c(78L, 
78L, 78L, 78L)), .Names = c("var", "mean", "prop", "rand_var", 
"mean_rand", "sim_n"), class = c("tbl_df", "tbl", "data.frame"
), row.names = c(NA, -4L)), summ_stan_df = structure(list(shape1 = 4.45968828408154, 
    shape2 = 2.69932777511194, stretch = 1.94482536056235, x_min = -1.21970281510339, 
    x_max = 3.75809460173411, maxima = 2.6660537232676, rep = 78L), .Names = c("shape1", 
"shape2", "stretch", "x_min", "x_max", "maxima", "rep"), class = c("tbl_df", 
"tbl", "data.frame"), row.names = c(NA, -1L))), .Names = c("lm_df", 
"lasso_df", "summ_stan_df"))
run_x <-
structure(list(lasso_df = structure(list(var = c("maxima", "stretch", 
"x_max", "x_min"), mean = c(-0.0439710426979844, -0.0973872033649689, 
0.123308952586756, -0.0285923733492557), prop = c(0.015, 0.065, 
0.0175, 0.0425), rand_var = c(3.11129056918818, 3.11129056918818, 
3.11129056918818, 3.11129056918818), mean_rand = c(1.0727034269867, 
1.0727034269867, 1.0727034269867, 1.0727034269867), sim_n = c(78L, 
78L, 78L, 78L)), .Names = c("var", "mean", "prop", "rand_var", 
"mean_rand", "sim_n"), class = c("tbl_df", "tbl", "data.frame"
), row.names = c(NA, -4L)), lasso_depth = structure(list(draw = 1:400, 
    `(Intercept)` = c(-0.0666130952380953, -0.0666130952380953, 
    -0.0666130952380953, -0.0666130952380953, -0.0666130952380953, 
    -0.0666130952380953, -0.0650462344780618, -0.0666130952380953, 
    -0.0666130952380953, -0.0666130952380953, -0.0666130952380953, 
    -0.0666130952380953, -0.0666130952380953, -0.0666130952380953, 
    -0.0666130952380953, -0.0666130952380953, -0.0666130952380953, 
    -0.0666130952380953, -0.0666130952380953, -0.0666130952380953, 
    -0.0666130952380953, -0.0666130952380953, -0.0666130952380953, 
    -0.0666130952380953, -0.0666130952380953, -0.0666130952380953, 
    -0.0666130952380953, -0.0666130952380953, -0.0666130952380953, 
    -0.0666130952380953, -0.0666130952380953, -0.0666130952380953, 
    0.0721777381984042, -0.0666130952380953, -0.080067042055552, 
    -0.0666130952380953, -0.0666130952380953, -0.0666130952380953, 
    -0.0666130952380953, -0.0666130952380953, -0.0666130952380953, 
    -0.0666130952380953, -0.0666130952380953, -0.0666130952380953, 
    -0.0666130952380953, -0.0666130952380953, -0.0666130952380953, 
    -0.0666130952380953, -0.0666130952380953, -0.0666130952380953, 
    -0.0666130952380953, -0.0666130952380953, -0.0666130952380953, 
    -0.0666130952380953, -0.0666130952380953, -0.0666130952380953, 
    -0.0666130952380953, -0.0666130952380953, -0.0666130952380953, 
    -0.0666130952380953, -0.0666130952380953, -0.0666130952380953, 
    -0.0666130952380953, -0.0666130952380953, -0.0666130952380953, 
    -0.0666130952380953, -0.0666130952380953, -0.0761315844987494, 
    -0.0769051093286127, -0.0666130952380953, -0.0666130952380953, 
    -0.0666130952380953, -0.0666130952380953, -0.0666130952380953, 
    -0.0666130952380953, -0.0666130952380953, -0.0759649773975162, 
    -0.0666130952380953, -0.0666130952380953, 0.0908494129726643, 
    -0.0666130952380953, -0.0666130952380953, -0.0666130952380953, 
    -0.0666130952380953, -0.0666130952380953, -0.0666130952380953, 
    -0.0666130952380953, -0.0666130952380953, -0.0666130952380953, 
    -0.0666130952380953, -0.0666130952380953, -0.0860488665553393, 
    -0.0666130952380953, -0.0813451382692927, -0.0666130952380953, 
    -0.0891705951809104, -0.0666130952380953, -0.0666130952380953, 
    -0.0666130952380953, -0.0666130952380953, -0.0644570553189692, 
    -0.0666130952380953, -0.0666130952380953, -0.00295988170610133, 
    -0.0436775067694482, -0.0666130952380953, -0.0666130952380953, 
    -0.0666130952380953, -0.101353418670239, -0.0666130952380953, 
    -0.0812230033088069, -0.140895819516895, -0.0618601372657052, 
    -0.0666130952380953, -0.0490965690498622, -0.0666130952380953, 
    -0.0666130952380953, -0.0666130952380953, -0.0803507352202067, 
    -0.0702031365016021, -0.0666130952380953, -0.0666130952380953, 
    -0.0666130952380953, -0.0631888587712968, -0.0666130952380953, 
    -0.0666130952380953, -0.0666130952380953, -0.0520152988877334, 
    -0.0666130952380953, -0.0666130952380953, -0.0666130952380953, 
    -0.0666130952380953, -0.0666130952380953, -0.0666130952380953, 
    -0.0666130952380953, -0.0666130952380953, 0.0540424664739252, 
    -0.0672695534404814, -0.11180658142176, -0.0536589589281752, 
    -0.0666130952380953, -0.0666130952380953, 0.000767403612148845, 
    -0.0666130952380953, -0.0666130952380953, -0.0666130952380953, 
    0.0421815098268712, -0.0666130952380953, -0.0566783533321906, 
    -0.0666130952380953, -0.0666130952380953, -0.0464603928437122, 
    -0.0666130952380953, -0.0813737275319095, -0.0666130952380953, 
    -0.0657542397198763, -0.0666130952380953, -0.0534081957995907, 
    0.226976430353444, -0.0666130952380953, -0.0666130952380953, 
    -0.0666130952380953, -0.0107071218883414, -0.0292169344708187, 
    -0.0666130952380953, -0.0666130952380953, -0.0666130952380953, 
    -0.0666130952380953, -0.0666130952380953, -0.0666130952380953, 
    -0.0666130952380953, -0.0666130952380953, -0.0666130952380953, 
    -0.062009355525021, -0.0666130952380953, -0.0666130952380953, 
    -0.0136993047495886, -0.0666130952380953, -0.0666130952380953, 
    -0.0459307482757917, -0.0666130952380953, -0.0666130952380953, 
