run_x <-
structure(list(lm_df = structure(list(term = c("maxima_sc", "stretch_sc", 
"x_max_sc", "x_min_sc"), coef = c(0.0331772526454298, 0.065651871381133, 
-0.0341214899533202, -0.0171669171398888), p_value = c(0.0505046368971668, 
0.00176003545670678, 0.0425581098022174, 0.041264878034102), 
    rand_var = c(1.81938998906965, 1.81938998906965, 1.81938998906965, 
    1.81938998906965), mean_rand = c(-0.808029963985818, -0.808029963985818, 
    -0.808029963985818, -0.808029963985818), sim_n = c(46L, 46L, 
    46L, 46L)), .Names = c("term", "coef", "p_value", "rand_var", 
"mean_rand", "sim_n"), class = c("tbl_df", "tbl", "data.frame"
), row.names = c(NA, -4L)), lasso_df = structure(list(var = c("maxima", 
"stretch", "x_max", "x_min"), mean = c(-0.0977314390113675, 0.197639562796544, 
-0.208070285268669, -0.0653177460469357), prop = c(0.0475, 0.2175, 
0.005, 0.02), rand_var = c(1.81938998906965, 1.81938998906965, 
1.81938998906965, 1.81938998906965), mean_rand = c(-0.808029963985818, 
-0.808029963985818, -0.808029963985818, -0.808029963985818), 
    sim_n = c(46L, 46L, 46L, 46L)), .Names = c("var", "mean", 
"prop", "rand_var", "mean_rand", "sim_n"), class = c("tbl_df", 
"tbl", "data.frame"), row.names = c(NA, -4L)), summ_stan_df = structure(list(
    shape1 = 3.87492535997027, shape2 = 4.56946020955947, stretch = 0.771735241200613, 
    x_min = -0.0479874762814929, x_max = 2.64689710151975, maxima = 1.62090650473785, 
    rep = 46L), .Names = c("shape1", "shape2", "stretch", "x_min", 
"x_max", "maxima", "rep"), class = c("tbl_df", "tbl", "data.frame"
), row.names = c(NA, -1L))), .Names = c("lm_df", "lasso_df", 
"summ_stan_df"))
run_x <-
structure(list(lm_df = structure(list(term = c("maxima_sc", "stretch_sc", 
"x_max_sc", "x_min_sc"), coef = c(0.0331772526454298, 0.065651871381133, 
-0.0341214899533202, -0.0171669171398888), p_value = c(0.0505046368971668, 
0.00176003545670678, 0.0425581098022174, 0.041264878034102), 
    rand_var = c(1.81938998906965, 1.81938998906965, 1.81938998906965, 
    1.81938998906965), mean_rand = c(-0.808029963985818, -0.808029963985818, 
    -0.808029963985818, -0.808029963985818), sim_n = c(46L, 46L, 
    46L, 46L)), .Names = c("term", "coef", "p_value", "rand_var", 
"mean_rand", "sim_n"), class = c("tbl_df", "tbl", "data.frame"
), row.names = c(NA, -4L)), lasso_df = structure(list(var = c("maxima", 
"stretch", "x_max", "x_min"), mean = c(-0.0977314390113675, 0.197639562796544, 
-0.208070285268669, -0.0653177460469357), prop = c(0.0475, 0.2175, 
0.005, 0.02), rand_var = c(1.81938998906965, 1.81938998906965, 
1.81938998906965, 1.81938998906965), mean_rand = c(-0.808029963985818, 
-0.808029963985818, -0.808029963985818, -0.808029963985818), 
    sim_n = c(46L, 46L, 46L, 46L)), .Names = c("var", "mean", 
"prop", "rand_var", "mean_rand", "sim_n"), class = c("tbl_df", 
"tbl", "data.frame"), row.names = c(NA, -4L)), summ_stan_df = structure(list(
    shape1 = 3.87492535997027, shape2 = 4.56946020955947, stretch = 0.771735241200613, 
    x_min = -0.0479874762814929, x_max = 2.64689710151975, maxima = 1.62090650473785, 
    rep = 46L), .Names = c("shape1", "shape2", "stretch", "x_min", 
"x_max", "maxima", "rep"), class = c("tbl_df", "tbl", "data.frame"
), row.names = c(NA, -1L))), .Names = c("lm_df", "lasso_df", 
"summ_stan_df"))
