run_x <-
structure(list(lm_df = structure(list(term = c("maxima_sc", "stretch_sc", 
"x_max_sc", "x_min_sc"), coef = c(0.121212918289523, 0.0505714923151048, 
-0.0269117103917696, -0.0222277019144335), p_value = c(0.0418534928424405, 
0.0377686966457389, 0.164273096861067, 0.0438728342824032), rand_var = c(1.25451667755484, 
1.25451667755484, 1.25451667755484, 1.25451667755484), mean_rand = c(0.689196050009042, 
0.689196050009042, 0.689196050009042, 0.689196050009042), sim_n = c(32L, 
32L, 32L, 32L)), .Names = c("term", "coef", "p_value", "rand_var", 
"mean_rand", "sim_n"), class = c("tbl_df", "tbl", "data.frame"
), row.names = c(NA, -4L)), lasso_df = structure(list(var = c("maxima", 
"stretch", "x_max", "x_min"), mean = c(0.0101547900140016, -0.00954330221355713, 
-0.074674869336465, -0.0461203706584763), prop = c(0.07, 0.025, 
0.035, 0.03), rand_var = c(1.25451667755484, 1.25451667755484, 
1.25451667755484, 1.25451667755484), mean_rand = c(0.689196050009042, 
0.689196050009042, 0.689196050009042, 0.689196050009042), sim_n = c(32L, 
32L, 32L, 32L)), .Names = c("var", "mean", "prop", "rand_var", 
"mean_rand", "sim_n"), class = c("tbl_df", "tbl", "data.frame"
), row.names = c(NA, -4L)), summ_stan_df = structure(list(shape1 = 4.07324371997113, 
    shape2 = 2.64762533855037, stretch = 0.998470859246924, x_min = -1.44922808697027, 
    x_max = 4.48408042764457, maxima = 3.01197680214942, rep = 32L), .Names = c("shape1", 
"shape2", "stretch", "x_min", "x_max", "maxima", "rep"), class = c("tbl_df", 
"tbl", "data.frame"), row.names = c(NA, -1L))), .Names = c("lm_df", 
"lasso_df", "summ_stan_df"))
run_x <-
structure(list(lm_df = structure(list(term = c("maxima_sc", "stretch_sc", 
"x_max_sc", "x_min_sc"), coef = c(0.121212918289523, 0.0505714923151048, 
-0.0269117103917696, -0.0222277019144335), p_value = c(0.0418534928424405, 
0.0377686966457389, 0.164273096861067, 0.0438728342824032), rand_var = c(1.25451667755484, 
1.25451667755484, 1.25451667755484, 1.25451667755484), mean_rand = c(0.689196050009042, 
0.689196050009042, 0.689196050009042, 0.689196050009042), sim_n = c(32L, 
32L, 32L, 32L)), .Names = c("term", "coef", "p_value", "rand_var", 
"mean_rand", "sim_n"), class = c("tbl_df", "tbl", "data.frame"
), row.names = c(NA, -4L)), lasso_df = structure(list(var = c("maxima", 
"stretch", "x_max", "x_min"), mean = c(0.0101547900140016, -0.00954330221355713, 
-0.074674869336465, -0.0461203706584763), prop = c(0.07, 0.025, 
0.035, 0.03), rand_var = c(1.25451667755484, 1.25451667755484, 
1.25451667755484, 1.25451667755484), mean_rand = c(0.689196050009042, 
0.689196050009042, 0.689196050009042, 0.689196050009042), sim_n = c(32L, 
32L, 32L, 32L)), .Names = c("var", "mean", "prop", "rand_var", 
"mean_rand", "sim_n"), class = c("tbl_df", "tbl", "data.frame"
), row.names = c(NA, -4L)), summ_stan_df = structure(list(shape1 = 4.07324371997113, 
    shape2 = 2.64762533855037, stretch = 0.998470859246924, x_min = -1.44922808697027, 
    x_max = 4.48408042764457, maxima = 3.01197680214942, rep = 32L), .Names = c("shape1", 
"shape2", "stretch", "x_min", "x_max", "maxima", "rep"), class = c("tbl_df", 
"tbl", "data.frame"), row.names = c(NA, -1L))), .Names = c("lm_df", 
"lasso_df", "summ_stan_df"))
run_x <-
structure(list(lasso_df = structure(list(var = c("maxima", "stretch", 
"x_max", "x_min"), mean = c(0.0302598022387504, -0.00320675572305636, 
-0.0661691395775278, -0.186308145830522), prop = c(0.0625, 0.025, 
0.13, 0.0125), rand_var = c(1.25451667755484, 1.25451667755484, 
1.25451667755484, 1.25451667755484), mean_rand = c(0.689196050009042, 
0.689196050009042, 0.689196050009042, 0.689196050009042), sim_n = c(32L, 
32L, 32L, 32L)), .Names = c("var", "mean", "prop", "rand_var", 
"mean_rand", "sim_n"), class = c("tbl_df", "tbl", "data.frame"
), row.names = c(NA, -4L)), lasso_depth = structure(list(draw = 1:400, 
    `(Intercept)` = c(-0.0579188325981834, -0.0595370245318632, 
    -0.0438600864078067, -0.0641556970321234, -0.063577271164882, 
    -0.0793457785267497, -0.068924585520431, -0.0655641030603773, 
    -0.0607505101008417, -0.0634158848745383, -0.077814844079383, 
    -0.0243534474710739, -0.129897438783461, -0.0571989429762319, 
    -0.0639500445265425, -0.0663382781369375, -0.0680830840382889, 
    -0.0536716091291905, -0.070398213925419, -0.0772810803861864, 
    -0.0571364494717219, -0.0655676058466325, -0.123673178779762, 
    -0.0669614136477109, -0.0665479808854453, -0.0708919164004911, 
    -0.0616970686109702, -0.0989439097004237, -0.0687616402790067, 
    -0.0985548028260975, -0.0526283947772547, -0.0625476641384954, 
    -0.0314144180076388, -0.0645419987603888, -0.0625891993778893, 
    -0.0682614677670777, -0.0669929913178334, -0.0654215810625766, 
    -0.0524319599535075, -0.0592146562373864, -0.0611729145902223, 
    -0.0666130952380953, -0.0659671876530183, -0.0526786431708784, 
    -0.0659558460528491, -0.112418225668711, -0.0640731651827023, 
    -0.0709912429035031, -0.0621467350391099, -0.0662442327023979, 
    -0.0667530710063406, -0.0626122624678802, -0.077866454146689, 
    -0.0635561128925699, -0.066617081696031, -0.0666130952380953, 
    -0.0629348106174186, -0.0683199949064464, -0.0649125137819739, 
    -0.0694831527317491, -0.063715714166641, -0.0628896400790921, 
    -0.111525949460089, -0.0667574433899028, -0.0646398247245929, 
    -0.0689114066153758, -0.139583555110958, -0.0486309046929051, 
    -0.0636314707980695, -0.0292562640408309, -0.101016307696406, 
    -0.0676706558461451, -0.0887525027213114, -0.063541660691961, 
    -0.0727480610251128, -0.0548613114915677, -0.0667275569715776, 
    -0.0654596592130838, -0.0654175435226357, -0.0798239014041935, 
    -0.0666130952380953, -0.0702914591123824, -0.0639614911204248, 
    -0.0495600965238668, -0.0542113291255042, -0.0558401647848429, 
    -0.0668961716440279, -0.0717875500193061, -0.0612440397696562, 
    -0.068818440429381, -0.0605051112110234, -0.0759671041093953, 
    -0.0683601910088141, -0.064040192065181, -0.0534210049066195, 
    -0.0671436279570611, -0.0667283349218657, -0.0641202636916203, 
    -0.0625381676374039, -0.0842940206570398, -0.0624641680546531, 
    -0.0675527793252484, -0.0687949870785461, -0.108767618832309, 
    -0.0704080995483822, -0.0666130952380953, -0.0224186304369134, 
    -0.0582421192308848, -0.0708106207204234, -0.0469292083087215, 
    -0.0656759222211494, -0.0641929141460202, -0.0675397497219757, 
    -0.0666130952380953, -0.0383238010682353, -0.0645729307987862, 
    -0.0680000498372572, -0.0587442812603169, -0.0641237056647682, 
    -0.0475388212206585, -0.0649779496757284, -0.0573117671109629, 
    -0.043391846952061, -0.0670999487491783, -0.0631442710110713, 
    -0.113986169036734, -0.0587888796964638, -0.132963919421542, 
    -0.0755365037532672, -0.0564526163056539, -0.0644264491162531, 
    -0.0738497852426781, -0.0552584842270314, -0.0631510519245099, 
    -0.0931448947985078, -0.0823205221940624, -0.0623788926995225, 
    -0.0641328165790899, -0.0666130952380953, -0.0361251188934801, 
    -0.0909561356063623, -0.0607257076686568, -0.0582552938723422, 
    -0.0656636424396351, -0.059251491678521, -0.0581230516708847, 
    -0.0782102273425664, -0.0845925966712787, -0.0654238208424328, 
    -0.121542944453439, -0.0791539950458566, -0.125785056647627, 
    -0.057499992546627, -0.0412428884727771, -0.154649719149357, 
    -0.0625036460814063, -0.060023301205561, -0.147473657915027, 
    -0.0513133882642513, -0.0692296433156412, -0.0655798982960699, 
    -0.0760200424763013, -0.0687261596702209, -0.00642760505739452, 
    -0.107836188326308, -0.0793827021159201, -0.117486466372887, 
    -0.0631589528322113, -0.0696258094238647, -0.0855329911504281, 
    -0.066295569972866, -0.0667737171546767, -0.0602164498680362, 
    -0.0679366361418001, -0.0660880579610144, -0.060569750378744, 
    -0.0666130952380953, -0.0610126005071933, -0.0599833253789205, 
    -0.0608428536124803, -0.0666130952380953, -0.0694559476034301, 
