run_x <-
structure(list(lm_df = structure(list(term = c("maxima_sc", "stretch_sc", 
"x_max_sc", "x_min_sc"), coef = c(0.141619235226018, 0.0461613648989179, 
-0.116582171340307, -0.0280238394356408), p_value = c(0.0587532855007542, 
0.0335446126869871, 0.0910637911099488, 0.0944316722671307), 
    rand_var = c(2.42727441182932, 2.42727441182932, 2.42727441182932, 
    2.42727441182932), mean_rand = c(0.956448303097987, 0.956448303097987, 
    0.956448303097987, 0.956448303097987), sim_n = c(61L, 61L, 
    61L, 61L)), .Names = c("term", "coef", "p_value", "rand_var", 
"mean_rand", "sim_n"), class = c("tbl_df", "tbl", "data.frame"
), row.names = c(NA, -4L)), lasso_df = structure(list(var = c("maxima", 
"stretch", "x_max", "x_min"), mean = c(0.276940792234654, 0.00344457856818225, 
0.0935180174485513, -0.0778372799706374), prop = c(0.1875, 0.045, 
0.155, 0.03), rand_var = c(2.42727441182932, 2.42727441182932, 
2.42727441182932, 2.42727441182932), mean_rand = c(0.956448303097987, 
0.956448303097987, 0.956448303097987, 0.956448303097987), sim_n = c(61L, 
61L, 61L, 61L)), .Names = c("var", "mean", "prop", "rand_var", 
"mean_rand", "sim_n"), class = c("tbl_df", "tbl", "data.frame"
), row.names = c(NA, -4L)), summ_stan_df = structure(list(shape1 = 4.32564319892008, 
    shape2 = 2.51763251394093, stretch = 1.48335109485521, x_min = -1.25409723594052, 
    x_max = 4.363996247499, maxima = 3.14209115632319, rep = 61L), .Names = c("shape1", 
"shape2", "stretch", "x_min", "x_max", "maxima", "rep"), class = c("tbl_df", 
"tbl", "data.frame"), row.names = c(NA, -1L))), .Names = c("lm_df", 
"lasso_df", "summ_stan_df"))
run_x <-
structure(list(lm_df = structure(list(term = c("maxima_sc", "stretch_sc", 
"x_max_sc", "x_min_sc"), coef = c(0.141619235226018, 0.0461613648989179, 
-0.116582171340307, -0.0280238394356408), p_value = c(0.0587532855007542, 
0.0335446126869871, 0.0910637911099488, 0.0944316722671307), 
    rand_var = c(2.42727441182932, 2.42727441182932, 2.42727441182932, 
    2.42727441182932), mean_rand = c(0.956448303097987, 0.956448303097987, 
    0.956448303097987, 0.956448303097987), sim_n = c(61L, 61L, 
    61L, 61L)), .Names = c("term", "coef", "p_value", "rand_var", 
"mean_rand", "sim_n"), class = c("tbl_df", "tbl", "data.frame"
), row.names = c(NA, -4L)), lasso_df = structure(list(var = c("maxima", 
"stretch", "x_max", "x_min"), mean = c(0.276940792234654, 0.00344457856818225, 
0.0935180174485513, -0.0778372799706374), prop = c(0.1875, 0.045, 
0.155, 0.03), rand_var = c(2.42727441182932, 2.42727441182932, 
2.42727441182932, 2.42727441182932), mean_rand = c(0.956448303097987, 
0.956448303097987, 0.956448303097987, 0.956448303097987), sim_n = c(61L, 
61L, 61L, 61L)), .Names = c("var", "mean", "prop", "rand_var", 
"mean_rand", "sim_n"), class = c("tbl_df", "tbl", "data.frame"
), row.names = c(NA, -4L)), summ_stan_df = structure(list(shape1 = 4.32564319892008, 
    shape2 = 2.51763251394093, stretch = 1.48335109485521, x_min = -1.25409723594052, 
    x_max = 4.363996247499, maxima = 3.14209115632319, rep = 61L), .Names = c("shape1", 
"shape2", "stretch", "x_min", "x_max", "maxima", "rep"), class = c("tbl_df", 
"tbl", "data.frame"), row.names = c(NA, -1L))), .Names = c("lm_df", 
"lasso_df", "summ_stan_df"))
run_x <-
structure(list(lasso_df = structure(list(var = c("maxima", "stretch", 
"x_max", "x_min"), mean = c(0.0530533088421567, 0.100689784997122, 
-0.0792299766585875, -0.0448349011029157), prop = c(0.03, 0.14, 
0.015, 0.0175), rand_var = c(2.42727441182932, 2.42727441182932, 
2.42727441182932, 2.42727441182932), mean_rand = c(0.956448303097987, 
0.956448303097987, 0.956448303097987, 0.956448303097987), sim_n = c(61L, 
61L, 61L, 61L)), .Names = c("var", "mean", "prop", "rand_var", 
"mean_rand", "sim_n"), class = c("tbl_df", "tbl", "data.frame"
), row.names = c(NA, -4L)), lasso_depth = structure(list(draw = 1:400, 
    `(Intercept)` = c(-0.61974075050444, -0.0914112596733069, 
    0.108315308539068, -0.0666130952380953, -0.0666130952380953, 
    -0.0666130952380953, -0.177252290617763, -0.0666130952380953, 
    -0.0685195914895406, -0.130097594482776, -0.173476137566838, 
    -0.445090742421759, -0.528626693901369, -0.0663390727848456, 
    -0.0672077920927396, -0.0633832146423056, -0.118855825714694, 
    -0.0666130952380953, -0.218337108393649, -0.0666130952380953, 
    -0.061766958668703, -0.237701121971745, -0.820057901961088, 
    -0.0696580949589659, -0.179083979013881, -0.0605140005221715, 
    -0.0266822419422519, -0.0581505821822971, -0.0580408502939775, 
    -0.0708358636319924, -0.0649498467615588, -0.665052565253273, 
    -0.0928410343538892, -0.060879007540207, -0.0666130952380953, 
    -0.0627996658338572, -0.210549184523431, -0.0666130952380953, 
    -0.142171451286736, 0.0758345787726746, -0.0666130952380953, 
    -0.120312904213897, -0.169985402223777, -0.100213756099355, 
    -0.0985117995765375, -0.390138864615059, -0.053912563422874, 
    -0.103092327855765, -0.0666130952380953, -0.26331053705127, 
    -0.180581994070145, -0.463266203025269, -0.414352853312044, 
    -0.391168715278438, -0.0555621804607352, 0.0163491406775206, 
    -0.750905807643859, -0.114460940386252, -0.0675311428348201, 
    -0.0687883955763491, -0.390292953388954, -0.0576613519981562, 
    -0.0630569975661469, -0.386994681840423, -0.148449622548932, 
    -0.0666130952380953, -0.0668408178714874, -0.0594668729952307, 
    -0.0706509179789617, -0.107783197842192, -0.06086043410512, 
    -0.0721280253823056, -0.0666130952380953, -0.340621433093231, 
    -0.061596409263613, -0.0675500886308376, -0.0715365887729651, 
    -0.0666130952380953, -0.0687312165593819, -0.0679495878379056, 
    -0.132435839893333, -0.250591526198457, -0.758610736447174, 
    -0.0647799321968656, -0.0700474547658828, -0.106349197715672, 
    -0.0683773088255725, -0.613533355699241, -0.0592505270809877, 
    -0.0579971139002427, 0.0907495919159074, -0.752168462257672, 
    -0.644324285538793, -0.106721433434778, -0.0655781301843843, 
    -0.0659334778963279, -0.0560543481919351, -0.371386032859077, 
    -0.0692700531543056, -0.0438801096049481, -0.0666130952380953, 
    -0.0925565083121486, -0.058532250559439, -0.0739390755891621, 
    -0.0739064664568692, -0.0657632765134344, -0.0509927469768312, 
    -0.0774694211618345, -0.091085122806385, -0.0968692769732985, 
    -0.0666415491472953, -0.074527590760237, -0.0778907686375913, 
    -0.0804330344616067, -0.0666130952380953, -0.0666130952380953, 
    -0.0683037375483894, -0.0443568706360858, -0.0666130952380953, 
    -0.087993720787783, -0.106261874614114, -0.0999322735130297, 
    -0.0796626435065753, -0.0697169284993049, -0.0666130952380953, 
    -0.0788157041419954, -0.109998291082016, -0.0774447263808148, 
    -0.0882022017828711, -0.104568945789893, -0.0894124457525608, 
    -0.0666130952380953, -0.0750553897868595, -0.075706694644934, 
    -0.0832069604731755, -0.0662765492353473, -0.0666130952380953, 
    -0.0776638483512428, -0.0612357896544169, -0.0918507808972141, 
    -0.0666130952380953, -0.0692872312345844, -0.0784872767726146, 
    -0.0358688777249195, -0.0890440357628332, -0.0839579352927391, 
    -0.0785326208724874, -0.10245612985475, -0.0666130952380953, 
    -0.0656047035787809, -0.079433515372118, -0.0892904223806221, 
    -0.0708220290005361, -0.0666130952380953, -0.0687866734609397, 
    -0.0666130952380953, -0.105067558130996, -0.0751340614067236, 
    -0.0579727234528102, -0.0841514887074341, -0.0970411233432245, 
    -0.0667760633932026, -0.0546509930714228, -0.0835648375100831, 
    -0.0988941361280744, -0.092907103303197, -0.059012097202854, 
    -0.102126834697635, -0.0733820069343793, -0.0666130952380953, 
    -0.0666130952380953, -0.0958209887241344, -0.0758614791080528, 
    -0.0664962501758342, -0.0848788613992667, -0.0701656759666172, 
    -0.0777442208809791, -0.0835971604135891, -0.0802067957223477, 
    -0.0666130952380953, -0.0926954844300694, -0.0922172445500597, 
