run_x <-
structure(list(lm_df = structure(list(term = c("maxima_sc", "stretch_sc", 
"x_max_sc", "x_min_sc"), coef = c(-0.0167297894114747, 0.0364182138011527, 
-0.0168316112496738, -0.0156532808144278), p_value = c(0.11800641973801, 
0.0247691251176224, 0.0812051125356773, 0.0937352575007758), 
    rand_var = c(3.76849697457035, 3.76849697457035, 3.76849697457035, 
    3.76849697457035), mean_rand = c(-1.17542876567859, -1.17542876567859, 
    -1.17542876567859, -1.17542876567859), sim_n = c(94L, 94L, 
    94L, 94L)), .Names = c("term", "coef", "p_value", "rand_var", 
"mean_rand", "sim_n"), class = c("tbl_df", "tbl", "data.frame"
), row.names = c(NA, -4L)), lasso_df = structure(list(var = c("maxima", 
"stretch", "x_max", "x_min"), mean = c(-0.0822671116320721, 0.212966823303912, 
-0.102528027628078, 0.0069048984893521), prop = c(0.0275, 0.1675, 
0.0225, 0.1), rand_var = c(3.76849697457035, 3.76849697457035, 
3.76849697457035, 3.76849697457035), mean_rand = c(-1.17542876567859, 
-1.17542876567859, -1.17542876567859, -1.17542876567859), sim_n = c(94L, 
94L, 94L, 94L)), .Names = c("var", "mean", "prop", "rand_var", 
"mean_rand", "sim_n"), class = c("tbl_df", "tbl", "data.frame"
), row.names = c(NA, -4L)), summ_stan_df = structure(list(shape1 = 3.93006562056243, 
    shape2 = 4.67548727272086, stretch = 1.06022076515479, x_min = -0.816279438160699, 
    x_max = 2.93179213254306, maxima = 1.51026425026928, rep = 94L), .Names = c("shape1", 
"shape2", "stretch", "x_min", "x_max", "maxima", "rep"), class = c("tbl_df", 
"tbl", "data.frame"), row.names = c(NA, -1L))), .Names = c("lm_df", 
"lasso_df", "summ_stan_df"))
run_x <-
structure(list(lm_df = structure(list(term = c("maxima_sc", "stretch_sc", 
"x_max_sc", "x_min_sc"), coef = c(-0.0167297894114747, 0.0364182138011527, 
-0.0168316112496738, -0.0156532808144278), p_value = c(0.11800641973801, 
0.0247691251176224, 0.0812051125356773, 0.0937352575007758), 
    rand_var = c(3.76849697457035, 3.76849697457035, 3.76849697457035, 
    3.76849697457035), mean_rand = c(-1.17542876567859, -1.17542876567859, 
    -1.17542876567859, -1.17542876567859), sim_n = c(94L, 94L, 
    94L, 94L)), .Names = c("term", "coef", "p_value", "rand_var", 
"mean_rand", "sim_n"), class = c("tbl_df", "tbl", "data.frame"
), row.names = c(NA, -4L)), lasso_df = structure(list(var = c("maxima", 
"stretch", "x_max", "x_min"), mean = c(-0.0822671116320721, 0.212966823303912, 
-0.102528027628078, 0.0069048984893521), prop = c(0.0275, 0.1675, 
0.0225, 0.1), rand_var = c(3.76849697457035, 3.76849697457035, 
3.76849697457035, 3.76849697457035), mean_rand = c(-1.17542876567859, 
-1.17542876567859, -1.17542876567859, -1.17542876567859), sim_n = c(94L, 
94L, 94L, 94L)), .Names = c("var", "mean", "prop", "rand_var", 
"mean_rand", "sim_n"), class = c("tbl_df", "tbl", "data.frame"
), row.names = c(NA, -4L)), summ_stan_df = structure(list(shape1 = 3.93006562056243, 
    shape2 = 4.67548727272086, stretch = 1.06022076515479, x_min = -0.816279438160699, 
    x_max = 2.93179213254306, maxima = 1.51026425026928, rep = 94L), .Names = c("shape1", 
"shape2", "stretch", "x_min", "x_max", "maxima", "rep"), class = c("tbl_df", 
"tbl", "data.frame"), row.names = c(NA, -1L))), .Names = c("lm_df", 
"lasso_df", "summ_stan_df"))
run_x <-
structure(list(lasso_df = structure(list(var = c("maxima", "stretch", 
"x_max", "x_min"), mean = c(-0.29259159910412, 0.218817971856392, 
-0.145414265861174, 0.0937956213773593), prop = c(0.0075, 0.205, 
0.03, 0.1075), rand_var = c(3.76849697457035, 3.76849697457035, 
3.76849697457035, 3.76849697457035), mean_rand = c(-1.17542876567859, 
-1.17542876567859, -1.17542876567859, -1.17542876567859), sim_n = c(94L, 
94L, 94L, 94L)), .Names = c("var", "mean", "prop", "rand_var", 
"mean_rand", "sim_n"), class = c("tbl_df", "tbl", "data.frame"
), row.names = c(NA, -4L)), lasso_depth = structure(list(draw = 1:400, 
    `(Intercept)` = c(-0.0643956588356344, -0.0638944605697839, 
    -0.0593610211381072, -0.0496653800617374, -0.020395797127684, 
    0.00435188601537562, -0.0204762334620343, -0.0666130952380953, 
    -0.0731277308562112, -0.0668533573506474, -0.0465510662929657, 
    -0.0384695888945803, -0.0666130952380953, -0.0689503316823124, 
    -0.0517576707051246, -0.0666130952380953, -0.0666130952380953, 
    -0.0616949496200168, -0.216519415666803, -0.109993060036113, 
    -0.0758751474498182, -0.055925752282466, 0.0400101121445487, 
    -0.0659057643467617, -0.0704081804443736, -0.0344773437332878, 
    0.00649282173104536, -0.00217231265795205, -0.0666130952380953, 
    -0.0501370998909078, -0.0666130952380953, -0.0666130952380953, 
    -0.0666130952380953, -0.0340735288007721, -0.0640044759431903, 
    -0.0666130952380953, -0.0619784734165328, -0.0666130952380953, 
    -0.0358577389421277, -0.0717191964456308, -0.0666130952380953, 
    -0.0684597191960296, -0.0528426229367635, -0.0894743606822007, 
    -0.0666130952380953, -0.0800803614179455, -0.0666130952380953, 
    -0.0666130952380953, -0.0666130952380953, -0.0605608200135072, 
    0.0382740636000847, -0.0585584489760805, -0.0666130952380953, 
    -0.0666130952380953, -0.0460010816055288, -0.0666130952380953, 
    -0.0666130952380953, -0.0485934268493473, -0.032443862364672, 
    0.00695602646928134, -0.0666130952380953, -0.0666130952380953, 
    -0.0666130952380953, -0.0651503754813949, -0.0666130952380953, 
    -0.0666130952380953, -0.0666130952380953, -0.0666130952380953, 
    -0.0666130952380953, -0.0642990532685046, -0.0600856731911201, 
    -0.0276081249687086, -0.0666130952380953, -0.0666130952380953, 
    -0.0666130952380953, -0.0477116188962317, -0.0805826267624625, 
    -0.0741199100594153, -0.0666130952380953, -0.0668654419264521, 
    -0.0539919927796957, -0.0666130952380953, -0.0575902853367214, 
    -0.0367605645077384, -0.0628710667688569, -0.0666130952380953, 
    -0.0722488959398088, -0.0666130952380953, -0.064147549540273, 
    -0.0472523455725846, -0.0683934156770519, -0.0397839956854325, 
    -0.0596497909528335, -0.0666130952380953, -0.0500028740727949, 
    -0.0223831262087882, -0.0329603928489145, -0.0644236448558665, 
    -0.0611684390152126, -0.0584465868877477, -0.0666130952380953, 
    -0.0621576132622371, -0.0535931577378898, -0.0679415146998167, 
    -0.0666130952380953, -0.0776532917376142, -0.0666130952380953, 
    -0.0690496256633818, -0.0516620053100665, -0.0666130952380953, 
    -0.146088289202636, -0.0826062340569831, -0.0487194713455657, 
    -0.0494612177219213, -0.062776900136421, -0.0666130952380953, 
    -0.0802804315377548, -0.0928928561005793, -0.0821582631871111, 
    -0.00318212997314422, -0.0889317291615276, -0.0535618697025096, 
    -0.0666517775775887, -0.0666130952380953, -0.0516446727007168, 
    -0.0646100931128196, -0.0666130952380953, -0.0513323689592895, 
    -0.0666130952380953, -0.0666130952380953, -0.0611983852394681, 
    -0.0699004679955141, -0.038331720567012, -0.0530623860669379, 
    -0.0765947703938137, -0.0461944999083682, -0.0669768141740058, 
    -0.115986027449282, -0.0666130952380953, -0.0805389819192321, 
    -0.045658925623436, -0.0666130952380953, -0.0666130952380953, 
    -0.0936252614163845, -0.0123616056558393, -0.0941109212288314, 
    -0.0520027078631658, -0.0338771621869463, -0.0763247288849764, 
    -0.0666130952380953, -0.0944774320392145, -0.0666130952380953, 
    -0.00410545590762512, -0.051109068861592, -0.0628578267770427, 
    -0.0765073390773273, -0.0546415135403535, -0.0666130952380953, 
    -0.0666130952380953, -0.078027944681772, -0.0737016867794606, 
    -0.0788296264037742, -0.0801747259680021, -0.0650139627080504, 
    -0.0666130952380953, -0.0666130952380953, -0.0662043871254483, 
    -0.0666130952380953, -0.0342299014723802, -0.0758315261403241, 
    -0.0633169935809971, -0.0720070058846541, -0.061372727136228, 
    -0.0624045739074564, -0.0732830221737809, -0.0666130952380953, 
    -0.0666130952380953, -0.106196610212804, -0.0789400240765858, 
