run_x <-
structure(list(lm_df = structure(list(term = c("maxima_sc", "stretch_sc", 
"x_max_sc", "x_min_sc"), coef = c(0.0208591686842234, 0.0583262657418715, 
-0.0275490073997327, -0.0152979052028836), p_value = c(0.176082671244928, 
0.00331869297407006, 0.223446411779463, 0.253334459386408), rand_var = c(1.97900994824802, 
1.97900994824802, 1.97900994824802, 1.97900994824802), mean_rand = c(-0.707712359679283, 
-0.707712359679283, -0.707712359679283, -0.707712359679283), 
    sim_n = c(50L, 50L, 50L, 50L)), .Names = c("term", "coef", 
"p_value", "rand_var", "mean_rand", "sim_n"), class = c("tbl_df", 
"tbl", "data.frame"), row.names = c(NA, -4L)), lasso_df = structure(list(
    var = c("maxima", "stretch", "x_max", "x_min"), mean = c(0.556351231023723, 
    0.305677563010112, -0.313419317243119, -0.293766658182267
    ), prop = c(0.145, 0.315, 0.0625, 0.02), rand_var = c(1.97900994824802, 
    1.97900994824802, 1.97900994824802, 1.97900994824802), mean_rand = c(-0.707712359679283, 
    -0.707712359679283, -0.707712359679283, -0.707712359679283
    ), sim_n = c(50L, 50L, 50L, 50L)), .Names = c("var", "mean", 
"prop", "rand_var", "mean_rand", "sim_n"), class = c("tbl_df", 
"tbl", "data.frame"), row.names = c(NA, -4L)), summ_stan_df = structure(list(
    shape1 = 3.91930502753635, shape2 = 4.25541697486473, stretch = 0.850410516135535, 
    x_min = -0.239949359321363, x_max = 2.9574290164511, maxima = 1.78075241920589, 
    rep = 50L), .Names = c("shape1", "shape2", "stretch", "x_min", 
"x_max", "maxima", "rep"), class = c("tbl_df", "tbl", "data.frame"
), row.names = c(NA, -1L))), .Names = c("lm_df", "lasso_df", 
"summ_stan_df"))
run_x <-
structure(list(lm_df = structure(list(term = c("maxima_sc", "stretch_sc", 
"x_max_sc", "x_min_sc"), coef = c(0.0208591686842234, 0.0583262657418715, 
-0.0275490073997327, -0.0152979052028836), p_value = c(0.176082671244928, 
0.00331869297407006, 0.223446411779463, 0.253334459386408), rand_var = c(1.97900994824802, 
1.97900994824802, 1.97900994824802, 1.97900994824802), mean_rand = c(-0.707712359679283, 
-0.707712359679283, -0.707712359679283, -0.707712359679283), 
    sim_n = c(50L, 50L, 50L, 50L)), .Names = c("term", "coef", 
"p_value", "rand_var", "mean_rand", "sim_n"), class = c("tbl_df", 
"tbl", "data.frame"), row.names = c(NA, -4L)), lasso_df = structure(list(
    var = c("maxima", "stretch", "x_max", "x_min"), mean = c(0.556351231023723, 
    0.305677563010112, -0.313419317243119, -0.293766658182267
    ), prop = c(0.145, 0.315, 0.0625, 0.02), rand_var = c(1.97900994824802, 
    1.97900994824802, 1.97900994824802, 1.97900994824802), mean_rand = c(-0.707712359679283, 
    -0.707712359679283, -0.707712359679283, -0.707712359679283
    ), sim_n = c(50L, 50L, 50L, 50L)), .Names = c("var", "mean", 
"prop", "rand_var", "mean_rand", "sim_n"), class = c("tbl_df", 
"tbl", "data.frame"), row.names = c(NA, -4L)), summ_stan_df = structure(list(
    shape1 = 3.91930502753635, shape2 = 4.25541697486473, stretch = 0.850410516135535, 
    x_min = -0.239949359321363, x_max = 2.9574290164511, maxima = 1.78075241920589, 
    rep = 50L), .Names = c("shape1", "shape2", "stretch", "x_min", 
"x_max", "maxima", "rep"), class = c("tbl_df", "tbl", "data.frame"
), row.names = c(NA, -1L))), .Names = c("lm_df", "lasso_df", 
"summ_stan_df"))
run_x <-
structure(list(lasso_df = structure(list(var = c("maxima", "stretch", 
"x_max", "x_min"), mean = c(0.266410707459184, 0.235531961771978, 
-0.0170271733962431, -0.092326207907679), prop = c(0.135, 0.29, 
0.07, 0.02), rand_var = c(1.97900994824802, 1.97900994824802, 
1.97900994824802, 1.97900994824802), mean_rand = c(-0.707712359679283, 
-0.707712359679283, -0.707712359679283, -0.707712359679283), 
    sim_n = c(50L, 50L, 50L, 50L)), .Names = c("var", "mean", 
"prop", "rand_var", "mean_rand", "sim_n"), class = c("tbl_df", 
"tbl", "data.frame"), row.names = c(NA, -4L)), lasso_depth = structure(list(
    draw = 1:400, `(Intercept)` = c(-0.0482139796836896, -0.0666130952380953, 
    -0.0629523704460014, -0.0549709188136067, -0.0566480588486267, 
    -0.0561716528856735, -0.0327926257950067, -0.0697752393023847, 
    -0.0363938098088915, -0.0631700619064192, -0.0666130952380953, 
    -0.0535576412881871, -0.0666130952380953, -0.0515894524151832, 
    -0.0555021301802439, -0.0440511371435346, -0.0496716757978762, 
    -0.0643491271069779, -0.0613680339642783, -0.0820718415839073, 
    -0.0624498403594993, -0.0551765590388185, -0.0217236989780044, 
    -0.0477113881786778, -0.0468921453181264, -0.0547743035478356, 
    -0.0539363800381652, -0.0221506486046554, -0.111511955508321, 
    -0.0726261564481819, -0.0624484351578272, -0.0577673765386943, 
    -0.0467582023417836, -0.0537935565165005, -0.0626569896540576, 
    -0.061951637246805, -0.052224255828401, -0.0712494425086166, 
    -0.0414025195355909, -0.0616790591123511, -0.0516593664408015, 
    -0.0481452457222073, -0.0607485469058725, -0.0652552711740871, 
    -0.0569748366677303, -0.0666130952380953, -0.0666130952380953, 
    -0.0713929281388268, -0.0410757095963634, -0.0640365052316545, 
    -0.0565211058090773, 6.82521179861673e-05, -0.0611235321170612, 
    -0.0586331536633782, -0.0656953833719938, -0.0452475848214814, 
    -0.0666130952380953, -0.0568616854224862, -0.0265810845286351, 
    -0.0464274149894764, -0.0655031913472043, -0.0547526009195628, 
    -0.0502136986643241, -0.0599030820815152, -0.0576224423238954, 
    -0.0721954366526311, -0.0550305397080261, -0.056165460232733, 
    -0.0574806818823247, -0.0666130952380953, -0.0589224007321692, 
    -0.074601523369666, -0.0617669887277596, -0.0448620181180073, 
    -0.0625423515962813, -0.0216244899964629, -0.0658872478444402, 
    -0.0606209125590072, -0.0666130952380953, -0.0579408565892758, 
    -0.0666676518464551, -0.0575852059528431, -0.0653449682971859, 
    -0.0523824335087823, -0.062222253033926, -0.0427917484750075, 
    -0.0430996942354815, -0.0666130952380953, -0.0336803504990317, 
    -0.0581919008901955, -0.0444071589700091, -0.0482114607849587, 
    -0.0490784167363161, -0.0654422062389893, -0.06622077740403, 
    -0.0668500804609223, -0.0500970442950616, -0.0661521321255416, 
    -0.0768647546433809, -0.0588862420411022, -0.0575619816052702, 
    -0.0611607273293546, -0.0655643441980497, -0.0666130952380953, 
    -0.0665303298615635, -0.0666130952380953, -0.0348593460818511, 
    -0.0666130952380953, -0.0618512929991329, -0.0501849798198378, 
    -0.174209855560204, -0.0666130952380953, -0.0685389596053271, 
    -0.0664401022200598, -0.0679014149482388, -0.0512395210136069, 
    -0.0567879052286342, -0.0569803745065319, -0.071736700107538, 
    -0.0610988635704932, -0.0666130952380953, -0.0603931349272659, 
    -0.0569963085720723, -0.0659676284011491, -0.0748476249835399, 
    -0.0721083694078144, -0.0576728976910256, -0.0681754721136885, 
    -0.0666130952380953, -0.0618500904921542, -0.0396129522239639, 
    -0.0579027925826759, -0.0623040782801501, -0.0579988844762259, 
    -0.0734629588602596, -0.0706897033347775, -0.0640695159391494, 
    -0.0735548982845418, -0.0612813398204447, -0.0570639499553868, 
    -0.100872956428033, -0.0666130952380953, -0.076455235627584, 
    -0.0695995895699627, -0.0666130952380953, -0.0823938045114394, 
    -0.0653845378697228, -0.0666130952380953, -0.0537191828653196, 
    -0.0617734545303524, -0.0666130952380953, -0.0190390104348955, 
    -0.0702392347094176, -0.0660990791465219, -0.0759283438279884, 
    -0.0621025983426862, -0.069787459582472, -0.059767793781172, 
    -0.0753238088804134, -0.0666130952380953, -0.0671839383655452, 
    -0.0687726894161935, -0.0563517353895415, -0.059022160644148, 
    -0.0749476913997515, -0.0666130952380953, -0.0666130952380953, 
    -0.0410237250838569, -0.0622037727637911, -0.0555834292581964, 
    -0.0692895848079962, -0.0611867931734836, -0.0587619157105192, 
    -0.0490521032898892, -0.057035157256664, -0.07441582510177, 
    -0.0482509331301849, -0.0651644133952515, -0.0741836326467298, 
