run_x <-
structure(list(lm_df = structure(list(term = c("maxima_sc", "stretch_sc", 
"x_max_sc", "x_min_sc"), coef = c(-0.0197478347846756, 0.0391966108715343, 
-0.0390587101523428, -0.055620224467997), p_value = c(0.384735949089212, 
0.0385513700567006, 0.292452247946508, 0.258391742110794), rand_var = c(3.38182391380231, 
3.38182391380231, 3.38182391380231, 3.38182391380231), mean_rand = c(-1.10787021687419, 
-1.10787021687419, -1.10787021687419, -1.10787021687419), sim_n = c(85L, 
85L, 85L, 85L)), .Names = c("term", "coef", "p_value", "rand_var", 
"mean_rand", "sim_n"), class = c("tbl_df", "tbl", "data.frame"
), row.names = c(NA, -4L)), lasso_df = structure(list(var = c("maxima", 
"stretch", "x_max", "x_min"), mean = c(-0.147617031633006, -0.00869454285091097, 
-0.18396491485423, -0.143372511901899), prop = c(0.0175, 0.035, 
0.005, 0.04), rand_var = c(3.38182391380231, 3.38182391380231, 
3.38182391380231, 3.38182391380231), mean_rand = c(-1.10787021687419, 
-1.10787021687419, -1.10787021687419, -1.10787021687419), sim_n = c(85L, 
85L, 85L, 85L)), .Names = c("var", "mean", "prop", "rand_var", 
"mean_rand", "sim_n"), class = c("tbl_df", "tbl", "data.frame"
), row.names = c(NA, -4L)), summ_stan_df = structure(list(shape1 = 3.97532154331526, 
    shape2 = 4.94144738643907, stretch = 0.962555018954655, x_min = 0.482084488731164, 
    x_max = 1.67836171604013, maxima = 1.21840025725329, rep = 85L), .Names = c("shape1", 
"shape2", "stretch", "x_min", "x_max", "maxima", "rep"), class = c("tbl_df", 
"tbl", "data.frame"), row.names = c(NA, -1L))), .Names = c("lm_df", 
"lasso_df", "summ_stan_df"))
run_x <-
structure(list(lm_df = structure(list(term = c("maxima_sc", "stretch_sc", 
"x_max_sc", "x_min_sc"), coef = c(-0.0197478347846756, 0.0391966108715343, 
-0.0390587101523428, -0.055620224467997), p_value = c(0.384735949089212, 
0.0385513700567006, 0.292452247946508, 0.258391742110794), rand_var = c(3.38182391380231, 
3.38182391380231, 3.38182391380231, 3.38182391380231), mean_rand = c(-1.10787021687419, 
-1.10787021687419, -1.10787021687419, -1.10787021687419), sim_n = c(85L, 
85L, 85L, 85L)), .Names = c("term", "coef", "p_value", "rand_var", 
"mean_rand", "sim_n"), class = c("tbl_df", "tbl", "data.frame"
), row.names = c(NA, -4L)), lasso_df = structure(list(var = c("maxima", 
"stretch", "x_max", "x_min"), mean = c(-0.147617031633006, -0.00869454285091097, 
-0.18396491485423, -0.143372511901899), prop = c(0.0175, 0.035, 
0.005, 0.04), rand_var = c(3.38182391380231, 3.38182391380231, 
3.38182391380231, 3.38182391380231), mean_rand = c(-1.10787021687419, 
-1.10787021687419, -1.10787021687419, -1.10787021687419), sim_n = c(85L, 
85L, 85L, 85L)), .Names = c("var", "mean", "prop", "rand_var", 
"mean_rand", "sim_n"), class = c("tbl_df", "tbl", "data.frame"
), row.names = c(NA, -4L)), summ_stan_df = structure(list(shape1 = 3.97532154331526, 
    shape2 = 4.94144738643907, stretch = 0.962555018954655, x_min = 0.482084488731164, 
    x_max = 1.67836171604013, maxima = 1.21840025725329, rep = 85L), .Names = c("shape1", 
"shape2", "stretch", "x_min", "x_max", "maxima", "rep"), class = c("tbl_df", 
"tbl", "data.frame"), row.names = c(NA, -1L))), .Names = c("lm_df", 
"lasso_df", "summ_stan_df"))
run_x <-
structure(list(lasso_df = structure(list(var = c("maxima", "stretch", 
"x_max", "x_min"), mean = c(-0.0200404147093147, -0.00546970015537314, 
-0.253788616505511, -0.130846852542058), prop = c(0.01, 0.035, 
0, 0.04), rand_var = c(3.38182391380231, 3.38182391380231, 3.38182391380231, 
3.38182391380231), mean_rand = c(-1.10787021687419, -1.10787021687419, 
-1.10787021687419, -1.10787021687419), sim_n = c(85L, 85L, 85L, 
85L)), .Names = c("var", "mean", "prop", "rand_var", "mean_rand", 
"sim_n"), class = c("tbl_df", "tbl", "data.frame"), row.names = c(NA, 
-4L)), lasso_depth = structure(list(draw = 1:400, `(Intercept)` = c(-0.0666130952380953, 
-0.0487409938868889, -0.0666130952380953, -0.0666130952380953, 
-0.0666130952380953, -0.0660861752080401, -0.0666130952380953, 
-0.0798785348450939, -0.0666130952380953, -0.047829758513915, 
-0.0559175561170926, -0.0666130952380953, -0.065046593541511, 
-0.0666130952380953, -0.0666130952380953, -0.06200768332639, 
-0.0666130952380953, -0.0629109246781345, -0.0666130952380953, 
-0.0666130952380953, -0.0666130952380953, -0.0657216711758831, 
-0.0666130952380953, -0.0666130952380953, -0.0666130952380953, 
-0.0666130952380953, -0.046604588276978, -0.0666130952380953, 
-0.0437555534563989, -0.0666130952380953, 0.00436307777567138, 
-0.0666130952380953, -0.0666130952380953, -0.0547100408374558, 
-0.0666130952380953, -0.0487802880725848, -0.0666130952380953, 
-0.0666130952380953, -0.0666130952380953, -0.0666130952380953, 
-0.0511359237251741, -0.0400163022997947, -0.0666130952380953, 
-0.0666130952380953, -0.0666130952380953, -0.0666130952380953, 
-0.0666130952380953, -0.0666130952380953, -0.0540735537618882, 
-0.0977491294121975, -0.0143315467420324, -0.0666130952380953, 
-0.0666130952380953, -0.0666130952380953, -0.0666130952380953, 
-0.0666130952380953, -0.0666130952380953, -0.0666130952380953, 
-0.0666130952380953, -0.0666130952380953, -0.0666130952380953, 
-0.0666130952380953, -0.0666130952380953, -0.208145056625286, 
-0.0463477864097189, -0.0480696812445374, -0.0666130952380953, 
0.0252876909737411, -0.0456153201640645, -0.0666130952380953, 
-0.0666130952380953, -0.0666130952380953, -0.0666130952380953, 
-0.0666130952380953, -0.0542513512974047, -0.0589772716916285, 
-0.0489895597270538, -0.0608307111300223, -0.0692449276352664, 
-0.0666130952380953, -0.0628361265986957, -0.0666130952380953, 
-0.0666130952380953, -0.0666130952380953, -0.0666130952380953, 
-0.0666130952380953, -0.0335652035762598, -0.0666130952380953, 
-0.0666130952380953, -0.0666130952380953, -0.0666130952380953, 
-0.0666130952380953, -0.0483635582051455, -0.0666130952380953, 
-0.0666130952380953, -0.0322276637218235, -0.0666130952380953, 
-0.0666130952380953, -0.0666130952380953, -0.0644002379033136, 
-0.0666130952380953, -0.0687975822014256, -0.0666130952380953, 
-0.0666130952380953, -0.0666130952380953, -0.0666130952380953, 
-0.0612417248283442, -0.0666130952380953, -0.0666130952380953, 
-0.0644341600287585, -0.0765740416669527, -0.0666130952380953, 
-0.0720308729697423, -0.0666130952380953, -0.0666130952380953, 
-0.0654384854020998, -0.0666130952380953, -0.0666130952380953, 
-0.0666130952380953, -0.0664318076076804, -0.0666130952380953, 
-0.0666130952380953, -0.0666130952380953, -0.0698827267875993, 
-0.0670958677598652, -0.0666130952380953, -0.0666130952380953, 
-0.0666130952380953, -0.0666130952380953, -0.0668173263676916, 
-0.0617826407634108, -0.0485360896779454, -0.0666130952380953, 
-0.0450500291884252, -0.0666130952380953, -0.0666130952380953, 
-0.0666130952380953, -0.0666130952380953, -0.0602771536397573, 
-0.0666130952380953, -0.0666130952380953, -0.0666130952380953, 
-0.0666130952380953, -0.0666130952380953, -0.0562030797026132, 
-0.065219458458679, -0.0666130952380953, -0.0666130952380953, 
-0.0317655601756241, -0.060284371074204, -0.0666130952380953, 
-0.0666130952380953, -0.0651543583466439, -0.0666130952380953, 
-0.0643130241371315, -0.0666130952380953, -0.0525149499219886, 
-0.0658948528260301, -0.0666130952380953, -0.0589025236429878, 
-0.0666130952380953, -0.0666130952380953, -0.0666130952380953, 
-0.0666130952380953, -0.0666130952380953, -0.0666130952380953, 
-0.0659304211741233, -0.0666130952380953, -0.0666130952380953, 
-0.0666130952380953, -0.0722057208339351, -0.0666130952380953, 
-0.0666130952380953, -0.0664774911158924, -0.0666130952380953, 
-0.0666130952380953, -0.0666130952380953, -0.0666130952380953, 
-0.0666130952380953, -0.0688911845847632, -0.0656781020307478, 
-0.0666130952380953, -0.0666130952380953, -0.0666130952380953, 
-0.0666130952380953, -0.0666130952380953, -0.0666130952380953, 
-0.0666130952380953, -0.0666130952380953, -0.0380840895031396, 
-0.0666130952380953, -0.0666130952380953, -0.0666130952380953, 
