run_x <-
structure(list(lm_df = structure(list(term = c("maxima_sc", "stretch_sc", 
"x_max_sc", "x_min_sc"), coef = c(0.0790785760959456, 0.0622338649316109, 
-0.00455356841407307, -0.0162468283628162), p_value = c(0.0417782851858214, 
0.0271736606014784, 0.181022058671313, 0.0580556094882334), rand_var = c(1.45583458532423, 
1.45583458532423, 1.45583458532423, 1.45583458532423), mean_rand = c(0.786295858074153, 
0.786295858074153, 0.786295858074153, 0.786295858074153), sim_n = c(37L, 
37L, 37L, 37L)), .Names = c("term", "coef", "p_value", "rand_var", 
"mean_rand", "sim_n"), class = c("tbl_df", "tbl", "data.frame"
), row.names = c(NA, -4L)), lasso_df = structure(list(var = c("maxima", 
"stretch", "x_max", "x_min"), mean = c(-0.0052442982016181, 0.000575372879760199, 
-0.172342700923263, -0.152351289752281), prop = c(0.0275, 0.07, 
0.01, 0.0025), rand_var = c(1.45583458532423, 1.45583458532423, 
1.45583458532423, 1.45583458532423), mean_rand = c(0.786295858074153, 
0.786295858074153, 0.786295858074153, 0.786295858074153), sim_n = c(37L, 
37L, 37L, 37L)), .Names = c("var", "mean", "prop", "rand_var", 
"mean_rand", "sim_n"), class = c("tbl_df", "tbl", "data.frame"
), row.names = c(NA, -4L)), summ_stan_df = structure(list(shape1 = 4.04742844562023, 
    shape2 = 2.50912470402129, stretch = 1.08492042357993, x_min = -0.90784226118874, 
    x_max = 4.86905012429924, maxima = 3.42236260365637, rep = 37L), .Names = c("shape1", 
"shape2", "stretch", "x_min", "x_max", "maxima", "rep"), class = c("tbl_df", 
"tbl", "data.frame"), row.names = c(NA, -1L))), .Names = c("lm_df", 
"lasso_df", "summ_stan_df"))
run_x <-
structure(list(lm_df = structure(list(term = c("maxima_sc", "stretch_sc", 
"x_max_sc", "x_min_sc"), coef = c(0.0790785760959456, 0.0622338649316109, 
-0.00455356841407307, -0.0162468283628162), p_value = c(0.0417782851858214, 
0.0271736606014784, 0.181022058671313, 0.0580556094882334), rand_var = c(1.45583458532423, 
1.45583458532423, 1.45583458532423, 1.45583458532423), mean_rand = c(0.786295858074153, 
0.786295858074153, 0.786295858074153, 0.786295858074153), sim_n = c(37L, 
37L, 37L, 37L)), .Names = c("term", "coef", "p_value", "rand_var", 
"mean_rand", "sim_n"), class = c("tbl_df", "tbl", "data.frame"
), row.names = c(NA, -4L)), lasso_df = structure(list(var = c("maxima", 
"stretch", "x_max", "x_min"), mean = c(-0.0052442982016181, 0.000575372879760199, 
-0.172342700923263, -0.152351289752281), prop = c(0.0275, 0.07, 
0.01, 0.0025), rand_var = c(1.45583458532423, 1.45583458532423, 
1.45583458532423, 1.45583458532423), mean_rand = c(0.786295858074153, 
0.786295858074153, 0.786295858074153, 0.786295858074153), sim_n = c(37L, 
37L, 37L, 37L)), .Names = c("var", "mean", "prop", "rand_var", 
"mean_rand", "sim_n"), class = c("tbl_df", "tbl", "data.frame"
), row.names = c(NA, -4L)), summ_stan_df = structure(list(shape1 = 4.04742844562023, 
    shape2 = 2.50912470402129, stretch = 1.08492042357993, x_min = -0.90784226118874, 
    x_max = 4.86905012429924, maxima = 3.42236260365637, rep = 37L), .Names = c("shape1", 
"shape2", "stretch", "x_min", "x_max", "maxima", "rep"), class = c("tbl_df", 
"tbl", "data.frame"), row.names = c(NA, -1L))), .Names = c("lm_df", 
"lasso_df", "summ_stan_df"))
run_x <-
structure(list(lasso_df = structure(list(var = c("maxima", "stretch", 
"x_max", "x_min"), mean = c(0.488278334841409, 0.00372070987338659, 
-0.476592168078762, -0.28042076840749), prop = c(0.0575, 0.04, 
0.0325, 0.0075), rand_var = c(1.45583458532423, 1.45583458532423, 
1.45583458532423, 1.45583458532423), mean_rand = c(0.786295858074153, 
0.786295858074153, 0.786295858074153, 0.786295858074153), sim_n = c(37L, 
37L, 37L, 37L)), .Names = c("var", "mean", "prop", "rand_var", 
"mean_rand", "sim_n"), class = c("tbl_df", "tbl", "data.frame"
), row.names = c(NA, -4L)), lasso_depth = structure(list(draw = 1:400, 
    `(Intercept)` = c(-0.0666130952380953, -0.0666130952380953, 
    -0.0666130952380953, -0.0666130952380953, -0.208409514073863, 
    -0.0757178342272147, -0.0666130952380953, -0.0582820836042076, 
    -0.0666130952380953, -0.0566959454325353, -0.0666130952380953, 
    -0.123306559937616, -0.0666130952380953, -0.0666130952380953, 
    -0.0666130952380953, 0.0254680566620288, -0.0666130952380953, 
    -0.0666130952380953, -0.0666130952380953, -0.0666130952380953, 
    -0.0666130952380953, -0.0666130952380953, -0.0666130952380953, 
    -0.0666130952380953, -0.0666130952380953, -0.0666130952380953, 
    -0.0666130952380953, -0.0666130952380953, 0.0297075310870759, 
    -0.0666130952380953, -0.0666130952380953, -0.0851515167248941, 
    -0.0666130952380953, -0.0666130952380953, -0.0666130952380953, 
    -0.0666130952380953, -0.0666130952380953, -0.463103090726004, 
    -0.0666130952380953, -0.0666130952380953, -0.241093564675423, 
    -0.0666130952380953, -0.0666130952380953, -0.0666130952380953, 
    -0.0666130952380953, -0.0666130952380953, -0.0991103306499892, 
    -0.153175289894823, -0.121331019497019, -0.0779033619273184, 
    -0.0666130952380953, -0.0712099802003547, -0.0666130952380953, 
    -0.0666130952380953, -0.0666130952380953, -0.0666130952380953, 
    -0.0666130952380953, -0.123347756049142, -0.0430682302626587, 
    -0.0666130952380953, -0.0666130952380953, -0.0666130952380953, 
    -0.0666130952380953, -0.212990708443024, -0.0666130952380953, 
    -0.0666130952380953, -0.149550138542703, -0.0666130952380953, 
    -0.130550107374206, -0.0666130952380953, -0.0666130952380953, 
    0.226570427540499, -0.0666130952380953, -0.117862163768825, 
    -0.0666130952380953, -0.0666130952380953, -0.0666130952380953, 
    -0.0666130952380953, -0.0666130952380953, -0.0666130952380953, 
    0.141337994792172, -0.0666130952380953, -0.0589436366162589, 
    -0.0666130952380953, -0.0666130952380953, -0.10346119695293, 
    -0.0666130952380953, -0.0899983235339879, -0.0666130952380953, 
    -0.0666130952380953, -0.0666130952380953, -0.0877428797076461, 
    -0.0666130952380953, -0.0307500219526329, -0.0666130952380953, 
    -0.105659030061954, -0.0666130952380953, -0.114621411430299, 
    -0.0666130952380953, -0.0666130952380953, -0.0666130952380953, 
    -0.0786854473311868, 0.0968709856041201, -0.0376933410290307, 
    -0.0379840710994477, 0.0228457318390361, -0.0479483486913444, 
    -0.0588422713047407, -0.0618128440647885, -0.0666130952380953, 
    -0.0666130952380953, -0.0514566537592292, -0.0455846593582321, 
    -0.0638949586427002, -0.0476658470008313, -0.0566440925944865, 
    -0.15139222106447, -0.0666130952380953, -0.0606847499469723, 
    -0.0528980562648726, -0.0582975686253123, -0.064399522333115, 
    -0.0551859115675753, -0.0615267745752426, 0.0300884143544774, 
    -0.0496697656736669, -0.047626645878677, -0.0537138452885155, 
    -0.0611711879055219, -0.0500355755890506, -0.0453139485007766, 
    -0.0495209514718476, -0.0666130952380953, -0.0507337848978247, 
    -0.0665005278934858, -0.0484991163367379, -0.0546589530305518, 
    -0.0624981307953136, -0.224121260238701, -0.0666130952380953, 
    -0.152795082767111, -0.254558061066282, -0.102401907822353, 
    -0.0541481172501595, -0.0446300010976347, -0.039012068152858, 
    -0.0447444267579222, -0.0634547211591217, -0.06112226476001, 
    -0.056376747510231, -0.0666130952380953, -0.0566891739237931, 
    -0.053397754988195, -0.0545276301382694, -0.0352701988422005, 
    -0.0361539700402741, -0.0523313090199906, -0.132720608857429, 
    -0.0586001524169142, -0.0666130952380953, -0.0666130952380953, 
    -0.0483086873925075, -0.0599983367527674, -0.0698174071541519, 
    -0.0618557486238614, -0.0549893114078494, -0.0666130952380953, 
    -0.0666130952380953, -0.121596070493948, -0.045082820820414, 
    -0.0557435091585752, -0.0236363083096179, -0.0854893102176235, 
    -0.0513873095324693, -0.076690102943773, -0.0508163822630301, 
    -0.0657375279154212, -0.0638865682390839, -0.0556351105826, 
    -0.0888161944723076, -0.0848480406542113, -0.0561967054463624, 
