run_x <-
structure(list(lm_df = structure(list(term = c("maxima_sc", "stretch_sc", 
"x_max_sc", "x_min_sc"), coef = c(0.0023259770230454, 0.00893383485833047, 
0.0135681323139319, 0.0103435677028386), p_value = c(0.0796796641211395, 
0.15545308630907, 0.156675497883192, 0.176338023121636), rand_var = c(1.73837784446895, 
1.73837784446895, 1.73837784446895, 1.73837784446895), mean_rand = c(0.940838568444266, 
0.940838568444266, 0.940838568444266, 0.940838568444266), sim_n = c(44L, 
44L, 44L, 44L)), .Names = c("term", "coef", "p_value", "rand_var", 
"mean_rand", "sim_n"), class = c("tbl_df", "tbl", "data.frame"
), row.names = c(NA, -4L)), lasso_df = structure(list(var = c("maxima", 
"stretch", "x_max", "x_min"), mean = c(0.152036610568879, 0.0243882173714949, 
-0.155440853307087, 0.367271005101941), prop = c(0.105, 0.095, 
0.0575, 0.16), rand_var = c(1.73837784446895, 1.73837784446895, 
1.73837784446895, 1.73837784446895), mean_rand = c(0.940838568444266, 
0.940838568444266, 0.940838568444266, 0.940838568444266), sim_n = c(44L, 
44L, 44L, 44L)), .Names = c("var", "mean", "prop", "rand_var", 
"mean_rand", "sim_n"), class = c("tbl_df", "tbl", "data.frame"
), row.names = c(NA, -4L)), summ_stan_df = structure(list(shape1 = 4.25094659308404, 
    shape2 = 3.72711244063708, stretch = 1.39198168142772, x_min = 0.492916397912816, 
    x_max = 3.13356756737373, maxima = 2.25467093991908, rep = 44L), .Names = c("shape1", 
"shape2", "stretch", "x_min", "x_max", "maxima", "rep"), class = c("tbl_df", 
"tbl", "data.frame"), row.names = c(NA, -1L))), .Names = c("lm_df", 
"lasso_df", "summ_stan_df"))
run_x <-
structure(list(lm_df = structure(list(term = c("maxima_sc", "stretch_sc", 
"x_max_sc", "x_min_sc"), coef = c(0.0023259770230454, 0.00893383485833047, 
0.0135681323139319, 0.0103435677028386), p_value = c(0.0796796641211395, 
0.15545308630907, 0.156675497883192, 0.176338023121636), rand_var = c(1.73837784446895, 
1.73837784446895, 1.73837784446895, 1.73837784446895), mean_rand = c(0.940838568444266, 
0.940838568444266, 0.940838568444266, 0.940838568444266), sim_n = c(44L, 
44L, 44L, 44L)), .Names = c("term", "coef", "p_value", "rand_var", 
"mean_rand", "sim_n"), class = c("tbl_df", "tbl", "data.frame"
), row.names = c(NA, -4L)), lasso_df = structure(list(var = c("maxima", 
"stretch", "x_max", "x_min"), mean = c(0.152036610568879, 0.0243882173714949, 
-0.155440853307087, 0.367271005101941), prop = c(0.105, 0.095, 
0.0575, 0.16), rand_var = c(1.73837784446895, 1.73837784446895, 
1.73837784446895, 1.73837784446895), mean_rand = c(0.940838568444266, 
0.940838568444266, 0.940838568444266, 0.940838568444266), sim_n = c(44L, 
44L, 44L, 44L)), .Names = c("var", "mean", "prop", "rand_var", 
"mean_rand", "sim_n"), class = c("tbl_df", "tbl", "data.frame"
), row.names = c(NA, -4L)), summ_stan_df = structure(list(shape1 = 4.25094659308404, 
    shape2 = 3.72711244063708, stretch = 1.39198168142772, x_min = 0.492916397912816, 
    x_max = 3.13356756737373, maxima = 2.25467093991908, rep = 44L), .Names = c("shape1", 
"shape2", "stretch", "x_min", "x_max", "maxima", "rep"), class = c("tbl_df", 
"tbl", "data.frame"), row.names = c(NA, -1L))), .Names = c("lm_df", 
"lasso_df", "summ_stan_df"))
run_x <-
structure(list(lasso_df = structure(list(var = c("maxima", "stretch", 
"x_max", "x_min"), mean = c(1.29228213140288, 0.20202782923722, 
-0.208116625247579, -0.243240482337986), prop = c(0.0425, 0.1325, 
0.0275, 0.025), rand_var = c(1.73837784446895, 1.73837784446895, 
1.73837784446895, 1.73837784446895), mean_rand = c(0.940838568444266, 
0.940838568444266, 0.940838568444266, 0.940838568444266), sim_n = c(44L, 
44L, 44L, 44L)), .Names = c("var", "mean", "prop", "rand_var", 
"mean_rand", "sim_n"), class = c("tbl_df", "tbl", "data.frame"
), row.names = c(NA, -4L)), lasso_depth = structure(list(draw = 1:400, 
    `(Intercept)` = c(-0.0666130952380953, -0.0666130952380953, 
    -0.0666130952380953, -0.0666130952380953, -0.0666130952380953, 
    -0.0666130952380953, -0.0666130952380953, -0.0666130952380953, 
    -0.0666130952380953, -0.0666130952380953, -0.0441895941311718, 
    -0.0666130952380953, -0.0576926878322747, -0.0666130952380953, 
    -0.0666130952380953, -0.0668086585177463, -0.0666130952380953, 
    -0.0872429565700935, -0.0666130952380953, -0.0653862960094285, 
    -0.072568257511353, -0.0808792215215512, -0.0666130952380953, 
    -0.0666130952380953, -0.0666130952380953, -0.0666130952380953, 
    -0.0666130952380953, -0.0666130952380953, -0.0701368531224616, 
    -0.0666130952380953, -0.0666130952380953, -0.0666130952380953, 
    -0.0666130952380953, -0.136528621017164, -0.0666130952380953, 
    -0.0666130952380953, -0.0666130952380953, -0.0666130952380953, 
    -0.0666130952380953, -0.0666130952380953, -0.0666130952380953, 
    -0.0666130952380953, -0.0666130952380953, -0.0666130952380953, 
    -0.0666130952380953, -0.0666130952380953, -0.0666130952380953, 
    -0.0666130952380953, -0.0666130952380953, -0.0666130952380953, 
    -0.0666130952380953, -0.0666130952380953, -0.0666130952380953, 
    -0.065862123578164, -0.0666130952380953, -0.0651388896264956, 
    -0.0666130952380953, -0.0666130952380953, -0.0575850830076128, 
    -0.0666130952380953, -0.0278975644956651, -0.0666130952380953, 
    -0.0666130952380953, -0.0666130952380953, -0.0622669653393843, 
    -0.0666130952380953, -0.0666130952380953, -0.0666130952380953, 
    -0.0830123730381404, -0.0458260412661866, -0.0666130952380953, 
    -0.0666130952380953, -0.0666130952380953, -0.0666130952380953, 
    -0.250575223731227, -0.0666130952380953, -0.0666130952380953, 
    -0.0674111533923428, -0.0666130952380953, -0.0656692528427878, 
    -0.0666130952380953, -0.0666130952380953, -0.0666130952380953, 
    -0.0678969802555901, -0.0666130952380953, -0.0666130952380953, 
    -0.0666130952380953, -0.0666130952380953, -0.0504221722959564, 
    -0.0539102010116919, -0.0395557528938363, -0.0666130952380953, 
    -0.0733174806611392, -0.0666130952380953, -0.0666130952380953, 
    -0.0666130952380953, -0.0666130952380953, -0.101772997492794, 
    -0.0666130952380953, -0.0666130952380953, -0.0675019144139832, 
    -0.0720928457352501, -0.0337216684570555, -0.0652475461995917, 
    -0.0668292383016048, -0.0679710724533066, -0.0816381836090019, 
    -0.0649915527094224, -0.0662320192280547, -0.0710318503773302, 
    -0.0717449338680516, -0.0699515598284446, -0.0676231522215839, 
    -0.0666130952380953, -0.0684551880368992, -0.0568526055264257, 
    -0.084095268226015, -0.0666130952380953, -0.0804869683496793, 
    -0.067701911235194, -0.0735011208503085, -0.0679264356443054, 
    -0.0666130952380953, -0.0664858964165898, -0.0672792546858898, 
    -0.0733257927283919, -0.0666130952380953, -0.0702826142635665, 
    -0.0947643075483703, -0.0685823561945366, -0.0707360925849862, 
    -0.0461473363134565, -0.0705911417479305, -0.0694301156255719, 
    -0.0807364495631823, -0.0681001806253509, -0.0666130952380953, 
    -0.071965929074289, -0.0666130952380953, -0.0680485574325591, 
    -0.0671169608607892, -0.0695861892911644, -0.0703616918774247, 
    -0.0740487753647228, -0.0644304702325037, -0.0671593402031297, 
    -0.0698633299851937, -0.0704518085800011, -0.071802709397229, 
    -0.0705926898738436, -0.0529394053947343, -0.0779245946701614, 
    -0.0667605840402341, -0.0711479258407946, -0.0694298044827661, 
    -0.0719788766940575, -0.0684596025166186, -0.067763820850674, 
    -0.0524074649626072, -0.0689228830297765, -0.0625254605692485, 
    -0.0710664291944852, -0.0666130952380953, -0.0689309512279338, 
    -0.0675535258207517, -0.0679442891662608, -0.0666130952380953, 
    -0.0666130952380953, -0.0666130952380953, -0.0725784974236694, 
    -0.0696182720942114, -0.0618265973195846, -0.0701383971262033, 
    -0.0689880065455681, -0.0666130952380953, -0.0701122651660587, 
    -0.0681231472607104, -0.0666130952380953, -0.0266525822260765, 
    -0.0666130952380953, -0.06627697715556, -0.068091928793035, 
