run_x <-
structure(list(lm_df = structure(list(term = c("maxima_sc", "stretch_sc", 
"x_max_sc", "x_min_sc"), coef = c(0.0154211613723591, 0.0630082324611621, 
-0.011208688384244, -0.000157019116017825), p_value = c(0.135619565946267, 
0.00370425252542954, 0.136275345527436, 0.191825939688007), rand_var = c(0.325627118481813, 
0.325627118481813, 0.325627118481813, 0.325627118481813), mean_rand = c(-0.358491797753735, 
-0.358491797753735, -0.358491797753735, -0.358491797753735), 
    sim_n = c(9L, 9L, 9L, 9L)), .Names = c("term", "coef", "p_value", 
"rand_var", "mean_rand", "sim_n"), class = c("tbl_df", "tbl", 
"data.frame"), row.names = c(NA, -4L)), lasso_df = structure(list(
    var = c("maxima", "stretch", "x_max", "x_min"), mean = c(-0.0413149550706923, 
    0.152124304715511, -0.110235358630368, -0.0696863064666487
    ), prop = c(0.015, 0.1425, 0.0025, 0.03), rand_var = c(0.325627118481813, 
    0.325627118481813, 0.325627118481813, 0.325627118481813), 
    mean_rand = c(-0.358491797753735, -0.358491797753735, -0.358491797753735, 
    -0.358491797753735), sim_n = c(9L, 9L, 9L, 9L)), .Names = c("var", 
"mean", "prop", "rand_var", "mean_rand", "sim_n"), class = c("tbl_df", 
"tbl", "data.frame"), row.names = c(NA, -4L)), summ_stan_df = structure(list(
    shape1 = 3.06875346623733, shape2 = 3.99292868247027, stretch = 0.952966207635979, 
    x_min = -0.86493111258179, x_max = 4.74926207404994, maxima = 2.36540790449755, 
    rep = 9L), .Names = c("shape1", "shape2", "stretch", "x_min", 
"x_max", "maxima", "rep"), class = c("tbl_df", "tbl", "data.frame"
), row.names = c(NA, -1L))), .Names = c("lm_df", "lasso_df", 
"summ_stan_df"))
run_x <-
structure(list(lm_df = structure(list(term = c("maxima_sc", "stretch_sc", 
"x_max_sc", "x_min_sc"), coef = c(0.0154211613723591, 0.0630082324611621, 
-0.011208688384244, -0.000157019116017825), p_value = c(0.135619565946267, 
0.00370425252542954, 0.136275345527436, 0.191825939688007), rand_var = c(0.325627118481813, 
0.325627118481813, 0.325627118481813, 0.325627118481813), mean_rand = c(-0.358491797753735, 
-0.358491797753735, -0.358491797753735, -0.358491797753735), 
    sim_n = c(9L, 9L, 9L, 9L)), .Names = c("term", "coef", "p_value", 
"rand_var", "mean_rand", "sim_n"), class = c("tbl_df", "tbl", 
"data.frame"), row.names = c(NA, -4L)), lasso_df = structure(list(
    var = c("maxima", "stretch", "x_max", "x_min"), mean = c(-0.0413149550706923, 
    0.152124304715511, -0.110235358630368, -0.0696863064666487
    ), prop = c(0.015, 0.1425, 0.0025, 0.03), rand_var = c(0.325627118481813, 
    0.325627118481813, 0.325627118481813, 0.325627118481813), 
    mean_rand = c(-0.358491797753735, -0.358491797753735, -0.358491797753735, 
    -0.358491797753735), sim_n = c(9L, 9L, 9L, 9L)), .Names = c("var", 
"mean", "prop", "rand_var", "mean_rand", "sim_n"), class = c("tbl_df", 
"tbl", "data.frame"), row.names = c(NA, -4L)), summ_stan_df = structure(list(
    shape1 = 3.06875346623733, shape2 = 3.99292868247027, stretch = 0.952966207635979, 
    x_min = -0.86493111258179, x_max = 4.74926207404994, maxima = 2.36540790449755, 
    rep = 9L), .Names = c("shape1", "shape2", "stretch", "x_min", 
"x_max", "maxima", "rep"), class = c("tbl_df", "tbl", "data.frame"
), row.names = c(NA, -1L))), .Names = c("lm_df", "lasso_df", 
"summ_stan_df"))
run_x <-
structure(list(lasso_df = structure(list(var = c("maxima", "stretch", 
"x_max", "x_min"), mean = c(0.0361103809673689, 0.166153278601954, 
-0.0643122406135861, -0.0441098936874347), prop = c(0.035, 0.1525, 
0.015, 0.0575), rand_var = c(0.325627118481813, 0.325627118481813, 
0.325627118481813, 0.325627118481813), mean_rand = c(-0.358491797753735, 
-0.358491797753735, -0.358491797753735, -0.358491797753735), 
    sim_n = c(9L, 9L, 9L, 9L)), .Names = c("var", "mean", "prop", 
"rand_var", "mean_rand", "sim_n"), class = c("tbl_df", "tbl", 
"data.frame"), row.names = c(NA, -4L)), lasso_depth = structure(list(
    draw = 1:400, `(Intercept)` = c(-0.0524034029224176, -0.0668361202459508, 
    -0.0591517921518754, -0.0594075142873542, -0.0656032155066494, 
    -0.0871232292429336, -0.0600631522878316, -0.0218178495641375, 
    -0.0561708114864396, -0.0998230190225645, -0.0666130952380953, 
    -0.1948772643092, -0.0660558614565635, -0.0751048802853338, 
    -0.0560587397930115, -0.0628036209508801, -0.0571351719936329, 
    -0.0592273666246998, -0.0287083254229221, -0.0721879208731594, 
    -0.0602788527188338, -0.142169805268113, -0.0581268777187134, 
    -0.0669386578983148, -0.064488350343643, -0.0814369381245945, 
    -0.0755402445252676, -0.0634521053777764, -0.0527647120947266, 
    -0.0688316963559539, -0.0589524743916059, -0.0749551690819407, 
    -0.0675258257778979, -0.0672380489731745, -0.0709527620230611, 
    -0.0579986685973275, -0.0658940115899134, -0.0766658499593137, 
    -0.0559220656146672, -0.0633535604951518, -0.0655906965436058, 
    -0.0624900761160443, -0.0470929301995464, -0.0561353097441534, 
    -0.0679355705670452, -0.104306997190634, -0.0852688523886261, 
    -0.0945453432808523, -0.0584217697580596, -0.0592387800376224, 
    -0.0693796439935751, -0.0588969298785323, -0.042267033864689, 
    -0.0876243413760026, -0.0635708816236928, -0.0625588578384018, 
    -0.0665473739141139, -0.0704065732734116, -0.0666130952380953, 
    -0.0593547406676415, -0.0676410594777611, -0.0387314902854459, 
    -0.0666130952380953, -0.0525536259510988, -0.0624012607017247, 
    -0.0603616640731348, -0.0540113649695631, -0.072783212080433, 
    -0.0628357429052424, -0.0596817521788651, -0.0636268662708704, 
    -0.0719315982349667, -0.058324397892941, -0.0639361483266511, 
    -0.0693736035186917, -0.0623684152367908, -0.0561796845295329, 
    -0.0688397830786089, -0.0599045345538001, -0.0742155602513164, 
    -0.0645872647583781, -0.0516305832599188, -0.0496427526970951, 
    -0.0636472230968325, -0.0647514787934422, -0.0576310559040605, 
    -0.0642819698180262, -0.063568669927263, -0.0666130952380953, 
    -0.0557031957028932, -0.0603552393012921, -0.0552817091572987, 
    -0.0602835980960818, -0.0312886746934489, -0.0666130952380953, 
    -0.0606488045234907, -0.0663903785668033, -0.0554119851920264, 
    -0.0609217516867127, -0.0656342134962807, -0.0709307186440758, 
    -0.0657253369842316, -0.064659403163866, -0.00975905397913191, 
    -0.0516687914162545, -0.0643756414040351, -0.0515131280207686, 
    -0.0517988805478249, -0.0641180700680706, -0.063353861761749, 
    -0.0568343667205689, -0.0323753440854844, -0.0568648417338319, 
    -0.0686003072631087, -0.0644328890392253, -0.0559856568701796, 
    -0.0632429164152128, -0.06615381219508, -0.0593422443930218, 
    -0.0634598001765231, -0.0666130952380953, -0.0516105667790904, 
    -0.0597147302722955, -0.0794598947429067, -0.0566837270187558, 
    -0.0499879815196791, -0.0342949908149971, -0.0299660387311577, 
    -0.0688604737113826, -0.110174437386012, -0.0648264998631152, 
    -0.0707757479345925, -0.0614414230558869, -0.080367992917942, 
    -0.0597675503710031, -0.0818052493310157, -0.0666130952380953, 
    -0.0545933291910432, -0.0666130952380953, -0.0579318768723592, 
    -0.0609836417673983, -0.0586967973564207, -0.0581649686330379, 
    -0.0576179731982151, -0.0621312140729486, -0.0566110588500082, 
    -0.0653583331955513, -0.0661512599135954, -0.0654397395099487, 
    -0.0580917926031109, -0.0665951931463104, -0.0410089611573247, 
    -0.0641830058556834, -0.0679089976199879, -0.0694878318861589, 
    -0.061938970669728, -0.0399000993766071, -0.0621222496313082, 
    0.0141610604209589, -0.0627952555849616, -0.0683475279597008, 
    -0.0569582944299492, -0.0495144493492083, -0.0695335755881682, 
    -0.0601489506880135, -0.0764280574043154, -0.0609460505524612, 
    -0.0923496515467618, -0.0565144122897682, -0.0586457350002713, 
    -0.0489649511253934, -0.061870095525583, -0.0591910303813253, 
    -0.0642781946555373, -0.0769703652976141, -0.0635447859351582, 
