run_x <-
structure(list(lm_df = structure(list(term = c("maxima_sc", "stretch_sc", 
"x_max_sc", "x_min_sc"), coef = c(0.108576613314556, 0.0556900629176302, 
0.0206784669013616, -0.0319190395848548), p_value = c(0.0194738900119464, 
0.00188748904732995, 0.0927120306532645, 0.0275887675469602), 
    rand_var = c(1.33504169398134, 1.33504169398134, 1.33504169398134, 
    1.33504169398134), mean_rand = c(0.336995446076151, 0.336995446076151, 
    0.336995446076151, 0.336995446076151), sim_n = c(34L, 34L, 
    34L, 34L)), .Names = c("term", "coef", "p_value", "rand_var", 
"mean_rand", "sim_n"), class = c("tbl_df", "tbl", "data.frame"
), row.names = c(NA, -4L)), lasso_df = structure(list(var = c("maxima", 
"stretch", "x_max", "x_min"), mean = c(0.80447206055746, 0.382453375977801, 
-0.0466589139978952, -0.177004359843869), prop = c(0.1675, 0.4, 
0.01, 0.015), rand_var = c(1.33504169398134, 1.33504169398134, 
1.33504169398134, 1.33504169398134), mean_rand = c(0.336995446076151, 
0.336995446076151, 0.336995446076151, 0.336995446076151), sim_n = c(34L, 
34L, 34L, 34L)), .Names = c("var", "mean", "prop", "rand_var", 
"mean_rand", "sim_n"), class = c("tbl_df", "tbl", "data.frame"
), row.names = c(NA, -4L)), summ_stan_df = structure(list(shape1 = 4.15816247583071, 
    shape2 = 3.02488487575002, stretch = 1.79612465927007, x_min = -0.954016422191132, 
    x_max = 4.86775749810207, maxima = 3.34477501870059, rep = 34L), .Names = c("shape1", 
"shape2", "stretch", "x_min", "x_max", "maxima", "rep"), class = c("tbl_df", 
"tbl", "data.frame"), row.names = c(NA, -1L))), .Names = c("lm_df", 
"lasso_df", "summ_stan_df"))
run_x <-
structure(list(lm_df = structure(list(term = c("maxima_sc", "stretch_sc", 
"x_max_sc", "x_min_sc"), coef = c(0.108576613314556, 0.0556900629176302, 
0.0206784669013616, -0.0319190395848548), p_value = c(0.0194738900119464, 
0.00188748904732995, 0.0927120306532645, 0.0275887675469602), 
    rand_var = c(1.33504169398134, 1.33504169398134, 1.33504169398134, 
    1.33504169398134), mean_rand = c(0.336995446076151, 0.336995446076151, 
    0.336995446076151, 0.336995446076151), sim_n = c(34L, 34L, 
    34L, 34L)), .Names = c("term", "coef", "p_value", "rand_var", 
"mean_rand", "sim_n"), class = c("tbl_df", "tbl", "data.frame"
), row.names = c(NA, -4L)), lasso_df = structure(list(var = c("maxima", 
"stretch", "x_max", "x_min"), mean = c(0.80447206055746, 0.382453375977801, 
-0.0466589139978952, -0.177004359843869), prop = c(0.1675, 0.4, 
0.01, 0.015), rand_var = c(1.33504169398134, 1.33504169398134, 
1.33504169398134, 1.33504169398134), mean_rand = c(0.336995446076151, 
0.336995446076151, 0.336995446076151, 0.336995446076151), sim_n = c(34L, 
34L, 34L, 34L)), .Names = c("var", "mean", "prop", "rand_var", 
"mean_rand", "sim_n"), class = c("tbl_df", "tbl", "data.frame"
), row.names = c(NA, -4L)), summ_stan_df = structure(list(shape1 = 4.15816247583071, 
    shape2 = 3.02488487575002, stretch = 1.79612465927007, x_min = -0.954016422191132, 
    x_max = 4.86775749810207, maxima = 3.34477501870059, rep = 34L), .Names = c("shape1", 
"shape2", "stretch", "x_min", "x_max", "maxima", "rep"), class = c("tbl_df", 
"tbl", "data.frame"), row.names = c(NA, -1L))), .Names = c("lm_df", 
"lasso_df", "summ_stan_df"))
run_x <-
structure(list(lasso_df = structure(list(var = c("maxima", "stretch", 
"x_max", "x_min"), mean = c(2.37893047188516, 0.370895720978751, 
-0.298535498287122, -0.0650181090723838), prop = c(0.405, 0.4025, 
0.02, 0.09), rand_var = c(1.33504169398134, 1.33504169398134, 
1.33504169398134, 1.33504169398134), mean_rand = c(0.336995446076151, 
0.336995446076151, 0.336995446076151, 0.336995446076151), sim_n = c(34L, 
34L, 34L, 34L)), .Names = c("var", "mean", "prop", "rand_var", 
"mean_rand", "sim_n"), class = c("tbl_df", "tbl", "data.frame"
), row.names = c(NA, -4L)), lasso_depth = structure(list(draw = 1:400, 
    `(Intercept)` = c(-0.0601188664782554, -0.15700895835756, 
    -0.0570646305677214, -0.124961130650541, -0.167398387436, 
    -0.0989397869084726, -0.20765007563637, -0.0772681847778252, 
    -0.0666130952380953, -0.0666130952380953, -0.0535775981186191, 
    -0.0674316093907133, -0.213355569999305, -0.15898424695034, 
    -0.0666130952380953, -0.215462139418885, -0.190505856872934, 
    -0.120283765248311, -0.0666130952380953, -0.153597211399715, 
    -0.0687289769622913, -0.117621124998669, -0.0518437412916656, 
    -0.0718675464270905, -0.0824352163237687, -0.0569834599892515, 
    -0.076742163485222, -0.0666130952380953, -0.0660310838471671, 
    -0.0666130952380953, -0.0570462033429379, -0.062595535727669, 
    -0.189091417542158, -0.0595295734598281, -0.0870826923249014, 
    -0.150053253949771, -0.0666130952380953, -0.0666130952380953, 
    -0.0644767703240972, -0.145382136517774, -0.072035623067952, 
    -0.0548351006122379, -0.109170444319186, -0.275076628189033, 
    -0.130627201014929, -0.119512826518355, -0.0514454320727393, 
    -0.0666130952380953, -0.0666130952380953, -0.0864530433371682, 
    -0.217197432828687, -0.0229264166038335, -0.0666130952380953, 
    -0.0583270048012668, -0.0466398427238607, -0.0941071171188164, 
    -0.184390225388725, -0.219716550442683, -0.0751926669053147, 
    -0.158092065975651, -0.0660984953641723, -0.0715870318200079, 
    -0.074898306885148, -0.0905769091319445, -0.0902105866634242, 
    -0.258631111370596, -0.134993786225157, -0.0640238079367449, 
    -0.207477112057453, -0.0666130952380953, -0.0657360500805394, 
    -0.0661886155936154, -0.10920525954662, -0.0680950185183897, 
    -0.0666130952380953, -0.162267090116824, -0.0666130952380953, 
    -0.0666130952380953, -0.0453016888974066, -0.124480222720341, 
    -0.19157773514185, -0.0851011859203596, -0.0638479792687865, 
    -0.13926595380111, -0.0666130952380953, -0.0666130952380953, 
    -0.201868895921111, -0.0898076335022837, -0.0923614632866904, 
    -0.0666130952380953, -0.110831845515311, -0.0817799582024502, 
    -0.0871105794410224, -0.0756619621079021, -0.0926212822202103, 
    -0.133005209832596, -0.107151366495413, -0.0666130952380953, 
    -0.0957255537405316, -0.0666130952380953, -0.0666130952380953, 
    -0.0644391783953481, -0.0666696040705753, -0.0688459710543401, 
    -0.0604444378096912, -0.0541804699847135, -0.0591140596990646, 
    -0.0534269039657159, -0.0546176821339466, -0.0599926374929715, 
    -0.0666130952380953, -0.0555313833165922, -0.0436159776747026, 
    -0.0604489470886639, -0.0662046478304526, -0.0666130952380953, 
    -0.0611499241651531, -0.06947244507673, -0.0548395045825751, 
    -0.0662011861465146, -0.0555932158869559, -0.0663497501280631, 
    -0.0792030653941315, -0.0850093568104256, -0.0768592703484436, 
    -0.118952145170354, -0.0476809901330156, -0.0666130952380953, 
    -0.0789614647471594, -0.0468608094490925, -0.0577582233743321, 
    -0.106333271362544, -0.0666130952380953, -0.0666130952380953, 
    -0.0666130952380953, -0.0541085433969876, -0.042143764310246, 
    -0.0864432242000658, -0.0666130952380953, -0.0166471222977639, 
    -0.0589955980035384, -0.0243423935622478, -0.223929696902118, 
    -0.0542408662594979, -0.0537389009162367, -0.0666130952380953, 
    -0.0886757454751234, -0.105224808845915, -0.203449380927066, 
    -0.0919769575352113, -0.210020656773821, -0.0535561556404819, 
    -0.0666130952380953, -0.0666130952380953, -0.0619828154528693, 
    -0.042640813998876, -0.173096060780558, -0.0586102583628727, 
    -0.0688633890771273, -0.0666130952380953, -0.0531996125690193, 
    -0.0856669766471114, -0.0437680553412282, -0.158415459041224, 
    -0.137439139183024, -0.0509754280518012, -0.0618972576047273, 
    -0.0488016446287128, -0.00589774349462623, -0.0666130952380953, 
    -0.0766982663756205, -0.053467154828494, -0.0574774514864587, 
    -0.0464837304260011, -0.0688329425978359, -0.0727808778446853, 
    -0.0379085000891943, -0.0512892427709697, -0.0453669002238642, 
    -0.0483509954776302, -0.0611388334974476, -0.0689152144862361, 
