run_x <-
structure(list(lm_df = structure(list(term = c("maxima_sc", "stretch_sc", 
"x_max_sc", "x_min_sc"), coef = c(0.026381517886931, 0.054825171875049, 
-0.0234997384542367, -0.0361717035743767), p_value = c(0.106486077877084, 
0.0124856663442819, 0.10361227582019, 0.0629916910737224), rand_var = c(1.01198544941544, 
1.01198544941544, 1.01198544941544, 1.01198544941544), mean_rand = c(-0.330519941032892, 
-0.330519941032892, -0.330519941032892, -0.330519941032892), 
    sim_n = c(26L, 26L, 26L, 26L)), .Names = c("term", "coef", 
"p_value", "rand_var", "mean_rand", "sim_n"), class = c("tbl_df", 
"tbl", "data.frame"), row.names = c(NA, -4L)), lasso_df = structure(list(
    var = c("maxima", "stretch", "x_max", "x_min"), mean = c(0.0469488553645891, 
    0.0339316134181323, -0.259507673951984, -0.283224110928239
    ), prop = c(0.03, 0.085, 0.01, 0.0025), rand_var = c(1.01198544941544, 
    1.01198544941544, 1.01198544941544, 1.01198544941544), mean_rand = c(-0.330519941032892, 
    -0.330519941032892, -0.330519941032892, -0.330519941032892
    ), sim_n = c(26L, 26L, 26L, 26L)), .Names = c("var", "mean", 
"prop", "rand_var", "mean_rand", "sim_n"), class = c("tbl_df", 
"tbl", "data.frame"), row.names = c(NA, -4L)), summ_stan_df = structure(list(
    shape1 = 3.44825822293856, shape2 = 4.51476038532686, stretch = 0.942375033280765, 
    x_min = -0.0190981550582603, x_max = 3.64360375400044, maxima = 2.08858233795251, 
    rep = 26L), .Names = c("shape1", "shape2", "stretch", "x_min", 
"x_max", "maxima", "rep"), class = c("tbl_df", "tbl", "data.frame"
), row.names = c(NA, -1L))), .Names = c("lm_df", "lasso_df", 
"summ_stan_df"))
run_x <-
structure(list(lm_df = structure(list(term = c("maxima_sc", "stretch_sc", 
"x_max_sc", "x_min_sc"), coef = c(0.026381517886931, 0.054825171875049, 
-0.0234997384542367, -0.0361717035743767), p_value = c(0.106486077877084, 
0.0124856663442819, 0.10361227582019, 0.0629916910737224), rand_var = c(1.01198544941544, 
1.01198544941544, 1.01198544941544, 1.01198544941544), mean_rand = c(-0.330519941032892, 
-0.330519941032892, -0.330519941032892, -0.330519941032892), 
    sim_n = c(26L, 26L, 26L, 26L)), .Names = c("term", "coef", 
"p_value", "rand_var", "mean_rand", "sim_n"), class = c("tbl_df", 
"tbl", "data.frame"), row.names = c(NA, -4L)), lasso_df = structure(list(
    var = c("maxima", "stretch", "x_max", "x_min"), mean = c(0.0469488553645891, 
    0.0339316134181323, -0.259507673951984, -0.283224110928239
    ), prop = c(0.03, 0.085, 0.01, 0.0025), rand_var = c(1.01198544941544, 
    1.01198544941544, 1.01198544941544, 1.01198544941544), mean_rand = c(-0.330519941032892, 
    -0.330519941032892, -0.330519941032892, -0.330519941032892
    ), sim_n = c(26L, 26L, 26L, 26L)), .Names = c("var", "mean", 
"prop", "rand_var", "mean_rand", "sim_n"), class = c("tbl_df", 
"tbl", "data.frame"), row.names = c(NA, -4L)), summ_stan_df = structure(list(
    shape1 = 3.44825822293856, shape2 = 4.51476038532686, stretch = 0.942375033280765, 
    x_min = -0.0190981550582603, x_max = 3.64360375400044, maxima = 2.08858233795251, 
    rep = 26L), .Names = c("shape1", "shape2", "stretch", "x_min", 
"x_max", "maxima", "rep"), class = c("tbl_df", "tbl", "data.frame"
), row.names = c(NA, -1L))), .Names = c("lm_df", "lasso_df", 
"summ_stan_df"))
run_x <-
structure(list(lasso_df = structure(list(var = c("maxima", "stretch", 
"x_max", "x_min"), mean = c(-0.00350153571105287, 0.218782162307948, 
-0.327554768084004, -0.0943084703844769), prop = c(0.05, 0.0825, 
0.005, 0.02), rand_var = c(1.01198544941544, 1.01198544941544, 
1.01198544941544, 1.01198544941544), mean_rand = c(-0.330519941032892, 
-0.330519941032892, -0.330519941032892, -0.330519941032892), 
    sim_n = c(26L, 26L, 26L, 26L)), .Names = c("var", "mean", 
"prop", "rand_var", "mean_rand", "sim_n"), class = c("tbl_df", 
"tbl", "data.frame"), row.names = c(NA, -4L)), lasso_depth = structure(list(
    draw = 1:400, `(Intercept)` = c(-0.0560633964869284, -0.0527499446781027, 
    -0.0666130952380953, -0.064925770791889, -0.049217302016232, 
    -0.0668091176737096, -0.0541343774537487, -0.0660941724927488, 
    -0.0666130952380953, -0.0599121849604813, -0.0647174813351889, 
    -0.0738669457119315, -0.0585414940660269, -0.0521341124603536, 
    -0.0260108651979589, -0.031453488027284, -0.0289511926605581, 
    -0.0470704813134778, -0.0727412609808962, -0.0453289230130682, 
    -0.0666130952380953, -0.0482648646097904, -0.0614663098946117, 
    -0.0548409201995572, -0.0473110871144375, -0.0577074125799818, 
    -0.0495280642064339, -0.0726871025669729, -0.0500423775538307, 
    -0.0516465630041896, -0.0565553030975156, -0.0423606053990461, 
    -0.0670357905573284, -0.0624618861833379, -0.0666130952380953, 
    -0.0544944523221668, -0.0583527247435657, -0.0606865215830805, 
    -0.0446851996853989, -0.0649975826735668, -0.0569392854126601, 
    -0.0502702349755036, -0.056018815580088, -0.0539757359947817, 
    -0.0585297459101855, -0.0516925256274759, -0.0524249353945997, 
    -0.06276494389388, -0.0666130952380953, -0.0379804303811432, 
    -0.0633785057678949, -0.0488962874495724, -0.0735834941430334, 
    -0.0676375669837131, -0.0475190387075128, -0.0502832996992003, 
    -0.0906774486542766, -0.0666130952380953, -0.068953133520707, 
    -0.0758777886462913, -0.0489006579068187, -0.0400754881084639, 
    -0.0541656803888394, -0.0666130952380953, -0.0539662274721255, 
    -0.0506433050870081, -0.0617314280427114, -0.0514678214689571, 
    -0.0489262712783728, -0.0485841830213542, -0.067605868224154, 
    -0.0570113129539861, -0.0655159643840785, -0.062925351115396, 
    -0.056153722625801, -0.056406700845753, -0.0536871098704781, 
    -0.0666130952380953, -0.0613809113479826, -0.051713337898932, 
    -0.0499348087513538, -0.0555797785027145, -0.0180879984990302, 
    -0.0662104023180824, -0.0550410366726089, -0.0550907296011936, 
    -0.0666130952380953, -0.0547283412357392, -0.049764877643515, 
    -0.0570099939168586, -0.00640794433763187, -0.066470786891888, 
    -0.0456986459991848, -0.0509704445700693, -0.0638046249362527, 
    -0.0606522932210067, -0.054906409131498, -0.0515875279602242, 
    -0.0619296896664618, -0.0705064986219786, -0.0566216056131112, 
    -0.0666130952380953, -0.058296778097932, -0.0666130952380953, 
    -0.0666159867575933, -0.038673012772564, -0.0666130952380953, 
    -0.0486641354739472, -0.0368040954192082, -0.0568463664672794, 
    -0.0666130952380953, -0.0666130952380953, -0.0850792003433842, 
    -0.0443589303590477, -0.0666130952380953, -0.0666130952380953, 
    -0.0627249078054371, -0.0519224446672513, -0.027719746413549, 
    -0.0668546664085688, -0.0666130952380953, -0.0666130952380953, 
    -0.0574741474144111, -0.0666130952380953, -0.042056024072866, 
    -0.0666130952380953, -0.0447836282723221, -0.0666130952380953, 
    -0.0453257285942023, -0.0393632623412146, -0.0503936213140068, 
    -0.0491907943637205, -0.0666130952380953, -0.0666130952380953, 
    -0.0666130952380953, -0.0581830961397526, -0.0572959264808827, 
    -0.0666130952380953, -0.046992651677387, -0.0666130952380953, 
    -0.110032769906369, -0.0631690988092216, -0.0666130952380953, 
    -0.0683678913637493, -0.0516003313852966, -0.0481042320541688, 
    -0.0656015448991775, -0.0666130952380953, -0.0521008568378624, 
    -0.0643894844351909, -0.0666130952380953, -0.0412009405402487, 
    -0.0666130952380953, -0.0292382961068701, -0.0226972705848637, 
    -0.0600743737589111, -0.0666130952380953, -0.060260230152249, 
    -0.0456055025176135, -0.0634016450206778, -0.0419277394906675, 
    -0.0666130952380953, -0.0904129158593789, -0.0654765936080586, 
    -0.0451565794944648, -0.0697714701086961, -0.0443549858308747, 
    -0.0635807056667382, -0.0571761076833869, -0.0543153129388745, 
    -0.0546984629092729, -0.0445763308614605, -0.0399212481266727, 
    -0.0666130952380953, -0.0688325107806713, -0.0595954064620633, 
    -0.0548982866189274, -0.0666130952380953, -0.0666130952380953, 
