run_x <-
structure(list(lm_df = structure(list(term = c("maxima_sc", "stretch_sc", 
"x_max_sc", "x_min_sc"), coef = c(0.000163271236346728, 0.0507194294447945, 
-0.040464862133778, -0.0161924599035244), p_value = c(0.302629510243731, 
0.0093167567151048, 0.229959361432307, 0.308976421909563), rand_var = c(3.27043036823035, 
3.27043036823035, 3.27043036823035, 3.27043036823035), mean_rand = c(-1.1051932063129, 
-1.1051932063129, -1.1051932063129, -1.1051932063129), sim_n = c(82L, 
82L, 82L, 82L)), .Names = c("term", "coef", "p_value", "rand_var", 
"mean_rand", "sim_n"), class = c("tbl_df", "tbl", "data.frame"
), row.names = c(NA, -4L)), lasso_df = structure(list(var = c("maxima", 
"stretch", "x_max", "x_min"), mean = c(0.193925167438198, 0.328685981565535, 
-0.33832342537948, -0.0131326469717232), prop = c(0.055, 0.25, 
0.0075, 0.0925), rand_var = c(3.27043036823035, 3.27043036823035, 
3.27043036823035, 3.27043036823035), mean_rand = c(-1.1051932063129, 
-1.1051932063129, -1.1051932063129, -1.1051932063129), sim_n = c(82L, 
82L, 82L, 82L)), .Names = c("var", "mean", "prop", "rand_var", 
"mean_rand", "sim_n"), class = c("tbl_df", "tbl", "data.frame"
), row.names = c(NA, -4L)), summ_stan_df = structure(list(shape1 = 3.83112012973386, 
    shape2 = 4.72959690307581, stretch = 0.828631827743308, x_min = 0.0384578484520714, 
    x_max = 2.08823356847553, maxima = 1.28807659478598, rep = 82L), .Names = c("shape1", 
"shape2", "stretch", "x_min", "x_max", "maxima", "rep"), class = c("tbl_df", 
"tbl", "data.frame"), row.names = c(NA, -1L))), .Names = c("lm_df", 
"lasso_df", "summ_stan_df"))
run_x <-
structure(list(lm_df = structure(list(term = c("maxima_sc", "stretch_sc", 
"x_max_sc", "x_min_sc"), coef = c(0.000163271236346728, 0.0507194294447945, 
-0.040464862133778, -0.0161924599035244), p_value = c(0.302629510243731, 
0.0093167567151048, 0.229959361432307, 0.308976421909563), rand_var = c(3.27043036823035, 
3.27043036823035, 3.27043036823035, 3.27043036823035), mean_rand = c(-1.1051932063129, 
-1.1051932063129, -1.1051932063129, -1.1051932063129), sim_n = c(82L, 
82L, 82L, 82L)), .Names = c("term", "coef", "p_value", "rand_var", 
"mean_rand", "sim_n"), class = c("tbl_df", "tbl", "data.frame"
), row.names = c(NA, -4L)), lasso_df = structure(list(var = c("maxima", 
"stretch", "x_max", "x_min"), mean = c(0.193925167438198, 0.328685981565535, 
-0.33832342537948, -0.0131326469717232), prop = c(0.055, 0.25, 
0.0075, 0.0925), rand_var = c(3.27043036823035, 3.27043036823035, 
3.27043036823035, 3.27043036823035), mean_rand = c(-1.1051932063129, 
-1.1051932063129, -1.1051932063129, -1.1051932063129), sim_n = c(82L, 
82L, 82L, 82L)), .Names = c("var", "mean", "prop", "rand_var", 
"mean_rand", "sim_n"), class = c("tbl_df", "tbl", "data.frame"
), row.names = c(NA, -4L)), summ_stan_df = structure(list(shape1 = 3.83112012973386, 
    shape2 = 4.72959690307581, stretch = 0.828631827743308, x_min = 0.0384578484520714, 
    x_max = 2.08823356847553, maxima = 1.28807659478598, rep = 82L), .Names = c("shape1", 
"shape2", "stretch", "x_min", "x_max", "maxima", "rep"), class = c("tbl_df", 
"tbl", "data.frame"), row.names = c(NA, -1L))), .Names = c("lm_df", 
"lasso_df", "summ_stan_df"))
run_x <-
structure(list(lasso_df = structure(list(var = c("maxima", "stretch", 
"x_max", "x_min"), mean = c(0.457185450745908, 0.370351537179759, 
-0.580654198311224, -0.112236647274445), prop = c(0.05, 0.2725, 
0.01, 0.0725), rand_var = c(3.27043036823035, 3.27043036823035, 
3.27043036823035, 3.27043036823035), mean_rand = c(-1.1051932063129, 
-1.1051932063129, -1.1051932063129, -1.1051932063129), sim_n = c(82L, 
82L, 82L, 82L)), .Names = c("var", "mean", "prop", "rand_var", 
"mean_rand", "sim_n"), class = c("tbl_df", "tbl", "data.frame"
), row.names = c(NA, -4L)), lasso_depth = structure(list(draw = 1:400, 
    `(Intercept)` = c(-0.0666130952380953, -0.0666130952380953, 
    -0.0650711501225691, -0.0658283572850058, -0.0394727641593356, 
    -0.0262935527676757, -0.0554435402872987, -0.0666130952380953, 
    -0.0539551332490273, -0.0479769640279532, -0.0666130952380953, 
    -0.0666130952380953, -0.0454223613821397, -0.0863996189791724, 
    -0.0530870611389754, -0.0525803626697347, -0.0118576427046373, 
    -0.0666130952380953, -0.0637878732661956, -0.0666130952380953, 
    -0.0473620975883387, -0.0477409665322358, -0.0761423163946272, 
    -0.0244624616775608, -0.0668195728728709, -0.0666130952380953, 
    -0.0666130952380953, -0.0666130952380953, -0.0643599836968932, 
    -0.0666130952380953, -0.0666130952380953, -0.0460140509787999, 
    -0.034430397922604, -0.0614187062822434, -0.0666130952380953, 
    -0.0239789735509308, -0.0666130952380953, -0.04978613200497, 
    -0.0500899305921955, -0.0383858786781764, -0.0478743447189955, 
    -0.059954200363567, -0.0368162020525109, -0.0561571238428479, 
    -0.0663071669870155, -0.0785297273702742, -0.0449004155324918, 
    -0.0654897608883816, -0.0666130952380953, -0.0666130952380953, 
    -0.0666130952380953, -0.0400614947501605, -0.0485033639054903, 
    -0.0429190032031962, -0.0666130952380953, -0.0666130952380953, 
    -0.0581411065841033, -0.0523407874806714, -0.0666130952380953, 
    -0.0562070313097809, -0.0650724650099987, -0.0236914198792517, 
    -0.0646658906049091, -0.0468399744622838, -0.0666130952380953, 
    -0.0659756195548472, -0.0567526812642321, -0.0610000552680245, 
    -0.0768859311101045, -0.0630945533868021, -0.0666130952380953, 
    -0.0666130952380953, -0.0748222700495496, -0.0666130952380953, 
    -0.0666130952380953, -0.066510358858541, -0.0591578260869123, 
    -0.0310266909288625, -0.0666130952380953, -0.0270609440349137, 
    -0.0431802792977524, -0.0666130952380953, -0.0666130952380953, 
    -0.0400886147967333, -0.0666130952380953, 0.0686518814444489, 
    -0.0666130952380953, -0.0729283085316635, -0.0525624230787634, 
    -0.0637237777896026, -0.0666130952380953, -0.0941452336885542, 
    -0.0666130952380953, -0.0673836856931528, -0.0666130952380953, 
    -0.0578564895764103, -0.0452809692905657, -0.0666130952380953, 
    -0.0666130952380953, -0.049281915092701, -0.0666130952380953, 
    -0.0666130952380953, -0.052121355922436, -0.0464089448919659, 
    -0.0369130506728405, -0.0780066597219539, -0.0438800703202871, 
    -0.0369145839132122, -0.0666130952380953, -0.0477836448587753, 
    -0.0662108241115789, -0.0666130952380953, -0.0346847134276975, 
    -0.0666130952380953, -0.0666130952380953, -0.0666130952380953, 
    -0.0666130952380953, -0.0666130952380953, -0.0595440559581981, 
    -0.0666130952380953, -0.0653509989924532, -0.0666130952380953, 
    -0.0666130952380953, -0.0515884184476486, -0.0505437193655373, 
    -0.0401601713415817, -0.0666130952380953, -0.0666130952380953, 
    -0.0483294041591112, -0.050897455515173, -0.0500598158735092, 
    -0.0384005261006603, -0.0666130952380953, -0.0666130952380953, 
    -0.0666130952380953, -0.0690328959834202, -0.0451890233417587, 
    -0.0595696652329509, -0.0554148883613981, -0.0406668101842657, 
    -0.0666130952380953, -0.0497251335025974, -0.0382941238536118, 
    -0.00272069341538275, -0.0535210559835022, -0.0666130952380953, 
    -0.0527712891303878, -0.0660678918830811, -0.0666130952380953, 
    -0.0671891896301526, -0.0666130952380953, -0.0627771443218868, 
    -0.0666130952380953, -0.0487610311650591, -0.0666130952380953, 
    -0.0666130952380953, -0.0551848883462141, -0.0666130952380953, 
    -0.0507386348014609, -0.0460881073265188, -0.0666130952380953, 
    -0.0814980538756103, -0.0438049431606571, -0.0534095562780751, 
    -0.0520013116535897, -0.0691616061907476, -0.0159064616027613, 
    -0.111932178915233, -0.0772866579794286, -0.0666130952380953, 
    -0.0562182009897781, -0.0392714303922485, -0.0431539848228994, 
    -0.0684401559317132, -0.0613288608769837, -0.0666130952380953, 
    -0.0666130952380953, -0.0530780823039309, -0.0519349824761409, 
    -0.0507928758589144, -0.0524489440753408, -0.0666130952380953, 
