run_x <-
structure(list(lm_df = structure(list(term = c("maxima_sc", "stretch_sc", 
"x_max_sc", "x_min_sc"), coef = c(-0.0343011118813578, 0.0405618737513243, 
-0.00120789767890605, -0.00916198089141701), p_value = c(0.0239191231810252, 
0.00197835441930256, 0.205069885807029, 0.151059147400737), rand_var = c(3.76849697457035, 
3.76849697457035, 3.76849697457035, 3.76849697457035), mean_rand = c(-1.17542876567859, 
-1.17542876567859, -1.17542876567859, -1.17542876567859), sim_n = c(96L, 
96L, 96L, 96L)), .Names = c("term", "coef", "p_value", "rand_var", 
"mean_rand", "sim_n"), class = c("tbl_df", "tbl", "data.frame"
), row.names = c(NA, -4L)), lasso_df = structure(list(var = c("maxima", 
"stretch", "x_max", "x_min"), mean = c(-0.191412564886207, 0.139020869648781, 
0.0165338162643776, -0.0629476469582602), prop = c(0.0175, 0.1725, 
0.0425, 0.0375), rand_var = c(3.76849697457035, 3.76849697457035, 
3.76849697457035, 3.76849697457035), mean_rand = c(-1.17542876567859, 
-1.17542876567859, -1.17542876567859, -1.17542876567859), sim_n = c(96L, 
96L, 96L, 96L)), .Names = c("var", "mean", "prop", "rand_var", 
"mean_rand", "sim_n"), class = c("tbl_df", "tbl", "data.frame"
), row.names = c(NA, -4L)), summ_stan_df = structure(list(shape1 = 3.87951319118377, 
    shape2 = 4.28500966840085, stretch = 1.09956977436696, x_min = -0.858386069944702, 
    x_max = 2.98702364034678, maxima = 1.57120723818248, rep = 96L), .Names = c("shape1", 
"shape2", "stretch", "x_min", "x_max", "maxima", "rep"), class = c("tbl_df", 
"tbl", "data.frame"), row.names = c(NA, -1L))), .Names = c("lm_df", 
"lasso_df", "summ_stan_df"))
