run_x <-
structure(list(lm_df = structure(list(term = c("maxima_sc", "stretch_sc", 
"x_max_sc", "x_min_sc"), coef = c(0.0168229826705399, 0.0486803174992456, 
-0.0713916139694677, -0.0719775669014848), p_value = c(0.253215391854039, 
0.0242089554018476, 0.221697838951022, 0.129336877075962), rand_var = c(3.14301598047259, 
3.14301598047259, 3.14301598047259, 3.14301598047259), mean_rand = c(-1.04795341460942, 
-1.04795341460942, -1.04795341460942, -1.04795341460942), sim_n = c(79L, 
79L, 79L, 79L)), .Names = c("term", "coef", "p_value", "rand_var", 
"mean_rand", "sim_n"), class = c("tbl_df", "tbl", "data.frame"
), row.names = c(NA, -4L)), lasso_df = structure(list(var = c("maxima", 
"stretch", "x_max", "x_min"), mean = c(0.044419658174957, 0.191715954977836, 
-0.456809749849282, -0.238110076137758), prop = c(0.04, 0.2375, 
0.01, 0.0125), rand_var = c(3.14301598047259, 3.14301598047259, 
3.14301598047259, 3.14301598047259), mean_rand = c(-1.04795341460942, 
-1.04795341460942, -1.04795341460942, -1.04795341460942), sim_n = c(79L, 
79L, 79L, 79L)), .Names = c("var", "mean", "prop", "rand_var", 
"mean_rand", "sim_n"), class = c("tbl_df", "tbl", "data.frame"
), row.names = c(NA, -4L)), summ_stan_df = structure(list(shape1 = 4.51273870051799, 
    shape2 = 3.65904503196612, stretch = 1.39055370412659, x_min = 0.0563658822226764, 
    x_max = 2.12589784990767, maxima = 1.49148562955652, rep = 79L), .Names = c("shape1", 
"shape2", "stretch", "x_min", "x_max", "maxima", "rep"), class = c("tbl_df", 
"tbl", "data.frame"), row.names = c(NA, -1L))), .Names = c("lm_df", 
"lasso_df", "summ_stan_df"))
run_x <-
structure(list(lm_df = structure(list(term = c("maxima_sc", "stretch_sc", 
"x_max_sc", "x_min_sc"), coef = c(0.0168229826705399, 0.0486803174992456, 
-0.0713916139694677, -0.0719775669014848), p_value = c(0.253215391854039, 
0.0242089554018476, 0.221697838951022, 0.129336877075962), rand_var = c(3.14301598047259, 
3.14301598047259, 3.14301598047259, 3.14301598047259), mean_rand = c(-1.04795341460942, 
-1.04795341460942, -1.04795341460942, -1.04795341460942), sim_n = c(79L, 
79L, 79L, 79L)), .Names = c("term", "coef", "p_value", "rand_var", 
"mean_rand", "sim_n"), class = c("tbl_df", "tbl", "data.frame"
), row.names = c(NA, -4L)), lasso_df = structure(list(var = c("maxima", 
"stretch", "x_max", "x_min"), mean = c(0.044419658174957, 0.191715954977836, 
-0.456809749849282, -0.238110076137758), prop = c(0.04, 0.2375, 
0.01, 0.0125), rand_var = c(3.14301598047259, 3.14301598047259, 
3.14301598047259, 3.14301598047259), mean_rand = c(-1.04795341460942, 
-1.04795341460942, -1.04795341460942, -1.04795341460942), sim_n = c(79L, 
79L, 79L, 79L)), .Names = c("var", "mean", "prop", "rand_var", 
"mean_rand", "sim_n"), class = c("tbl_df", "tbl", "data.frame"
), row.names = c(NA, -4L)), summ_stan_df = structure(list(shape1 = 4.51273870051799, 
    shape2 = 3.65904503196612, stretch = 1.39055370412659, x_min = 0.0563658822226764, 
    x_max = 2.12589784990767, maxima = 1.49148562955652, rep = 79L), .Names = c("shape1", 
"shape2", "stretch", "x_min", "x_max", "maxima", "rep"), class = c("tbl_df", 
"tbl", "data.frame"), row.names = c(NA, -1L))), .Names = c("lm_df", 
"lasso_df", "summ_stan_df"))
run_x <-
structure(list(lasso_df = structure(list(var = c("maxima", "stretch", 
"x_max", "x_min"), mean = c(-0.0165273353187356, 0.186923921787078, 
-0.0580116421972614, -0.0405135779389955), prop = c(0.015, 0.2225, 
0.0175, 0.0075), rand_var = c(3.14301598047259, 3.14301598047259, 
3.14301598047259, 3.14301598047259), mean_rand = c(-1.04795341460942, 
-1.04795341460942, -1.04795341460942, -1.04795341460942), sim_n = c(79L, 
79L, 79L, 79L)), .Names = c("var", "mean", "prop", "rand_var", 
"mean_rand", "sim_n"), class = c("tbl_df", "tbl", "data.frame"
), row.names = c(NA, -4L)), lasso_depth = structure(list(draw = 1:400, 
    `(Intercept)` = c(-0.0666130952380953, -0.0655411921917781, 
    -0.0625954696927398, -0.0600695854140149, -0.0666130952380953, 
    -0.056911426887977, -0.0605915801827859, -0.0666130952380953, 
    -0.0666130952380953, -0.0490352764481507, -0.0592592680548637, 
    -0.0650634569971917, -0.0666130952380953, -0.0749954331646659, 
    -0.0658500324393333, -0.0692099822538745, -0.0666130952380953, 
    -0.0661496367038779, -0.0345744339971161, -0.0535626411287567, 
    -0.0593451571879288, -0.0468373628021809, -0.0666130952380953, 
    -0.0532500336798363, -0.0599276834026186, -0.0561187826098471, 
    -0.0666130952380953, -0.0666130952380953, -0.0346448965757764, 
    -0.0633055346258272, -0.0366793833941138, -0.0666130952380953, 
    -0.0666130952380953, -0.0718691726012184, -0.0666130952380953, 
    -0.0546976265188812, -0.0666130952380953, -0.0667676817963843, 
    -0.0666130952380953, -0.0666130952380953, -0.0666130952380953, 
    -0.0646480250439916, -0.0666130952380953, -0.0666130952380953, 
    -0.0638178052132123, -0.0546773399654218, -0.0585394927022741, 
    -0.0645066452397021, -0.0698131277183418, -0.0609046166859249, 
    -0.0530642905156345, -0.0439837696666335, -0.0351350016375515, 
    -0.063589612102018, -0.0532037641307647, -0.0379556989391093, 
    -0.0596806317255691, -0.0666130952380953, -0.0657197208251722, 
    -0.0695080838295851, -0.0579141852437838, -0.0654923249824789, 
    -0.0666130952380953, -0.0666130952380953, -0.0609590609666211, 
    -0.0666130952380953, -0.0666130952380953, -0.058577037785466, 
    -0.0440835527635135, -0.0666130952380953, -0.0666130952380953, 
    -0.0607781722391258, -0.0688414755516182, -0.0554758969807288, 
    -0.0569612232918748, -0.0666130952380953, -0.0666130952380953, 
    -0.0586163393651782, -0.0666130952380953, -0.0666130952380953, 
    -0.0331093210586271, -0.0788375646882241, -0.0666130952380953, 
    -0.0420226527311745, -0.070842448793787, -0.0540600859613557, 
    -0.0714688994997736, -0.0503746426357629, -0.0473650218087504, 
    -0.0666130952380953, -0.0527035150129722, -0.062810027723091, 
    -0.06006009448092, -0.0682435085996332, -0.0693239930137623, 
    -0.0666130952380953, -0.0600845255860767, -0.0666130952380953, 
    -0.0666130952380953, -0.0738998709078384, -0.0639419219056769, 
    -0.0616038507776983, -0.0666130952380953, -0.0666130952380953, 
    -0.0666130952380953, -0.0577914926614884, -0.0666130952380953, 
    -0.0666130952380953, -0.0666130952380953, -0.0549137376521777, 
    -0.0666130952380953, -0.0752591013792644, -0.0666130952380953, 
    -0.0666130952380953, -0.0653748482522545, -0.062724893542941, 
    -0.0666130952380953, -0.0666130952380953, -0.0517163123112661, 
    -0.0719035829026868, -0.0666130952380953, -0.0666130952380953, 
    -0.0666130952380953, -0.0666130952380953, -0.0519864686858939, 
    -0.0904663989227145, -0.102672625578393, -0.074705175362207, 
    -0.0666130952380953, -0.0513548325101689, -0.0782318686464018, 
    -0.0666130952380953, -0.0459085087759682, -0.0666130952380953, 
    -0.0666130952380953, -0.0621991918942301, -0.0666130952380953, 
    -0.0666130952380953, -0.0621489034936092, -0.0837735404635439, 
    -0.0468383147410631, -0.0614451660521518, -0.095272782438113, 
    -0.0666130952380953, -0.0508069920822431, -0.0666130952380953, 
    -0.0723094458705691, -0.0466600040333358, -0.0689773161791405, 
    -0.0720777687387545, -0.0572508182137464, -0.0666130952380953, 
    -0.0666130952380953, -0.0666130952380953, -0.0684327263006022, 
    -0.0666130952380953, -0.0759883249044531, -0.0506083233128749, 
    -0.0666130952380953, -0.0666130952380953, -0.0666130952380953, 
    -0.0666130952380953, -0.0777133724304064, -0.0777331998261211, 
    -0.0574379025889109, -0.0610945774359436, -0.0631019630757872, 
    -0.0666130952380953, -0.0666130952380953, -0.0666130952380953, 
    -0.0600499890773489, -0.0666130952380953, -0.0588894750626791, 
    -0.0666130952380953, -0.0696948319067466, -0.0728095704308835, 
    -0.074433387037309, -0.0651988928048952, -0.0666130952380953, 
    -0.0761751723556301, -0.0684805760415719, -0.0765101391130741, 
