run_x <-
structure(list(lm_df = structure(list(term = c("maxima_sc", "stretch_sc", 
"x_max_sc", "x_min_sc"), coef = c(0.0471356616243984, 0.0763921799616312, 
-0.0199021986043489, -0.0150970451712409), p_value = c(0.0318520781832735, 
0.00272608475433926, 0.0497323415950275, 0.11081182950954), rand_var = c(0.0834650589591631, 
0.0834650589591631, 0.0834650589591631, 0.0834650589591631), 
    mean_rand = c(0.10424192649596, 0.10424192649596, 0.10424192649596, 
    0.10424192649596), sim_n = c(3L, 3L, 3L, 3L)), .Names = c("term", 
"coef", "p_value", "rand_var", "mean_rand", "sim_n"), class = c("tbl_df", 
"tbl", "data.frame"), row.names = c(NA, -4L)), lasso_df = structure(list(
    var = c("maxima", "stretch", "x_max", "x_min"), mean = c(0.0646668314782901, 
    0.087754295195295, -0.115654761736, -0.140453635300457), 
    prop = c(0.0475, 0.1, 0.0025, 0.015), rand_var = c(0.0834650589591631, 
    0.0834650589591631, 0.0834650589591631, 0.0834650589591631
    ), mean_rand = c(0.10424192649596, 0.10424192649596, 0.10424192649596, 
    0.10424192649596), sim_n = c(3L, 3L, 3L, 3L)), .Names = c("var", 
"mean", "prop", "rand_var", "mean_rand", "sim_n"), class = c("tbl_df", 
"tbl", "data.frame"), row.names = c(NA, -4L)), summ_stan_df = structure(list(
    shape1 = 3.64892562324567, shape2 = 3.23929086469501, stretch = 0.858679575793792, 
    x_min = -0.869867429345562, x_max = 4.69301582526268, maxima = 2.87219638498342, 
    rep = 3L), .Names = c("shape1", "shape2", "stretch", "x_min", 
"x_max", "maxima", "rep"), class = c("tbl_df", "tbl", "data.frame"
), row.names = c(NA, -1L))), .Names = c("lm_df", "lasso_df", 
"summ_stan_df"))
run_x <-
structure(list(lm_df = structure(list(term = c("maxima_sc", "stretch_sc", 
"x_max_sc", "x_min_sc"), coef = c(0.0471356616243984, 0.0763921799616312, 
-0.0199021986043489, -0.0150970451712409), p_value = c(0.0318520781832735, 
0.00272608475433926, 0.0497323415950275, 0.11081182950954), rand_var = c(0.0834650589591631, 
0.0834650589591631, 0.0834650589591631, 0.0834650589591631), 
    mean_rand = c(0.10424192649596, 0.10424192649596, 0.10424192649596, 
    0.10424192649596), sim_n = c(3L, 3L, 3L, 3L)), .Names = c("term", 
"coef", "p_value", "rand_var", "mean_rand", "sim_n"), class = c("tbl_df", 
"tbl", "data.frame"), row.names = c(NA, -4L)), lasso_df = structure(list(
    var = c("maxima", "stretch", "x_max", "x_min"), mean = c(0.0646668314782901, 
    0.087754295195295, -0.115654761736, -0.140453635300457), 
    prop = c(0.0475, 0.1, 0.0025, 0.015), rand_var = c(0.0834650589591631, 
    0.0834650589591631, 0.0834650589591631, 0.0834650589591631
    ), mean_rand = c(0.10424192649596, 0.10424192649596, 0.10424192649596, 
    0.10424192649596), sim_n = c(3L, 3L, 3L, 3L)), .Names = c("var", 
"mean", "prop", "rand_var", "mean_rand", "sim_n"), class = c("tbl_df", 
"tbl", "data.frame"), row.names = c(NA, -4L)), summ_stan_df = structure(list(
    shape1 = 3.64892562324567, shape2 = 3.23929086469501, stretch = 0.858679575793792, 
    x_min = -0.869867429345562, x_max = 4.69301582526268, maxima = 2.87219638498342, 
    rep = 3L), .Names = c("shape1", "shape2", "stretch", "x_min", 
"x_max", "maxima", "rep"), class = c("tbl_df", "tbl", "data.frame"
), row.names = c(NA, -1L))), .Names = c("lm_df", "lasso_df", 
"summ_stan_df"))
run_x <-
structure(list(lasso_df = structure(list(var = c("maxima", "stretch", 
"x_max", "x_min"), mean = c(0.0326938178403902, 0.0769307580829622, 
-0.131770611697193, -0.172970169843916), prop = c(0.04, 0.1025, 
0, 0.01), rand_var = c(0.0834650589591631, 0.0834650589591631, 
0.0834650589591631, 0.0834650589591631), mean_rand = c(0.10424192649596, 
0.10424192649596, 0.10424192649596, 0.10424192649596), sim_n = c(3L, 
3L, 3L, 3L)), .Names = c("var", "mean", "prop", "rand_var", "mean_rand", 
"sim_n"), class = c("tbl_df", "tbl", "data.frame"), row.names = c(NA, 
-4L)), lasso_depth = structure(list(draw = 1:400, `(Intercept)` = c(-0.0745339600970145, 
-0.0454976030896778, -0.0666130952380953, -0.058664009601622, 
-0.0686338805514289, -0.0586300063572772, -0.0644774425617879, 
-0.0773624740295322, -0.0663728734339936, -0.0574222021348714, 
-0.075996699508732, -0.0666303340463139, -0.052964888114553, 
-0.0580808883404105, -0.0493694575441436, -0.0593789905186721, 
-0.0625024175910023, -0.0557779807922158, -0.0586116037611265, 
-0.0675323196449798, -0.0590193616273836, -0.0399021327301099, 
-0.0641780753030698, -0.0637546899844964, -0.057268493570334, 
-0.0693371827453632, -0.0576148848994967, -0.0612433832391755, 
-0.0553625991889988, -0.0627486740246052, -0.0672209127348146, 
-0.0613722325415525, -0.0548393746567689, -0.0582738222135194, 
-0.062467282979184, -0.0604324977058747, -0.0546579972895853, 
-0.0635412668304402, -0.0738732088943487, -0.0522788844856319, 
-0.058633315258712, -0.0583984621364131, -0.0774249157256977, 
-0.0606850468548223, -0.0565606183487845, -0.0641695832632826, 
-0.0410175548521248, -0.0587186942933236, -0.0627522639500157, 
-0.0675871591437162, -0.0700224673412506, -0.0836666438955818, 
-0.0632240938299361, -0.0718605346505407, -0.0629921154523987, 
-0.0596328510324274, -0.0523208838940222, -0.0706939469033387, 
-0.0674158931506899, -0.0764184920082985, -0.064600194144704, 
-0.0569399201137671, -0.0657964949175041, -0.0695870239062921, 
-0.0576571156569225, -0.0678841876690539, -0.0666159549814742, 
-0.0626832585556962, -0.0512233920427657, -0.0599340080557444, 
-0.0467679910400989, -0.0684375308902106, -0.0688623298675916, 
-0.0606396723368545, -0.0751815477278649, -0.0745256387867057, 
-0.0651451605546293, -0.0547067682104926, -0.0661276337353038, 
-0.0637477581915718, -0.0688919580971534, -0.0666130952380953, 
-0.0654700966995997, -0.0646446707891663, -0.0462058329753732, 
-0.0581628590553307, -0.0530010492011149, -0.0567828511922754, 
-0.0593504543514026, -0.0822985634385124, -0.070625361034615, 
-0.0644565672396037, -0.0626941377619648, -0.0555272062415115, 
-0.0621574301633461, -0.0636665494219032, -0.062289570742756, 
-0.0609027688688485, -0.0443191125529646, -0.0485515774415461, 
-0.0547482343912684, -0.0831102930057856, -0.0658613593666063, 
-0.0696369616678563, -0.0646117172639195, -0.0599987384974832, 
-0.0596717105963355, -0.0441526976728639, -0.0674758613775424, 
-0.064424959425121, -0.0646504735258278, -0.0648702983854056, 
-0.0592563739047594, -0.0834362858939942, -0.0707032653118225, 
-0.070783976884863, -0.0574459200987104, -0.0677170797950386, 
-0.0622552305973607, -0.0599155989995153, -0.076615291248252, 
-0.0480808930669664, -0.062941907892405, -0.0619478904315961, 
-0.0797928906198688, -0.148451509650116, -0.0622730038914501, 
-0.0639185247023124, -0.0656814494127973, -0.0644166607671859, 
-0.0587658410730184, -0.0712872718435827, -0.0594489132730568, 
-0.0673180359002153, -0.0667041032118735, -0.0650222539437458, 
-0.0689038395160018, -0.0740241617456419, -0.0682149649804259, 
-0.0637291588253683, -0.0665618891893878, -0.060190916596278, 
-0.0569151243102671, -0.07898417124428, -0.0741973937692293, 
-0.0723551087862375, -0.0592261768182912, -0.0522790612837894, 
-0.0588509187091603, -0.0661870706520898, -0.066526520946865, 
-0.0635479567313305, -0.055935171982338, -0.0613597806124163, 
-0.0546570726130696, -0.0590252523190888, -0.0608050313929986, 
-0.0708288389424999, -0.0849297151013168, -0.064070625706565, 
-0.0730950227773211, -0.0645898877508585, -0.0658209481337929, 
-0.0644675041615229, -0.0559211807347312, -0.060354413470708, 
-0.0493316866389733, -0.059583578752096, -0.0671505737008379, 
-0.0620021017560113, -0.074965017807538, -0.0613595976945994, 
-0.0538765828405647, -0.0698237413300367, -0.0654802307366545, 
-0.0684484882258417, -0.0577827840456008, -0.0888288428662438, 
-0.0733609837664436, -0.0648313687556791, -0.0655834274820174, 
-0.0558988341296305, -0.0873129691549218, -0.0428235880101144, 
-0.0534105625403692, -0.0612768767302495, -0.0498443247882215, 
-0.0596061832897605, -0.0603408222257591, -0.0726771500686207, 
