run_x <-
structure(list(lm_df = structure(list(term = c("maxima_sc", "stretch_sc", 
"x_max_sc", "x_min_sc"), coef = c(-0.0488415316367484, 0.0345273919703145, 
0.0468151444109777, -0.0401684462080895), p_value = c(0.246417780601266, 
0.0369000517049923, 0.243603805317608, 0.102987467690769), rand_var = c(2.87932167957004, 
2.87932167957004, 2.87932167957004, 2.87932167957004), mean_rand = c(-0.376435224709928, 
-0.376435224709928, -0.376435224709928, -0.376435224709928), 
    sim_n = c(72L, 72L, 72L, 72L)), .Names = c("term", "coef", 
"p_value", "rand_var", "mean_rand", "sim_n"), class = c("tbl_df", 
"tbl", "data.frame"), row.names = c(NA, -4L)), lasso_df = structure(list(
    var = c("maxima", "stretch", "x_max", "x_min"), mean = c(-0.0752598057591735, 
    0.275630381382592, 1.01366521118955, 0.0731575703354583), 
    prop = c(0.1075, 0.275, 0.4825, 0.095), rand_var = c(2.87932167957004, 
    2.87932167957004, 2.87932167957004, 2.87932167957004), mean_rand = c(-0.376435224709928, 
    -0.376435224709928, -0.376435224709928, -0.376435224709928
    ), sim_n = c(72L, 72L, 72L, 72L)), .Names = c("var", "mean", 
"prop", "rand_var", "mean_rand", "sim_n"), class = c("tbl_df", 
"tbl", "data.frame"), row.names = c(NA, -4L)), summ_stan_df = structure(list(
    shape1 = 3.45655850866298, shape2 = 3.04811032883248, stretch = 4.57327410982429, 
    x_min = -0.101306721774553, x_max = 4.21745384511148, maxima = 2.8244307424518, 
    rep = 72L), .Names = c("shape1", "shape2", "stretch", "x_min", 
"x_max", "maxima", "rep"), class = c("tbl_df", "tbl", "data.frame"
), row.names = c(NA, -1L))), .Names = c("lm_df", "lasso_df", 
"summ_stan_df"))
run_x <-
structure(list(lm_df = structure(list(term = c("maxima_sc", "stretch_sc", 
"x_max_sc", "x_min_sc"), coef = c(-0.0488415316367484, 0.0345273919703145, 
0.0468151444109777, -0.0401684462080895), p_value = c(0.246417780601266, 
0.0369000517049923, 0.243603805317608, 0.102987467690769), rand_var = c(2.87932167957004, 
2.87932167957004, 2.87932167957004, 2.87932167957004), mean_rand = c(-0.376435224709928, 
-0.376435224709928, -0.376435224709928, -0.376435224709928), 
    sim_n = c(72L, 72L, 72L, 72L)), .Names = c("term", "coef", 
"p_value", "rand_var", "mean_rand", "sim_n"), class = c("tbl_df", 
"tbl", "data.frame"), row.names = c(NA, -4L)), lasso_df = structure(list(
    var = c("maxima", "stretch", "x_max", "x_min"), mean = c(-0.0752598057591735, 
    0.275630381382592, 1.01366521118955, 0.0731575703354583), 
    prop = c(0.1075, 0.275, 0.4825, 0.095), rand_var = c(2.87932167957004, 
    2.87932167957004, 2.87932167957004, 2.87932167957004), mean_rand = c(-0.376435224709928, 
    -0.376435224709928, -0.376435224709928, -0.376435224709928
    ), sim_n = c(72L, 72L, 72L, 72L)), .Names = c("var", "mean", 
"prop", "rand_var", "mean_rand", "sim_n"), class = c("tbl_df", 
"tbl", "data.frame"), row.names = c(NA, -4L)), summ_stan_df = structure(list(
    shape1 = 3.45655850866298, shape2 = 3.04811032883248, stretch = 4.57327410982429, 
    x_min = -0.101306721774553, x_max = 4.21745384511148, maxima = 2.8244307424518, 
    rep = 72L), .Names = c("shape1", "shape2", "stretch", "x_min", 
"x_max", "maxima", "rep"), class = c("tbl_df", "tbl", "data.frame"
), row.names = c(NA, -1L))), .Names = c("lm_df", "lasso_df", 
"summ_stan_df"))
run_x <-
structure(list(lasso_df = structure(list(var = c("maxima", "stretch", 
"x_max", "x_min"), mean = c(0.0703339137792518, 0.283409685987632, 
0.245948721020056, 0.00897026023091951), prop = c(0.1075, 0.255, 
0.265, 0.06), rand_var = c(2.87932167957004, 2.87932167957004, 
2.87932167957004, 2.87932167957004), mean_rand = c(-0.376435224709928, 
-0.376435224709928, -0.376435224709928, -0.376435224709928), 
    sim_n = c(72L, 72L, 72L, 72L)), .Names = c("var", "mean", 
"prop", "rand_var", "mean_rand", "sim_n"), class = c("tbl_df", 
"tbl", "data.frame"), row.names = c(NA, -4L)), lasso_depth = structure(list(
    draw = 1:400, `(Intercept)` = c(-0.0445612532204691, -0.0587021947627367, 
    -0.0666130952380953, -0.0510884890603316, -0.0666130952380953, 
    -0.0192342941647174, -0.0681120815564431, -0.0497415363805001, 
    -0.0168365970935029, -0.0666130952380953, -0.0582274409228719, 
    -0.0590851398775196, -0.100107128693864, -0.0443349318731516, 
    -0.0549749770197895, -0.0568529837481406, -0.070167441055163, 
    -0.0224353038253533, -0.0666130952380953, -0.0599267043388908, 
    -0.0592374422066334, -0.0126609162928484, -0.0666130952380953, 
    -0.0595029940168373, -0.0666130952380953, -0.0596826172522543, 
    -0.0666130952380953, -0.0570992741137098, -0.0578984981272725, 
    -0.0577548091629657, -0.0483822371759605, -0.0666130952380953, 
    -0.0606230942865568, -0.0666130952380953, -0.0143531344353515, 
    -0.0525306142306123, -0.0677965767131731, -0.0375057577384531, 
    -0.0318618760097515, -0.0106766986519976, -0.0626832260249189, 
    -0.0587736076848718, -0.102744539664003, -0.0236418066511571, 
    -0.0482467455271116, -0.0526049855908151, -0.0522213091753843, 
    -0.0583351423109535, -0.0578617878672144, -0.00785729488472322, 
    -0.0655880860799832, -0.0647434839175541, -0.0514347732177954, 
    -0.0316866205559466, -0.0554890938222608, -0.0538676372858627, 
    -0.0553337767676658, -0.0579367928892069, -0.0578152926181138, 
    -0.0657284108551737, -0.0977067231800464, -0.0651426613822153, 
    -0.060197844258531, -0.0666130952380953, -0.0319914581001373, 
    -0.0655759492437096, -0.0535332934267869, -0.0558773431997248, 
    -0.0547935271112922, -0.0666130952380953, -0.0626523645144965, 
    -0.0666130952380953, -0.0485438589961938, -0.0370659356850383, 
    -0.0666130952380953, -0.0666130952380953, -0.0608425001055941, 
    -0.0580831537677466, -0.0902758537790615, -0.0570832441502976, 
    -0.0586772425171781, -0.0608019261014045, -0.0554116751675815, 
    -0.0821688821978535, -0.0666130952380953, -0.0597289560481774, 
    -0.0666130952380953, -0.00966581166660999, -0.0586892080386455, 
    -0.0557442532185539, -0.0573634170772786, -0.0662581860020362, 
    -0.0540392358301204, -0.0666130952380953, -0.0781977308922371, 
    -0.0666130952380953, -0.0518637751288624, -0.0462894778269811, 
    -0.0514925679401325, -0.063177197780357, -0.0838351280339004, 
    -0.0619303383212787, -0.0698177704572782, -0.0510151458358413, 
    -0.0690130311866433, -0.0666130952380953, -0.0666130952380953, 
    -0.0666130952380953, -0.0515739664719489, -0.0708334067465053, 
    -0.0666130952380953, -0.0666130952380953, -0.0666130952380953, 
    -0.0873082486550198, -0.0955152584655073, -0.0666130952380953, 
    -0.0666130952380953, -0.0362529453655685, -0.0641834839360967, 
    -0.0482927104283281, -0.0490385856570013, -0.123958406022535, 
    -0.0738601961838019, -0.0593097231353076, -0.0697562038304174, 
    -0.0510888875649038, -0.037622766700769, -0.0666130952380953, 
    -0.0666130952380953, -0.0874669441551941, -0.0609922157129476, 
    -0.0666130952380953, -0.0666130952380953, -0.0710107821111839, 
    -0.0709445519234867, -0.0666130952380953, -0.0800899330932488, 
    -0.0560794535131399, -0.0666130952380953, -0.0664386441495653, 
    -0.0666130952380953, -0.0603212980265592, -0.0618081941655956, 
    -0.0666130952380953, -0.051807228848937, -0.0687700736389045, 
    -0.0452697147073634, -0.077428968370305, -0.0769212495355706, 
    -0.0666130952380953, -0.0666130952380953, -0.0732019968765707, 
    -0.0850975954831499, -0.0653771788029285, -0.0666130952380953, 
    -0.0760078556324299, -0.0666130952380953, -0.061827049374784, 
    -0.0666130952380953, -0.0666130952380953, -0.0726410380546073, 
    -0.0800124566221432, -0.0678441725099059, -0.0666130952380953, 
    -0.0550266003429078, -0.0727393855610268, -0.0666130952380953, 
    -0.0666130952380953, -0.0323665793469819, -0.0666130952380953, 
    -0.0606036511561634, -0.0666130952380953, -0.0666130952380953, 
    -0.0816296612869219, -0.0885685695671604, -0.0658050170717931, 
