run_x <-
structure(list(lm_df = structure(list(term = c("maxima_sc", "stretch_sc", 
"x_max_sc", "x_min_sc"), coef = c(0.0925697624423058, 0.0793290729899168, 
0.0256241598899792, -0.0288504227453132), p_value = c(0.0279364216053104, 
0.00475905975288081, 0.175167713967894, 0.0671441443486522), 
    rand_var = c(2.22232177025144, 2.22232177025144, 2.22232177025144, 
    2.22232177025144), mean_rand = c(0.953914324661483, 0.953914324661483, 
    0.953914324661483, 0.953914324661483), sim_n = c(56L, 56L, 
    56L, 56L)), .Names = c("term", "coef", "p_value", "rand_var", 
"mean_rand", "sim_n"), class = c("tbl_df", "tbl", "data.frame"
), row.names = c(NA, -4L)), lasso_df = structure(list(var = c("maxima", 
"stretch", "x_max", "x_min"), mean = c(0.211069648753009, 0.0883391210178734, 
-0.160651099076968, -0.298790233910743), prop = c(0.045, 0.1575, 
0, 0.005), rand_var = c(2.22232177025144, 2.22232177025144, 2.22232177025144, 
2.22232177025144), mean_rand = c(0.953914324661483, 0.953914324661483, 
0.953914324661483, 0.953914324661483), sim_n = c(56L, 56L, 56L, 
56L)), .Names = c("var", "mean", "prop", "rand_var", "mean_rand", 
"sim_n"), class = c("tbl_df", "tbl", "data.frame"), row.names = c(NA, 
-4L)), summ_stan_df = structure(list(shape1 = 3.34260774972454, 
    shape2 = 3.01311676925801, stretch = 1.03216392301901, x_min = 0.385576028592196, 
    x_max = 5.53796900468713, maxima = 3.59720520062341, rep = 56L), .Names = c("shape1", 
"shape2", "stretch", "x_min", "x_max", "maxima", "rep"), class = c("tbl_df", 
"tbl", "data.frame"), row.names = c(NA, -1L))), .Names = c("lm_df", 
"lasso_df", "summ_stan_df"))
run_x <-
structure(list(lm_df = structure(list(term = c("maxima_sc", "stretch_sc", 
"x_max_sc", "x_min_sc"), coef = c(0.0925697624423058, 0.0793290729899168, 
0.0256241598899792, -0.0288504227453132), p_value = c(0.0279364216053104, 
0.00475905975288081, 0.175167713967894, 0.0671441443486522), 
    rand_var = c(2.22232177025144, 2.22232177025144, 2.22232177025144, 
    2.22232177025144), mean_rand = c(0.953914324661483, 0.953914324661483, 
    0.953914324661483, 0.953914324661483), sim_n = c(56L, 56L, 
    56L, 56L)), .Names = c("term", "coef", "p_value", "rand_var", 
"mean_rand", "sim_n"), class = c("tbl_df", "tbl", "data.frame"
), row.names = c(NA, -4L)), lasso_df = structure(list(var = c("maxima", 
"stretch", "x_max", "x_min"), mean = c(0.211069648753009, 0.0883391210178734, 
-0.160651099076968, -0.298790233910743), prop = c(0.045, 0.1575, 
0, 0.005), rand_var = c(2.22232177025144, 2.22232177025144, 2.22232177025144, 
2.22232177025144), mean_rand = c(0.953914324661483, 0.953914324661483, 
0.953914324661483, 0.953914324661483), sim_n = c(56L, 56L, 56L, 
56L)), .Names = c("var", "mean", "prop", "rand_var", "mean_rand", 
"sim_n"), class = c("tbl_df", "tbl", "data.frame"), row.names = c(NA, 
-4L)), summ_stan_df = structure(list(shape1 = 3.34260774972454, 
    shape2 = 3.01311676925801, stretch = 1.03216392301901, x_min = 0.385576028592196, 
    x_max = 5.53796900468713, maxima = 3.59720520062341, rep = 56L), .Names = c("shape1", 
"shape2", "stretch", "x_min", "x_max", "maxima", "rep"), class = c("tbl_df", 
"tbl", "data.frame"), row.names = c(NA, -1L))), .Names = c("lm_df", 
"lasso_df", "summ_stan_df"))
run_x <-
structure(list(lasso_df = structure(list(var = c("maxima", "stretch", 
"x_max", "x_min"), mean = c(0.337200387831301, 0.161977968385986, 
-0.121228023464135, -0.406719816321068), prop = c(0.0625, 0.1875, 
0.0125, 0.01), rand_var = c(2.22232177025144, 2.22232177025144, 
2.22232177025144, 2.22232177025144), mean_rand = c(0.953914324661483, 
0.953914324661483, 0.953914324661483, 0.953914324661483), sim_n = c(56L, 
56L, 56L, 56L)), .Names = c("var", "mean", "prop", "rand_var", 
"mean_rand", "sim_n"), class = c("tbl_df", "tbl", "data.frame"
), row.names = c(NA, -4L)), lasso_depth = structure(list(draw = 1:400, 
    `(Intercept)` = c(-0.0499953638935336, -0.0440451600999572, 
    -0.0620431018039616, -0.0624940498608383, -0.0656034021736333, 
    -0.0559652680943138, -0.0666130952380953, -0.0852032996354199, 
    -0.0528838937090588, -0.0525150931165884, -0.0516535936665118, 
    -0.0523048264226698, -0.0628573452551778, -0.0747870622021855, 
    -0.0686353406983652, -0.0666130952380953, -0.0642002889742184, 
    -0.0586655939443786, -0.0666130952380953, -0.0808154323604425, 
    -0.0666130952380953, -0.0502043486425984, -0.0747818402534593, 
    -0.0672005160705685, -0.0340186675222383, -0.0666130952380953, 
    -0.0693407377972013, -0.0697980021330967, -0.0412090741084682, 
    -0.0651656158841079, -0.0552193474161916, -0.0855230266856981, 
    -0.0621535074931936, -0.048190902910827, -0.095679110586946, 
    -0.0643470985584452, -0.0666130952380953, -0.0497159877353145, 
    -0.0666130952380953, -0.0713815437671583, -0.0997451115862871, 
    -0.0737209427878541, -0.0611267809478971, -0.0567560359056712, 
    -0.0609358733318502, -0.0640517579050172, -0.0501435996816822, 
    -0.0665521193478639, -0.0634163110835347, -0.0666130952380953, 
    -0.0666130952380953, -0.0662596498562709, -0.0364134899005889, 
    -0.0727261217923461, -0.0660006997333529, -0.0530210338982695, 
    -0.0396052102878581, -0.0476213927810756, -0.0607787427856478, 
    -0.0733562212810648, -0.0775921672532488, -0.0584360976249608, 
    -0.055729355043234, -0.0599990694647792, -0.0616514159779666, 
    -0.0790811156095121, -0.0622080818992612, -0.0592760381863458, 
    -0.0658246429954248, -0.0491059116323345, -0.0666130952380953, 
    -0.0643526252274722, -0.0399964085110143, -0.0666130952380953, 
    -0.0652891749091579, -0.0666130952380953, -0.0666130952380953, 
    -0.0834499119983629, -0.0575064464643911, -0.0677093068479322, 
    -0.0609640865850988, -0.061619932616948, -0.0662697785028855, 
    -0.0605971375453343, -0.0451838361135108, -0.0655044890296388, 
    -0.0609215889811061, -0.0648325858274406, -0.0694916202849506, 
    -0.0804077372076804, -0.0525969809088076, -0.0591650994452319, 
    -0.0583353758841411, -0.061756278492352, -0.0608417522856413, 
    -0.0763814854364427, -0.0552995977537429, -0.0673613498011941, 
    -0.0613378219267165, -0.0666130952380953, -0.0605882935434859, 
    -0.0588670116990475, -0.0599031140926674, -0.0600686179687327, 
    -0.0614041772290638, -0.0531192685412258, -0.0540116773662982, 
    -0.0664309244951058, -0.0467970817060409, -0.0460320690073103, 
    -0.07708212582536, -0.062307712223695, -0.0596570534961368, 
    -0.0666130952380953, -0.0666130952380953, -0.0666130952380953, 
    -0.0666130952380953, -0.0523954112423614, -0.0459090440095597, 
    -0.0904362474222215, -0.0660842752469372, -0.0617403430225146, 
    -0.0569432067385627, -0.0666130952380953, -0.0592680718347411, 
    -0.0666130952380953, -0.0666130952380953, -0.063379706658772, 
    -0.0461145700297385, -0.0631290431983645, -0.0567880848900913, 
    -0.0636329835893352, -0.0666047451785484, -0.0663377325632671, 
    -0.0537750620416649, -0.0629580053346934, -0.0666130952380953, 
    -0.0607259472709431, -0.0627999115314447, -0.0526649170485641, 
    -0.0608119810484722, -0.06021704330496, -0.0726186262029114, 
    -0.0788050514441428, -0.0543839596474621, -0.0578897445957908, 
    -0.0666130952380953, -0.0663721612123013, -0.0626731566280549, 
    -0.0669122892968182, -0.0666130952380953, -0.0637029284488545, 
    -0.0728512273741323, -0.0618846357703544, -0.0779368955865955, 
    -0.0509006361300295, -0.0564555435943942, -0.0668037170721227, 
    -0.0406940341816623, -0.0601700002533204, -0.0921777786831952, 
    -0.060890927483133, -0.0666130952380953, -0.0508189070212388, 
    -0.0608558523777647, -0.0597663571988065, -0.0666130952380953, 
    -0.0666130952380953, -0.0865613761093, -0.054921936386365, 
    -0.0623748995935569, -0.0615121200662488, -0.0648854324488305, 
    -0.0567398437515077, -0.0567721771149916, -0.0653602341552831, 
    -0.0704385241694438, -0.0771310524137085, -0.0675108094378324, 
