run_x <-
structure(list(lm_df = structure(list(term = c("maxima_sc", "stretch_sc", 
"x_max_sc", "x_min_sc"), coef = c(0.246117160525116, 0.0273982823422487, 
-0.250766235685545, -0.0327954869481967), p_value = c(0.00967895543186285, 
0.00969447429190498, 0.0092628576345761, 0.0466416497195274), 
    rand_var = c(3.58093554320058, 3.58093554320058, 3.58093554320058, 
    3.58093554320058), mean_rand = c(1.1235713702181, 1.1235713702181, 
    1.1235713702181, 1.1235713702181), sim_n = c(89L, 89L, 89L, 
    89L)), .Names = c("term", "coef", "p_value", "rand_var", 
"mean_rand", "sim_n"), class = c("tbl_df", "tbl", "data.frame"
), row.names = c(NA, -4L)), lasso_df = structure(list(var = c("maxima", 
"stretch", "x_max", "x_min"), mean = c(1.20819024178629, 0.115360257205715, 
-1.34514589961875, -0.131123156490042), prop = c(0.0325, 0.1475, 
0, 0.04), rand_var = c(3.58093554320058, 3.58093554320058, 3.58093554320058, 
3.58093554320058), mean_rand = c(1.1235713702181, 1.1235713702181, 
1.1235713702181, 1.1235713702181), sim_n = c(89L, 89L, 89L, 89L
)), .Names = c("var", "mean", "prop", "rand_var", "mean_rand", 
"sim_n"), class = c("tbl_df", "tbl", "data.frame"), row.names = c(NA, 
-4L)), summ_stan_df = structure(list(shape1 = 4.86888631623703, 
    shape2 = 2.88874042091516, stretch = 2.87321953406037, x_min = -0.957249553158007, 
    x_max = 3.62379563239058, maxima = 2.68653841086223, rep = 89L), .Names = c("shape1", 
"shape2", "stretch", "x_min", "x_max", "maxima", "rep"), class = c("tbl_df", 
"tbl", "data.frame"), row.names = c(NA, -1L))), .Names = c("lm_df", 
"lasso_df", "summ_stan_df"))
run_x <-
structure(list(lm_df = structure(list(term = c("maxima_sc", "stretch_sc", 
"x_max_sc", "x_min_sc"), coef = c(0.246117160525116, 0.0273982823422487, 
-0.250766235685545, -0.0327954869481967), p_value = c(0.00967895543186285, 
0.00969447429190498, 0.0092628576345761, 0.0466416497195274), 
    rand_var = c(3.58093554320058, 3.58093554320058, 3.58093554320058, 
    3.58093554320058), mean_rand = c(1.1235713702181, 1.1235713702181, 
    1.1235713702181, 1.1235713702181), sim_n = c(89L, 89L, 89L, 
    89L)), .Names = c("term", "coef", "p_value", "rand_var", 
"mean_rand", "sim_n"), class = c("tbl_df", "tbl", "data.frame"
), row.names = c(NA, -4L)), lasso_df = structure(list(var = c("maxima", 
"stretch", "x_max", "x_min"), mean = c(1.20819024178629, 0.115360257205715, 
-1.34514589961875, -0.131123156490042), prop = c(0.0325, 0.1475, 
0, 0.04), rand_var = c(3.58093554320058, 3.58093554320058, 3.58093554320058, 
3.58093554320058), mean_rand = c(1.1235713702181, 1.1235713702181, 
1.1235713702181, 1.1235713702181), sim_n = c(89L, 89L, 89L, 89L
)), .Names = c("var", "mean", "prop", "rand_var", "mean_rand", 
"sim_n"), class = c("tbl_df", "tbl", "data.frame"), row.names = c(NA, 
-4L)), summ_stan_df = structure(list(shape1 = 4.86888631623703, 
    shape2 = 2.88874042091516, stretch = 2.87321953406037, x_min = -0.957249553158007, 
    x_max = 3.62379563239058, maxima = 2.68653841086223, rep = 89L), .Names = c("shape1", 
"shape2", "stretch", "x_min", "x_max", "maxima", "rep"), class = c("tbl_df", 
"tbl", "data.frame"), row.names = c(NA, -1L))), .Names = c("lm_df", 
"lasso_df", "summ_stan_df"))
run_x <-
structure(list(lasso_df = structure(list(var = c("maxima", "stretch", 
"x_max", "x_min"), mean = c(1.2449977167997, 0.0949161382165122, 
-1.28790500383778, -0.0865639285811689), prop = c(0.06, 0.1475, 
0.01, 0.03), rand_var = c(3.58093554320058, 3.58093554320058, 
3.58093554320058, 3.58093554320058), mean_rand = c(1.1235713702181, 
1.1235713702181, 1.1235713702181, 1.1235713702181), sim_n = c(89L, 
89L, 89L, 89L)), .Names = c("var", "mean", "prop", "rand_var", 
"mean_rand", "sim_n"), class = c("tbl_df", "tbl", "data.frame"
), row.names = c(NA, -4L)), lasso_depth = structure(list(draw = 1:400, 
    `(Intercept)` = c(-0.0590479159567745, -0.0326146650307884, 
    -0.0666130952380953, -0.0723857568503686, -0.0644645913697511, 
    -0.0666130952380953, -0.0686450858652794, -0.0684723014395417, 
    -0.06046427623047, -0.0743482366755089, -0.0683749430713994, 
    -0.0666130952380953, -0.0666130952380953, -0.100361953053217, 
    -0.0547019350019275, -0.0299233194849467, -0.0316769903419035, 
    -0.0565256906724801, -0.0666130952380953, -0.0714285542193868, 
    -0.143690690783592, -0.073425288565867, -0.0625313052266673, 
    -0.064782866958284, -0.0666130952380953, -0.0430795719256367, 
    -0.0162768197866294, -0.0689145643107115, -0.0666130952380953, 
    -0.0570013251618302, -0.0666130952380953, -0.0427367931969721, 
    -0.0693310186196926, -0.0439969370710442, -0.0638833395351402, 
    -0.0666130952380953, -0.0686488284178496, -0.0666130952380953, 
    -0.0594944663969816, -0.0796801165251144, -0.075625704341617, 
    -0.0666130952380953, -0.0644084048313653, -0.0505348163409971, 
    -0.0542960625958921, -0.0666130952380953, -0.0581299093934254, 
    -0.242314016354772, -0.0666130952380953, -0.0666130952380953, 
    -0.104051459191971, -0.0666130952380953, -0.0594761617385522, 
    -0.0101499445739856, -0.0652110719494328, -0.055977148826458, 
    -0.0663582703720778, -0.0384392470452036, -0.0701161769486358, 
    -0.0666130952380953, -0.0502159006191347, -0.0706863476857552, 
    -0.0577184444229873, -0.062420965117315, -0.0849086756535593, 
    -0.0597425515094472, -0.0668940706448501, -0.0569006462478122, 
    -0.0635155580632829, -0.0599137971156636, -0.0807172301621156, 
    -0.0693720351362356, -0.0772383204952676, -0.045605599892712, 
    -0.0683183544835149, -0.0694079526361799, -0.0664723685106953, 
    -0.054030380602982, -0.0666130952380953, -0.0985532274774605, 
    -0.0608504310557751, -0.0594412566248254, -0.0666130952380953, 
    -0.0722950765763914, -0.0551372648746542, -0.0666130952380953, 
    -0.166078169514124, -0.132048385768812, -0.0666130952380953, 
    -0.0958868247893078, -0.0480637228547638, -0.0885360457820554, 
    -0.0566423061602636, -0.0827039638575049, -0.0465132329194019, 
    -0.0473582010058099, -0.0749014276332481, -0.0698388479508826, 
    -0.0550547066021109, -0.0751251236089008, -0.0666130952380953, 
    -0.0666130952380953, -0.0666130952380953, -0.0879237320971812, 
    -0.0666130952380953, -0.0746402786899469, -0.0666130952380953, 
    -0.0666130952380953, -0.0666130952380953, -0.0666130952380953, 
    -0.0666130952380953, -0.0543015692318926, -0.0666130952380953, 
    -0.0666130952380953, -0.0772856104689182, -0.0666130952380953, 
    -0.0817531310851755, -0.0666130952380953, -0.0514790456904246, 
    -0.0666130952380953, -0.070057772000433, -0.0689130313943344, 
    -0.0666130952380953, -0.102740444445108, -0.109801019943536, 
    -0.0574034754669164, -0.0666130952380953, -0.0666130952380953, 
    -0.0666130952380953, -0.0666130952380953, -0.0666130952380953, 
    -0.0898053366121347, -0.0646643190123339, -0.0653678301277185, 
    -0.0666130952380953, -0.0666130952380953, -0.0915871133853435, 
    -0.0666130952380953, -0.0634748421347719, -0.0666130952380953, 
    -0.0666130952380953, -0.0666130952380953, -0.0607562742428957, 
    -0.106769568438435, -0.0565441435316144, -0.0666130952380953, 
    -0.0688193478747994, -0.0666130952380953, -0.0666130952380953, 
    -0.0666130952380953, -0.0666130952380953, -0.0666130952380953, 
    -0.0776502247338645, -0.0510126280055681, -0.065390458601348, 
    -0.0666130952380953, -0.00142413413862891, -0.0666130952380953, 
    -0.0666130952380953, -0.0666130952380953, -0.0666130952380953, 
    -0.0588400797930945, -0.0666130952380953, -0.0666130952380953, 
    -0.0666130952380953, -0.0666130952380953, -0.0666130952380953, 
    -0.0515564901969677, -0.0606035787264037, -0.0666130952380953, 
    -0.0666130952380953, -0.0766161716745163, -0.103889257611947, 
    -0.0258588167648065, -0.0666130952380953, -0.0720309826077924, 
    -0.108158292992977, -0.0666130952380953, -0.0709536831782254, 
    -0.065304938804633, -0.0815447733575807, -0.105828733128495, 
