run_x <-
structure(list(lm_df = structure(list(term = c("maxima_sc", "stretch_sc", 
"x_max_sc", "x_min_sc"), coef = c(0.0393846676026492, 0.0609932516809294, 
-0.0113054238213708, -0.0686157654130424), p_value = c(0.192191710674156, 
0.00777727160316747, 0.217027054724701, 0.0504673333253015), 
    rand_var = c(2.1027792052686, 2.1027792052686, 2.1027792052686, 
    2.1027792052686), mean_rand = c(-0.835791156983647, -0.835791156983647, 
    -0.835791156983647, -0.835791156983647), sim_n = c(53L, 53L, 
    53L, 53L)), .Names = c("term", "coef", "p_value", "rand_var", 
"mean_rand", "sim_n"), class = c("tbl_df", "tbl", "data.frame"
), row.names = c(NA, -4L)), lasso_df = structure(list(var = c("maxima", 
"stretch", "x_max", "x_min"), mean = c(0.143068553143617, 0.369014437302115, 
-0.304310058568981, -0.32043460360601), prop = c(0.0625, 0.335, 
0.01, 0.01), rand_var = c(2.1027792052686, 2.1027792052686, 2.1027792052686, 
2.1027792052686), mean_rand = c(-0.835791156983647, -0.835791156983647, 
-0.835791156983647, -0.835791156983647), sim_n = c(53L, 53L, 
53L, 53L)), .Names = c("var", "mean", "prop", "rand_var", "mean_rand", 
"sim_n"), class = c("tbl_df", "tbl", "data.frame"), row.names = c(NA, 
-4L)), summ_stan_df = structure(list(shape1 = 4.16773411089568, 
    shape2 = 4.19602438521293, stretch = 1.93165967115302, x_min = 0.213110731908891, 
    x_max = 2.12343401942697, maxima = 1.46087994994093, rep = 53L), .Names = c("shape1", 
"shape2", "stretch", "x_min", "x_max", "maxima", "rep"), class = c("tbl_df", 
"tbl", "data.frame"), row.names = c(NA, -1L))), .Names = c("lm_df", 
"lasso_df", "summ_stan_df"))
