run_x <-
structure(list(lm_df = structure(list(term = c("maxima_sc", "stretch_sc", 
"x_max_sc", "x_min_sc"), coef = c(0.0155819066213247, 0.049081937734732, 
-0.0387176750858394, -0.0504347299608145), p_value = c(0.177063435061778, 
0.00222703468836917, 0.152058659962918, 0.0897374555967727), 
    rand_var = c(2.54579868036772, 2.54579868036772, 2.54579868036772, 
    2.54579868036772), mean_rand = c(-0.90675175696678, -0.90675175696678, 
    -0.90675175696678, -0.90675175696678), sim_n = c(64L, 64L, 
    64L, 64L)), .Names = c("term", "coef", "p_value", "rand_var", 
"mean_rand", "sim_n"), class = c("tbl_df", "tbl", "data.frame"
), row.names = c(NA, -4L)), lasso_df = structure(list(var = c("maxima", 
"stretch", "x_max", "x_min"), mean = c(0.250192050563171, 0.159943007506233, 
-0.180234845054458, -0.160377290897496), prop = c(0.1225, 0.1425, 
0.0425, 0.0075), rand_var = c(2.54579868036772, 2.54579868036772, 
2.54579868036772, 2.54579868036772), mean_rand = c(-0.90675175696678, 
-0.90675175696678, -0.90675175696678, -0.90675175696678), sim_n = c(64L, 
64L, 64L, 64L)), .Names = c("var", "mean", "prop", "rand_var", 
"mean_rand", "sim_n"), class = c("tbl_df", "tbl", "data.frame"
), row.names = c(NA, -4L)), summ_stan_df = structure(list(shape1 = 3.99930650513392, 
    shape2 = 4.09014124586103, stretch = 0.975656216696364, x_min = 0.0103944067035317, 
    x_max = 2.49667009871972, maxima = 1.60583230437406, rep = 64L), .Names = c("shape1", 
"shape2", "stretch", "x_min", "x_max", "maxima", "rep"), class = c("tbl_df", 
"tbl", "data.frame"), row.names = c(NA, -1L))), .Names = c("lm_df", 
"lasso_df", "summ_stan_df"))
run_x <-
structure(list(lm_df = structure(list(term = c("maxima_sc", "stretch_sc", 
"x_max_sc", "x_min_sc"), coef = c(0.0155819066213247, 0.049081937734732, 
-0.0387176750858394, -0.0504347299608145), p_value = c(0.177063435061778, 
0.00222703468836917, 0.152058659962918, 0.0897374555967727), 
    rand_var = c(2.54579868036772, 2.54579868036772, 2.54579868036772, 
    2.54579868036772), mean_rand = c(-0.90675175696678, -0.90675175696678, 
    -0.90675175696678, -0.90675175696678), sim_n = c(64L, 64L, 
    64L, 64L)), .Names = c("term", "coef", "p_value", "rand_var", 
"mean_rand", "sim_n"), class = c("tbl_df", "tbl", "data.frame"
), row.names = c(NA, -4L)), lasso_df = structure(list(var = c("maxima", 
"stretch", "x_max", "x_min"), mean = c(0.250192050563171, 0.159943007506233, 
-0.180234845054458, -0.160377290897496), prop = c(0.1225, 0.1425, 
0.0425, 0.0075), rand_var = c(2.54579868036772, 2.54579868036772, 
2.54579868036772, 2.54579868036772), mean_rand = c(-0.90675175696678, 
-0.90675175696678, -0.90675175696678, -0.90675175696678), sim_n = c(64L, 
64L, 64L, 64L)), .Names = c("var", "mean", "prop", "rand_var", 
"mean_rand", "sim_n"), class = c("tbl_df", "tbl", "data.frame"
), row.names = c(NA, -4L)), summ_stan_df = structure(list(shape1 = 3.99930650513392, 
    shape2 = 4.09014124586103, stretch = 0.975656216696364, x_min = 0.0103944067035317, 
    x_max = 2.49667009871972, maxima = 1.60583230437406, rep = 64L), .Names = c("shape1", 
"shape2", "stretch", "x_min", "x_max", "maxima", "rep"), class = c("tbl_df", 
"tbl", "data.frame"), row.names = c(NA, -1L))), .Names = c("lm_df", 
"lasso_df", "summ_stan_df"))
run_x <-
structure(list(lasso_df = structure(list(var = c("maxima", "stretch", 
"x_max", "x_min"), mean = c(0.463561733102451, 0.146671706991807, 
-0.0580509047943374, -0.080475773541174), prop = c(0.1375, 0.1375, 
0.055, 0.0525), rand_var = c(2.54579868036772, 2.54579868036772, 
2.54579868036772, 2.54579868036772), mean_rand = c(-0.90675175696678, 
-0.90675175696678, -0.90675175696678, -0.90675175696678), sim_n = c(64L, 
64L, 64L, 64L)), .Names = c("var", "mean", "prop", "rand_var", 
"mean_rand", "sim_n"), class = c("tbl_df", "tbl", "data.frame"
), row.names = c(NA, -4L)), lasso_depth = structure(list(draw = 1:400, 
    `(Intercept)` = c(-0.0222916816952557, -0.0666130952380953, 
    -0.0499576545606752, -0.0354524660085452, -0.0666130952380953, 
    -0.0528206515533963, -0.0428068821336775, -0.0666130952380953, 
    -0.0666130952380953, -0.0666130952380953, -0.057820467099765, 
    -0.0454991841128763, -0.0644460471358251, -0.0639341920064384, 
    -0.0666130952380953, -0.0491176455720141, -0.0666130952380953, 
    -0.0666130952380953, -0.0666130952380953, -0.0479483091759925, 
    -0.0666130952380953, -0.0666130952380953, -0.0666130952380953, 
    -0.0465104406773775, -0.0666130952380953, -0.0666130952380953, 
    -0.0666130952380953, -0.0666130952380953, -0.0666130952380953, 
    -0.0558138561441066, -0.0474779021121711, -0.0662481654659942, 
    -0.0666130952380953, -0.0666130952380953, -0.0605139516861027, 
    -0.0666130952380953, -0.00586591405793722, -0.0666130952380953, 
    -0.0666130952380953, -0.0666130952380953, -0.0501373502577961, 
    -0.0170670044859411, -0.0721883855045144, -0.0666130952380953, 
    -0.0666130952380953, 0.0150390729140881, -0.0501773959950673, 
    -0.0566533237627722, -0.0666130952380953, -0.0654392995389435, 
    -0.0666130952380953, -0.0472021949402616, -0.0666130952380953, 
    -0.030759825897277, -0.0666130952380953, -0.0156258803867707, 
    -0.0576577825126706, -0.0683732527567012, -0.0666130952380953, 
    -0.0666130952380953, -0.0666130952380953, -0.0589395970154722, 
    -0.0623071935103594, -0.0617342656980838, -0.0666130952380953, 
    -0.0359333191554199, -0.0389985848085183, -0.0666130952380953, 
    -0.0666130952380953, -0.0473531582152911, -0.0666130952380953, 
    -0.0589225764260711, -0.0666130952380953, -0.0621530417084393, 
    -0.0666130952380953, -0.0666130952380953, -0.0666130952380953, 
    -0.0489813697029607, -0.0663130438766443, -0.0666130952380953, 
    -0.0666130952380953, -0.0608782657982384, -0.0461383343558805, 
    -0.0609633695926009, -0.0641184008732149, -0.0666130952380953, 
    -0.0708891370414383, -0.0666130952380953, -0.0593975206142422, 
    -0.0526044467324857, -0.0722849598415852, -0.0602496490227403, 
    -0.0666130952380953, -0.0444626868092436, -0.0709578901173091, 
    -0.0671297378826682, -0.072502686028282, -0.0666130952380953, 
    -0.0218806768316901, -0.0666130952380953, -0.0561395052266506, 
    -0.0666130952380953, -0.0666130952380953, -0.069039311923285, 
    -0.0666130952380953, -0.0666130952380953, -0.0625919687629869, 
    -0.0335926538389474, -0.0666130952380953, -0.0666130952380953, 
    -0.0666130952380953, -0.0666130952380953, -0.0666130952380953, 
    -0.0546297125523198, -0.0569922950985364, -0.0666130952380953, 
    -0.0666130952380953, -0.0440142596040504, -0.0666130952380953, 
    -0.0626493841369532, -0.0666130952380953, -0.0688174890275649, 
    -0.050168096565457, -0.0666130952380953, -0.0622606838640519, 
    -0.0674879545942922, -0.0376609501014466, -0.0312458058721162, 
    -0.0666130952380953, -0.0666130952380953, -0.0666130952380953, 
    -0.0711979987023411, -0.0666130952380953, -0.0666130952380953, 
    -0.0666130952380953, -0.0679553107743482, -0.0598626508123349, 
    -0.0150748201711144, -0.0666130952380953, -0.0666130952380953, 
    -0.0600991540289854, -0.0666130952380953, -0.0582203865795547, 
    -0.0666130952380953, -0.0666130952380953, -0.0586948370316604, 
    -0.0666130952380953, -0.0666130952380953, -0.0666130952380953, 
    -0.0666130952380953, -0.0666130952380953, -0.0381773296863488, 
    -0.0666130952380953, -0.0267617035273138, -0.0666130952380953, 
    -0.0590492029868244, -0.0666130952380953, -0.0666130952380953, 
    -0.0666130952380953, -0.0666130952380953, -0.0666130952380953, 
    -0.0666130952380953, -0.0492232752017182, -0.029880966459301, 
    -0.0666130952380953, -0.0666130952380953, -0.0666130952380953, 
    -0.0283887908511627, -0.0679313557832325, -0.0666130952380953, 
    -0.0626386238958782, -0.0666130952380953, -0.0666130952380953, 
    -0.0666130952380953, -0.0666130952380953, -0.0666130952380953, 
    -0.0602626482870822, -0.0666130952380953, -0.0666130952380953, 
