run_x <-
structure(list(lm_df = structure(list(term = c("maxima_sc", "stretch_sc", 
"x_max_sc", "x_min_sc"), coef = c(-0.0531674760579762, 0.0401032742145899, 
0.0120224171051057, -0.0168665127556867), p_value = c(0.0444110044388468, 
0.040621885239903, 0.106172320122537, 0.0901124936509155), rand_var = c(3.99998663917421, 
3.99998663917421, 3.99998663917421, 3.99998663917421), mean_rand = c(-0.999998747417497, 
-0.999998747417497, -0.999998747417497, -0.999998747417497), 
    sim_n = c(99L, 99L, 99L, 99L)), .Names = c("term", "coef", 
"p_value", "rand_var", "mean_rand", "sim_n"), class = c("tbl_df", 
"tbl", "data.frame"), row.names = c(NA, -4L)), lasso_df = structure(list(
    var = c("maxima", "stretch", "x_max", "x_min"), mean = c(-0.401794800044504, 
    0.176591731546634, 0.000424162217192103, -0.113644929509348
    ), prop = c(0.015, 0.1525, 0.045, 0.0425), rand_var = c(3.99998663917421, 
    3.99998663917421, 3.99998663917421, 3.99998663917421), mean_rand = c(-0.999998747417497, 
    -0.999998747417497, -0.999998747417497, -0.999998747417497
    ), sim_n = c(99L, 99L, 99L, 99L)), .Names = c("var", "mean", 
"prop", "rand_var", "mean_rand", "sim_n"), class = c("tbl_df", 
"tbl", "data.frame"), row.names = c(NA, -4L)), summ_stan_df = structure(list(
    shape1 = 4.11919297498205, shape2 = 4.58454505643928, stretch = 1.43024153300545, 
    x_min = -1.08278123760523, x_max = 3.82069050288566, maxima = 2.08561112132365, 
    rep = 99L), .Names = c("shape1", "shape2", "stretch", "x_min", 
"x_max", "maxima", "rep"), class = c("tbl_df", "tbl", "data.frame"
), row.names = c(NA, -1L))), .Names = c("lm_df", "lasso_df", 
"summ_stan_df"))
run_x <-
structure(list(lm_df = structure(list(term = c("maxima_sc", "stretch_sc", 
"x_max_sc", "x_min_sc"), coef = c(-0.0531674760579762, 0.0401032742145899, 
0.0120224171051057, -0.0168665127556867), p_value = c(0.0444110044388468, 
0.040621885239903, 0.106172320122537, 0.0901124936509155), rand_var = c(3.99998663917421, 
3.99998663917421, 3.99998663917421, 3.99998663917421), mean_rand = c(-0.999998747417497, 
-0.999998747417497, -0.999998747417497, -0.999998747417497), 
    sim_n = c(99L, 99L, 99L, 99L)), .Names = c("term", "coef", 
"p_value", "rand_var", "mean_rand", "sim_n"), class = c("tbl_df", 
"tbl", "data.frame"), row.names = c(NA, -4L)), lasso_df = structure(list(
    var = c("maxima", "stretch", "x_max", "x_min"), mean = c(-0.401794800044504, 
    0.176591731546634, 0.000424162217192103, -0.113644929509348
    ), prop = c(0.015, 0.1525, 0.045, 0.0425), rand_var = c(3.99998663917421, 
    3.99998663917421, 3.99998663917421, 3.99998663917421), mean_rand = c(-0.999998747417497, 
    -0.999998747417497, -0.999998747417497, -0.999998747417497
    ), sim_n = c(99L, 99L, 99L, 99L)), .Names = c("var", "mean", 
"prop", "rand_var", "mean_rand", "sim_n"), class = c("tbl_df", 
"tbl", "data.frame"), row.names = c(NA, -4L)), summ_stan_df = structure(list(
    shape1 = 4.11919297498205, shape2 = 4.58454505643928, stretch = 1.43024153300545, 
    x_min = -1.08278123760523, x_max = 3.82069050288566, maxima = 2.08561112132365, 
    rep = 99L), .Names = c("shape1", "shape2", "stretch", "x_min", 
"x_max", "maxima", "rep"), class = c("tbl_df", "tbl", "data.frame"
), row.names = c(NA, -1L))), .Names = c("lm_df", "lasso_df", 
"summ_stan_df"))
run_x <-
structure(list(lasso_df = structure(list(var = c("maxima", "stretch", 
"x_max", "x_min"), mean = c(-0.358090725479095, 0.183230056625723, 
0.0380568843476142, -0.256014109681983), prop = c(0.0025, 0.1975, 
0.065, 0.0425), rand_var = c(3.99998663917421, 3.99998663917421, 
3.99998663917421, 3.99998663917421), mean_rand = c(-0.999998747417497, 
-0.999998747417497, -0.999998747417497, -0.999998747417497), 
    sim_n = c(99L, 99L, 99L, 99L)), .Names = c("var", "mean", 
"prop", "rand_var", "mean_rand", "sim_n"), class = c("tbl_df", 
"tbl", "data.frame"), row.names = c(NA, -4L)), lasso_depth = structure(list(
    draw = 1:400, `(Intercept)` = c(-0.0765409178492021, -0.0666130952380953, 
    -0.0666130952380953, -0.0666130952380953, -0.0666130952380953, 
    0.108689687464086, -0.0826133447173625, -0.0103437960302496, 
    -0.0666130952380953, -0.0755273155498287, -0.0666130952380953, 
    -0.0666130952380953, -0.0666130952380953, 0.0291189037783256, 
    0.0747474140797164, -0.0583860388471967, -0.0666130952380953, 
    -0.0439330801736591, -0.13798564846773, -0.0740471142435246, 
    -0.0880575619465866, -0.0318060187244611, -0.0759516090660397, 
    -0.0752106854383271, -0.0666130952380953, -0.0679581207189727, 
    -0.0653386831294789, -0.0666130952380953, -0.0666130952380953, 
    -0.0528307210746044, -0.0666130952380953, -0.0666130952380953, 
    -0.0666130952380953, -0.0417083263968981, -0.0635895773132423, 
    -0.0565335391035734, -0.0330442196113461, -0.0742230626128059, 
    -0.0747368309805637, -0.0208151601390128, -0.0666130952380953, 
    -0.0235015904797277, -0.0525865377212192, -0.0436682519642465, 
    0.0467118225498508, -0.0558979375369478, -0.0666130952380953, 
    -0.0497491190845567, -0.0576727655152841, -0.0666130952380953, 
    -0.0358177502957694, -0.0905120586168967, -0.0550774618125623, 
    -0.0666130952380953, -0.0498399907867544, -0.0524580900812665, 
    -0.0666130952380953, -0.0707341886834917, -0.0243959337990522, 
    -0.0663709341283129, -0.104068284399894, -0.0293002759699553, 
    -0.0666130952380953, -0.00361306734982858, -0.0369660603461582, 
    -0.0666130952380953, -0.0740069994831891, -0.0444707753708434, 
    -0.0666130952380953, -0.0666130952380953, -0.043741478787154, 
    -0.0271141792214974, -0.000978695625507758, -0.0369689691003448, 
    -0.0511222043011458, -0.0020714792328313, -0.0666130952380953, 
    -0.0533028108334811, -0.0702843262171708, -0.0641825848544957, 
    -0.0434718923611091, -0.0666130952380953, -0.0573086600115157, 
    -0.0666130952380953, -0.0480536124639824, -0.0647112896504078, 
    -0.0331636774177845, -0.066520612361063, -0.0666130952380953, 
    -0.0641185409242575, -0.0562138500066114, -0.0673893432857635, 
    -0.0540863678881132, 0.0219053347834939, 0.00121331021600664, 
    -0.0666130952380953, -0.0675704767558953, -0.0773069136254968, 
    -0.0666130952380953, -0.0700429607078723, -0.0666130952380953, 
    -0.065972726979882, -0.0666130952380953, -0.0570315998179753, 
    -0.0492411865371446, -0.0469767516905571, -0.0524352043559298, 
    -0.0809447874146263, -0.0666130952380953, -0.0666130952380953, 
    -0.0666130952380953, -0.0666130952380953, -0.0678034402411081, 
    -0.0666130952380953, -0.0666130952380953, -0.0224278875052892, 
    -0.0666130952380953, -0.0851955285273905, -0.08087573283192, 
    -0.0666130952380953, -0.0540500629279293, -0.0666130952380953, 
    -0.0666130952380953, -0.0601838590930734, -0.064916981805148, 
    -0.0666130952380953, -0.0644061570365058, -0.0666130952380953, 
    -0.0288550043826966, -0.0367752197138916, -0.0677194989138541, 
    -0.0576664054898827, -0.0501051013763624, -0.0735546568205397, 
    -0.0301294585680367, -0.0332939923840912, -0.0529307071831989, 
    -0.0666130952380953, -0.0368473807948344, -0.0859677474405462, 
    -0.0666130952380953, -0.0666130952380953, -0.0477421206487356, 
    -0.0479640704841427, -0.0666130952380953, -0.0513653780483526, 
    -0.0215663740753282, -0.0577484635396835, -0.0650055298570129, 
    -0.0666130952380953, -0.0328096114251739, -0.00327527220899342, 
    -0.00584711125674003, -0.0763216607815279, -0.0543553749366221, 
    -0.0233500045419722, -0.0604598970924442, -0.0666130952380953, 
    -0.0666130952380953, -0.0183890052049071, -0.0513917706940838, 
    -0.0666130952380953, -0.0685929199716436, -0.0666130952380953, 
    -0.0666130952380953, -0.0666130952380953, -0.0284805623450529, 
    -0.0666130952380953, -0.0617716664771246, -0.0666130952380953, 
    -0.0668204352258131, -0.0666130952380953, -0.0666130952380953, 
    -0.0313514813223799, -0.0545663294346174, -0.0379037127958219, 
