run_x <-
structure(list(lm_df = structure(list(term = c("maxima_sc", "stretch_sc", 
"x_max_sc", "x_min_sc"), coef = c(-0.0835441254689772, 0.0352677425055282, 
0.0486455684267596, -0.0733756920586411), p_value = c(0.0518997678042226, 
0.0235679439589644, 0.135178263583774, 0.00430657139136283), 
    rand_var = c(3.46288656126394, 3.46288656126394, 3.46288656126394, 
    3.46288656126394), mean_rand = c(-0.419643221034459, -0.419643221034459, 
    -0.419643221034459, -0.419643221034459), sim_n = c(87L, 87L, 
    87L, 87L)), .Names = c("term", "coef", "p_value", "rand_var", 
"mean_rand", "sim_n"), class = c("tbl_df", "tbl", "data.frame"
), row.names = c(NA, -4L)), lasso_df = structure(list(var = c("maxima", 
"stretch", "x_max", "x_min"), mean = c(-0.0691944288105645, -0.00717418397616598, 
0.182033292846807, -0.242815506890829), prop = c(0.0925, 0.1075, 
0.1725, 0.0075), rand_var = c(3.46288656126394, 3.46288656126394, 
3.46288656126394, 3.46288656126394), mean_rand = c(-0.419643221034459, 
-0.419643221034459, -0.419643221034459, -0.419643221034459), 
    sim_n = c(87L, 87L, 87L, 87L)), .Names = c("var", "mean", 
"prop", "rand_var", "mean_rand", "sim_n"), class = c("tbl_df", 
"tbl", "data.frame"), row.names = c(NA, -4L)), summ_stan_df = structure(list(
    shape1 = 3.64113343292168, shape2 = 2.91383010244913, stretch = 4.57988031536012, 
    x_min = -0.527963994587279, x_max = 4.69405612765934, maxima = 3.19728692234639, 
    rep = 87L), .Names = c("shape1", "shape2", "stretch", "x_min", 
"x_max", "maxima", "rep"), class = c("tbl_df", "tbl", "data.frame"
), row.names = c(NA, -1L))), .Names = c("lm_df", "lasso_df", 
"summ_stan_df"))
run_x <-
structure(list(lm_df = structure(list(term = c("maxima_sc", "stretch_sc", 
"x_max_sc", "x_min_sc"), coef = c(-0.0835441254689772, 0.0352677425055282, 
0.0486455684267596, -0.0733756920586411), p_value = c(0.0518997678042226, 
0.0235679439589644, 0.135178263583774, 0.00430657139136283), 
    rand_var = c(3.46288656126394, 3.46288656126394, 3.46288656126394, 
    3.46288656126394), mean_rand = c(-0.419643221034459, -0.419643221034459, 
    -0.419643221034459, -0.419643221034459), sim_n = c(87L, 87L, 
    87L, 87L)), .Names = c("term", "coef", "p_value", "rand_var", 
"mean_rand", "sim_n"), class = c("tbl_df", "tbl", "data.frame"
), row.names = c(NA, -4L)), lasso_df = structure(list(var = c("maxima", 
"stretch", "x_max", "x_min"), mean = c(-0.0691944288105645, -0.00717418397616598, 
0.182033292846807, -0.242815506890829), prop = c(0.0925, 0.1075, 
0.1725, 0.0075), rand_var = c(3.46288656126394, 3.46288656126394, 
3.46288656126394, 3.46288656126394), mean_rand = c(-0.419643221034459, 
-0.419643221034459, -0.419643221034459, -0.419643221034459), 
    sim_n = c(87L, 87L, 87L, 87L)), .Names = c("var", "mean", 
"prop", "rand_var", "mean_rand", "sim_n"), class = c("tbl_df", 
"tbl", "data.frame"), row.names = c(NA, -4L)), summ_stan_df = structure(list(
    shape1 = 3.64113343292168, shape2 = 2.91383010244913, stretch = 4.57988031536012, 
    x_min = -0.527963994587279, x_max = 4.69405612765934, maxima = 3.19728692234639, 
    rep = 87L), .Names = c("shape1", "shape2", "stretch", "x_min", 
"x_max", "maxima", "rep"), class = c("tbl_df", "tbl", "data.frame"
), row.names = c(NA, -1L))), .Names = c("lm_df", "lasso_df", 
"summ_stan_df"))
