run_x <-
structure(list(lm_df = structure(list(term = c("maxima_sc", "stretch_sc", 
"x_max_sc", "x_min_sc"), coef = c(0.0969624903356681, 0.0310548494557328, 
-0.0743474468612592, -0.0446550902795745), p_value = c(0.0450811780359205, 
0.00836446370170093, 0.0556160024977681, 0.0149881201770061), 
    rand_var = c(3.35222154906228, 3.35222154906228, 3.35222154906228, 
    3.35222154906228), mean_rand = c(0.359570778642323, 0.359570778642323, 
    0.359570778642323, 0.359570778642323), sim_n = c(84L, 84L, 
    84L, 84L)), .Names = c("term", "coef", "p_value", "rand_var", 
"mean_rand", "sim_n"), class = c("tbl_df", "tbl", "data.frame"
), row.names = c(NA, -4L)), lasso_df = structure(list(var = c("maxima", 
"stretch", "x_max", "x_min"), mean = c(0.772423710484424, 0.111591479760155, 
0.310907078367116, -0.315024464294224), prop = c(0.1375, 0.17, 
0.015, 0.005), rand_var = c(3.35222154906228, 3.35222154906228, 
3.35222154906228, 3.35222154906228), mean_rand = c(0.359570778642323, 
0.359570778642323, 0.359570778642323, 0.359570778642323), sim_n = c(84L, 
84L, 84L, 84L)), .Names = c("var", "mean", "prop", "rand_var", 
"mean_rand", "sim_n"), class = c("tbl_df", "tbl", "data.frame"
), row.names = c(NA, -4L)), summ_stan_df = structure(list(shape1 = 5.40723636411317, 
    shape2 = 2.64763837897089, stretch = 4.99686604929931, x_min = -1.47877986695504, 
    x_max = 4.35701599684419, maxima = 3.30128259182258, rep = 84L), .Names = c("shape1", 
"shape2", "stretch", "x_min", "x_max", "maxima", "rep"), class = c("tbl_df", 
"tbl", "data.frame"), row.names = c(NA, -1L))), .Names = c("lm_df", 
"lasso_df", "summ_stan_df"))
run_x <-
structure(list(lm_df = structure(list(term = c("maxima_sc", "stretch_sc", 
"x_max_sc", "x_min_sc"), coef = c(0.0969624903356681, 0.0310548494557328, 
-0.0743474468612592, -0.0446550902795745), p_value = c(0.0450811780359205, 
0.00836446370170093, 0.0556160024977681, 0.0149881201770061), 
    rand_var = c(3.35222154906228, 3.35222154906228, 3.35222154906228, 
    3.35222154906228), mean_rand = c(0.359570778642323, 0.359570778642323, 
    0.359570778642323, 0.359570778642323), sim_n = c(84L, 84L, 
    84L, 84L)), .Names = c("term", "coef", "p_value", "rand_var", 
"mean_rand", "sim_n"), class = c("tbl_df", "tbl", "data.frame"
), row.names = c(NA, -4L)), lasso_df = structure(list(var = c("maxima", 
"stretch", "x_max", "x_min"), mean = c(0.772423710484424, 0.111591479760155, 
0.310907078367116, -0.315024464294224), prop = c(0.1375, 0.17, 
0.015, 0.005), rand_var = c(3.35222154906228, 3.35222154906228, 
3.35222154906228, 3.35222154906228), mean_rand = c(0.359570778642323, 
0.359570778642323, 0.359570778642323, 0.359570778642323), sim_n = c(84L, 
84L, 84L, 84L)), .Names = c("var", "mean", "prop", "rand_var", 
"mean_rand", "sim_n"), class = c("tbl_df", "tbl", "data.frame"
), row.names = c(NA, -4L)), summ_stan_df = structure(list(shape1 = 5.40723636411317, 
    shape2 = 2.64763837897089, stretch = 4.99686604929931, x_min = -1.47877986695504, 
    x_max = 4.35701599684419, maxima = 3.30128259182258, rep = 84L), .Names = c("shape1", 
"shape2", "stretch", "x_min", "x_max", "maxima", "rep"), class = c("tbl_df", 
"tbl", "data.frame"), row.names = c(NA, -1L))), .Names = c("lm_df", 
"lasso_df", "summ_stan_df"))
run_x <-
structure(list(lasso_df = structure(list(var = c("maxima", "stretch", 
"x_max", "x_min"), mean = c(0.867495679724533, 0.430431755293555, 
-0.909830665838827, -0.252301070629573), prop = c(0.0275, 0.185, 
0, 0.0075), rand_var = c(3.35222154906228, 3.35222154906228, 
3.35222154906228, 3.35222154906228), mean_rand = c(0.359570778642323, 
0.359570778642323, 0.359570778642323, 0.359570778642323), sim_n = c(84L, 
84L, 84L, 84L)), .Names = c("var", "mean", "prop", "rand_var", 
"mean_rand", "sim_n"), class = c("tbl_df", "tbl", "data.frame"
), row.names = c(NA, -4L)), lasso_depth = structure(list(draw = 1:400, 
    `(Intercept)` = c(-0.0250029963128821, -0.0228427232774388, 
    -0.0666130952380953, -0.0858681175253708, -0.0666130952380953, 
    -0.0666130952380953, -0.0666130952380953, -0.035776006136737, 
    -0.0753659919085092, -0.0361927940803674, -0.0606060363807159, 
    -0.0315660332342695, -0.0281782822008798, -0.0666130952380953, 
    -0.00268852299632957, -0.0666130952380953, -0.00568332425673106, 
    -0.0413833431135859, -0.0546312144473798, -0.0666130952380953, 
    -0.0666130952380953, -0.0279337024439362, -0.0666130952380953, 
    -0.0219897156591719, -0.0366888248937968, -0.0666130952380953, 
    -0.0287238539116617, -0.0666130952380953, -0.0666130952380953, 
    -0.0173063427136563, -0.0305523364137072, -0.0429430053855518, 
    0.00421572311483186, -0.0163799924758025, -0.0666130952380953, 
    -0.0497439120111855, -0.0754234269077683, -0.0666130952380953, 
    -0.0666130952380953, -0.0442144011313866, -0.0592835863671321, 
    0.00230425737730355, -0.0666130952380953, -0.0649695748535977, 
    -0.0835013201656847, -0.0666130952380953, -0.0221041734699814, 
    -0.0247069947214846, -0.0582396333236269, -0.0605014814669883, 
    -0.0666130952380953, -0.00720037691525965, -0.0666130952380953, 
    -0.0257245880244579, -0.237199106251155, -0.0619048185312516, 
    -0.0320632404585896, -0.0705801231847528, -0.0666130952380953, 
    -0.0666130952380953, -0.0666130952380953, -0.0437309425323666, 
    -0.112602980609099, -0.0666130952380953, -0.0772050189708264, 
    -0.0666130952380953, 0.0129059307606888, -0.0666130952380953, 
    -0.0666130952380953, -0.0666130952380953, -0.0666130952380953, 
    -0.0566526031420025, -0.0037437029007812, -0.00815119360320625, 
    -0.0336067058080993, -0.0666130952380953, -0.0666130952380953, 
    -0.00249845880479914, -0.0666130952380953, -0.0695081845843826, 
    -0.0765881573040048, -0.0322042138937829, -0.133170047263733, 
    -0.0666130952380953, -0.0812261012870424, -0.0465109768288682, 
    -0.0666130952380953, -0.0495350623437672, 0.0108639532973442, 
    -0.0666130952380953, -0.0665685422500137, -0.086048746357052, 
    -0.0310298430020162, 0.00599475006023301, -0.0666130952380953, 
    -0.0666130952380953, 0.00605114648291775, -0.105727109597109, 
    -0.0666130952380953, -0.0666130952380953, -0.0666130952380953, 
    -0.0180527359955072, -0.0666130952380953, -0.0666130952380953, 
    -0.0666130952380953, -0.0666130952380953, -0.0632325553720097, 
    -0.0666130952380953, -0.0666130952380953, -0.0295306645875642, 
    -0.0666130952380953, -0.0666130952380953, -0.0666130952380953, 
    -0.0666130952380953, -0.0666130952380953, -0.100874080081415, 
    -0.0666130952380953, -0.0666130952380953, -0.0666130952380953, 
    -0.0666130952380953, -0.0666130952380953, -0.0822819661980953, 
    -0.0666130952380953, -0.0666130952380953, -0.0666130952380953, 
    -0.0666130952380953, -0.0437270983472356, -0.0862330403251225, 
    -0.0666130952380953, -0.0666130952380953, -0.0582019102566905, 
    -0.0666130952380953, -0.0666130952380953, -0.0944783929756308, 
    -0.0283889802331934, -0.0666130952380953, -0.0666130952380953, 
    -0.0784592392398148, -0.0574062811112355, -0.0666130952380953, 
    -0.0666130952380953, -0.0666130952380953, 0.00500851101711386, 
    -0.0666130952380953, -0.0666130952380953, -0.0375371941903366, 
    -0.04092805366219, -0.0666130952380953, -0.0666130952380953, 
    -0.0583115442847623, -0.0919108041499009, -0.0627189202370772, 
    -0.0666130952380953, -0.0666130952380953, -0.0393124570386808, 
    -0.0666130952380953, -0.0666130952380953, -0.0666130952380953, 
    -0.0666130952380953, -0.0521431234753293, -0.0666130952380953, 
    -0.0666130952380953, -0.0666130952380953, -0.0666130952380953, 
    -0.072888009763396, -0.0737104699281411, -0.0666130952380953, 
    -0.024338616352772, -0.0517728433139767, -0.0666130952380953, 
    -0.0895281229735712, -0.0649122005225155, -0.0614020478541682, 
    -0.0666130952380953, -0.0528532060562516, -0.0671560037206063, 
    -0.0735823626770892, -0.0666130952380953, -0.0609186218202115, 
