run_x <-
structure(list(lm_df = structure(list(term = c("maxima_sc", "stretch_sc", 
"x_max_sc", "x_min_sc"), coef = c(-0.0522906113770286, 0.0331696995771363, 
0.0173795373775487, -0.0705605948265096), p_value = c(0.0521565929567332, 
0.062557431758785, 0.194138235338067, 0.00794574399196309), rand_var = c(3.46288656126394, 
3.46288656126394, 3.46288656126394, 3.46288656126394), mean_rand = c(-0.419643221034459, 
-0.419643221034459, -0.419643221034459, -0.419643221034459), 
    sim_n = c(88L, 88L, 88L, 88L)), .Names = c("term", "coef", 
"p_value", "rand_var", "mean_rand", "sim_n"), class = c("tbl_df", 
"tbl", "data.frame"), row.names = c(NA, -4L)), lasso_df = structure(list(
    var = c("maxima", "stretch", "x_max", "x_min"), mean = c(0.240793564522649, 
    0.0305883184567713, -0.0267017901369741, -0.21401087835304
    ), prop = c(0.2075, 0.13, 0.0975, 0.015), rand_var = c(3.46288656126394, 
    3.46288656126394, 3.46288656126394, 3.46288656126394), mean_rand = c(-0.419643221034459, 
    -0.419643221034459, -0.419643221034459, -0.419643221034459
    ), sim_n = c(88L, 88L, 88L, 88L)), .Names = c("var", "mean", 
"prop", "rand_var", "mean_rand", "sim_n"), class = c("tbl_df", 
"tbl", "data.frame"), row.names = c(NA, -4L)), summ_stan_df = structure(list(
    shape1 = 3.74141023354744, shape2 = 2.90697559187375, stretch = 4.4501741379828, 
    x_min = -0.635513242885304, x_max = 4.75595682286962, maxima = 3.24584177828259, 
    rep = 88L), .Names = c("shape1", "shape2", "stretch", "x_min", 
"x_max", "maxima", "rep"), class = c("tbl_df", "tbl", "data.frame"
), row.names = c(NA, -1L))), .Names = c("lm_df", "lasso_df", 
"summ_stan_df"))
run_x <-
structure(list(lm_df = structure(list(term = c("maxima_sc", "stretch_sc", 
"x_max_sc", "x_min_sc"), coef = c(-0.0522906113770286, 0.0331696995771363, 
0.0173795373775487, -0.0705605948265096), p_value = c(0.0521565929567332, 
0.062557431758785, 0.194138235338067, 0.00794574399196309), rand_var = c(3.46288656126394, 
3.46288656126394, 3.46288656126394, 3.46288656126394), mean_rand = c(-0.419643221034459, 
-0.419643221034459, -0.419643221034459, -0.419643221034459), 
    sim_n = c(88L, 88L, 88L, 88L)), .Names = c("term", "coef", 
"p_value", "rand_var", "mean_rand", "sim_n"), class = c("tbl_df", 
"tbl", "data.frame"), row.names = c(NA, -4L)), lasso_df = structure(list(
    var = c("maxima", "stretch", "x_max", "x_min"), mean = c(0.240793564522649, 
    0.0305883184567713, -0.0267017901369741, -0.21401087835304
    ), prop = c(0.2075, 0.13, 0.0975, 0.015), rand_var = c(3.46288656126394, 
    3.46288656126394, 3.46288656126394, 3.46288656126394), mean_rand = c(-0.419643221034459, 
    -0.419643221034459, -0.419643221034459, -0.419643221034459
    ), sim_n = c(88L, 88L, 88L, 88L)), .Names = c("var", "mean", 
"prop", "rand_var", "mean_rand", "sim_n"), class = c("tbl_df", 
"tbl", "data.frame"), row.names = c(NA, -4L)), summ_stan_df = structure(list(
    shape1 = 3.74141023354744, shape2 = 2.90697559187375, stretch = 4.4501741379828, 
    x_min = -0.635513242885304, x_max = 4.75595682286962, maxima = 3.24584177828259, 
    rep = 88L), .Names = c("shape1", "shape2", "stretch", "x_min", 
"x_max", "maxima", "rep"), class = c("tbl_df", "tbl", "data.frame"
), row.names = c(NA, -1L))), .Names = c("lm_df", "lasso_df", 
"summ_stan_df"))
