run_x <-
structure(list(lm_df = structure(list(term = c("maxima_sc", "stretch_sc", 
"x_max_sc", "x_min_sc"), coef = c(-0.05076985284314, 0.0613509566109398, 
0.0305332822301405, -0.0450135305433043), p_value = c(0.087256240382282, 
0.000529229573522692, 0.0592671023334818, 0.0132419882287471), 
    rand_var = c(1.65831820402892, 1.65831820402892, 1.65831820402892, 
    1.65831820402892), mean_rand = c(-0.159593306643788, -0.159593306643788, 
    -0.159593306643788, -0.159593306643788), sim_n = c(42L, 42L, 
    42L, 42L)), .Names = c("term", "coef", "p_value", "rand_var", 
"mean_rand", "sim_n"), class = c("tbl_df", "tbl", "data.frame"
), row.names = c(NA, -4L)), lasso_df = structure(list(var = c("maxima", 
"stretch", "x_max", "x_min"), mean = c(-0.113262585697928, 0.130690479697668, 
0.234868134463767, -0.01669757085735), prop = c(0.0375, 0.15, 
0.075, 0.01), rand_var = c(1.65831820402892, 1.65831820402892, 
1.65831820402892, 1.65831820402892), mean_rand = c(-0.159593306643788, 
-0.159593306643788, -0.159593306643788, -0.159593306643788), 
    sim_n = c(42L, 42L, 42L, 42L)), .Names = c("var", "mean", 
"prop", "rand_var", "mean_rand", "sim_n"), class = c("tbl_df", 
"tbl", "data.frame"), row.names = c(NA, -4L)), summ_stan_df = structure(list(
    shape1 = 3.95591508841152, shape2 = 2.96702183729109, stretch = 2.19833085983204, 
    x_min = -0.664411692241936, x_max = 4.74340726426439, maxima = 3.29566721490175, 
    rep = 42L), .Names = c("shape1", "shape2", "stretch", "x_min", 
"x_max", "maxima", "rep"), class = c("tbl_df", "tbl", "data.frame"
), row.names = c(NA, -1L))), .Names = c("lm_df", "lasso_df", 
"summ_stan_df"))
run_x <-
structure(list(lm_df = structure(list(term = c("maxima_sc", "stretch_sc", 
"x_max_sc", "x_min_sc"), coef = c(-0.05076985284314, 0.0613509566109398, 
0.0305332822301405, -0.0450135305433043), p_value = c(0.087256240382282, 
0.000529229573522692, 0.0592671023334818, 0.0132419882287471), 
    rand_var = c(1.65831820402892, 1.65831820402892, 1.65831820402892, 
    1.65831820402892), mean_rand = c(-0.159593306643788, -0.159593306643788, 
    -0.159593306643788, -0.159593306643788), sim_n = c(42L, 42L, 
    42L, 42L)), .Names = c("term", "coef", "p_value", "rand_var", 
"mean_rand", "sim_n"), class = c("tbl_df", "tbl", "data.frame"
), row.names = c(NA, -4L)), lasso_df = structure(list(var = c("maxima", 
"stretch", "x_max", "x_min"), mean = c(-0.113262585697928, 0.130690479697668, 
0.234868134463767, -0.01669757085735), prop = c(0.0375, 0.15, 
0.075, 0.01), rand_var = c(1.65831820402892, 1.65831820402892, 
1.65831820402892, 1.65831820402892), mean_rand = c(-0.159593306643788, 
-0.159593306643788, -0.159593306643788, -0.159593306643788), 
    sim_n = c(42L, 42L, 42L, 42L)), .Names = c("var", "mean", 
"prop", "rand_var", "mean_rand", "sim_n"), class = c("tbl_df", 
"tbl", "data.frame"), row.names = c(NA, -4L)), summ_stan_df = structure(list(
    shape1 = 3.95591508841152, shape2 = 2.96702183729109, stretch = 2.19833085983204, 
    x_min = -0.664411692241936, x_max = 4.74340726426439, maxima = 3.29566721490175, 
    rep = 42L), .Names = c("shape1", "shape2", "stretch", "x_min", 
"x_max", "maxima", "rep"), class = c("tbl_df", "tbl", "data.frame"
), row.names = c(NA, -1L))), .Names = c("lm_df", "lasso_df", 
"summ_stan_df"))
run_x <-
structure(list(lasso_df = structure(list(var = c("maxima", "stretch", 
"x_max", "x_min"), mean = c(-0.196517423518136, 0.19279253526357, 
0.352634299603571, 0.000617468615569822), prop = c(0.055, 0.22, 
0.06, 0.0225), rand_var = c(1.65831820402892, 1.65831820402892, 
1.65831820402892, 1.65831820402892), mean_rand = c(-0.159593306643788, 
-0.159593306643788, -0.159593306643788, -0.159593306643788), 
    sim_n = c(42L, 42L, 42L, 42L)), .Names = c("var", "mean", 
"prop", "rand_var", "mean_rand", "sim_n"), class = c("tbl_df", 
"tbl", "data.frame"), row.names = c(NA, -4L)), lasso_depth = structure(list(
    draw = 1:400, `(Intercept)` = c(-0.0570388642654338, -0.0666130952380953, 
    -0.0622529345967261, -0.0038727327084879, -0.0572435140013324, 
    -0.0742842756435176, -0.0666130952380953, -0.0520280519893262, 
    -0.0812922515024205, -0.0664031172810289, -0.0566207538372191, 
    -0.160738958927146, -0.0712606248482912, -0.103338410711727, 
    -0.115752792180029, -0.0589826966404208, -0.0726042868258578, 
    -0.113521820070876, -0.0483887213272216, -0.0412876880417312, 
    -0.0928629602634805, -0.121504210344117, -0.0666130952380953, 
    -0.0375538064978306, -0.0666130952380953, -0.0666130952380953, 
    -0.0254118478415155, -0.114618951742953, -0.0666130952380953, 
    -0.046760302879883, -0.0206262331760928, -0.0609079551464581, 
    -0.0488570618389338, -0.0666130952380953, -0.0744181888046546, 
    -0.0666130952380953, -0.0608908593072249, -0.0865450009532801, 
    -0.119837988241586, -0.0666130952380953, -0.0712077280928106, 
    -0.0666130952380953, -0.103248128519263, -0.00320399436027481, 
    -0.0694980565276748, -0.0681694032469586, -0.06172553993839, 
    -0.0631443000291244, -0.0666130952380953, -0.0604307886060743, 
    -0.00805725363113174, -0.0610106888918279, -0.0813262886384943, 
    -0.0706788109445677, -0.0202155766031794, 0.00318538186001285, 
    -0.0668761074999557, -0.0592454278349446, -0.0496546127823569, 
    -0.135439218833812, -0.0679514333172502, -0.0439733607609854, 
    -0.0792584997982296, -0.0638888858765758, -0.0666130952380953, 
    -0.0722489407944576, -0.0666130952380953, -0.0541913309966406, 
    -0.0666130952380953, -0.00872653673689562, -0.0513388445866263, 
    -0.0633447599197684, -0.0490986434742424, -0.0521779420464547, 
    -0.0666130952380953, -0.0666130952380953, -0.162820728935509, 
    -0.0586417849145676, -0.055765016742305, -0.0666130952380953, 
    -0.0631405998607736, -0.0666130952380953, -0.0375862361466045, 
    -0.0090510326067965, -0.105027480795692, -0.064515517050884, 
    -0.0574962509850232, -0.0666130952380953, -0.05017964938739, 
    -0.084293038921931, -0.0666130952380953, -0.0111228064262831, 
    -0.066354325067952, -0.0666130952380953, -0.0858855706027271, 
    -0.0621792540035571, -0.0424921999075071, -0.0102729188536523, 
    -0.0538835637292558, -0.0774604620760677, -0.0666130952380953, 
    -0.0688980877507007, -0.0626129875253617, -0.0674399426581596, 
    -0.0673584345454209, -0.0682474734032486, -0.0899202907228898, 
    -0.0629173142089226, -0.0866162018795679, -0.110405335369281, 
    -0.0617864088015285, -0.0666130952380953, -0.0661316162022706, 
    -0.0657076593351223, -0.0811526146509071, -0.066081375967796, 
    -0.0697650897547597, -0.077799327408853, -0.0698598749636768, 
    -0.0613994604604203, -0.0647845985934897, -0.0566061892485815, 
    -0.0764000480232245, -0.0726310711758442, -0.0666130952380953, 
    -0.0666130952380953, -0.0666130952380953, -0.0688997578940681, 
    -0.0356411575691381, -0.0666555610565821, -0.0627248034240114, 
    -0.0605719242530697, -0.0551176658069756, -0.0666130952380953, 
    -0.0666130952380953, -0.0666130952380953, -0.0612288581131023, 
    -0.0700583137867963, -0.0688397931352938, -0.0666130952380953, 
    -0.0691087538092438, -0.06991205442203, -0.0666130952380953, 
    -0.0523425707338014, -0.0486072221751272, -0.0666130952380953, 
    -0.071739872817559, -0.0589886128152076, -0.0727615338629982, 
    -0.0441045781433409, -0.0666130952380953, -0.0666130952380953, 
    -0.0637121936677281, -0.0439457942400142, -0.0689070539008154, 
    -0.0711927460449642, -0.0684983957884142, -0.0720662612336377, 
    -0.0872337626477285, -0.0665763404225012, -0.0620959096954214, 
    -0.0653320578112085, -0.0699874525105987, -0.0666130952380953, 
    -0.0703720926909541, -0.066938954469934, -0.0666130952380953, 
    -0.0666130952380953, -0.0743863634501254, -0.0606291661810361, 
    -0.0563133527399559, -0.0666130952380953, -0.0637525094755199, 
    -0.0614839822273511, -0.0686159634686003, -0.049904805203011, 
    -0.052099141969073, -0.0695555727237747, -0.0666130952380953, 
