run_x <-
structure(list(lm_df = structure(list(term = c("maxima_sc", "stretch_sc", 
"x_max_sc", "x_min_sc"), coef = c(-0.066186442823986, 0.0484351785455614, 
0.0266235023497973, -0.0514726794309058), p_value = c(0.0581760202087456, 
0.00666385151773746, 0.137133431758793, 0.00862050509396515), 
    rand_var = c(2.50763025259845, 2.50763025259845, 2.50763025259845, 
    2.50763025259845), mean_rand = c(-0.408814782569765, -0.408814782569765, 
    -0.408814782569765, -0.408814782569765), sim_n = c(63L, 63L, 
    63L, 63L)), .Names = c("term", "coef", "p_value", "rand_var", 
"mean_rand", "sim_n"), class = c("tbl_df", "tbl", "data.frame"
), row.names = c(NA, -4L)), lasso_df = structure(list(var = c("maxima", 
"stretch", "x_max", "x_min"), mean = c(0.00366357738033778, 0.115633141741008, 
-0.0114418171489379, -0.114313015825033), prop = c(0.06, 0.165, 
0.0575, 0.0025), rand_var = c(2.50763025259845, 2.50763025259845, 
2.50763025259845, 2.50763025259845), mean_rand = c(-0.408814782569765, 
-0.408814782569765, -0.408814782569765, -0.408814782569765), 
    sim_n = c(63L, 63L, 63L, 63L)), .Names = c("var", "mean", 
"prop", "rand_var", "mean_rand", "sim_n"), class = c("tbl_df", 
"tbl", "data.frame"), row.names = c(NA, -4L)), summ_stan_df = structure(list(
    shape1 = 3.74731904190987, shape2 = 3.43569606425104, stretch = 3.18427550916587, 
    x_min = -0.572409905028502, x_max = 4.8270642208016, maxima = 3.10679889219942, 
    rep = 63L), .Names = c("shape1", "shape2", "stretch", "x_min", 
"x_max", "maxima", "rep"), class = c("tbl_df", "tbl", "data.frame"
), row.names = c(NA, -1L))), .Names = c("lm_df", "lasso_df", 
"summ_stan_df"))
run_x <-
structure(list(lm_df = structure(list(term = c("maxima_sc", "stretch_sc", 
"x_max_sc", "x_min_sc"), coef = c(-0.066186442823986, 0.0484351785455614, 
0.0266235023497973, -0.0514726794309058), p_value = c(0.0581760202087456, 
0.00666385151773746, 0.137133431758793, 0.00862050509396515), 
    rand_var = c(2.50763025259845, 2.50763025259845, 2.50763025259845, 
    2.50763025259845), mean_rand = c(-0.408814782569765, -0.408814782569765, 
    -0.408814782569765, -0.408814782569765), sim_n = c(63L, 63L, 
    63L, 63L)), .Names = c("term", "coef", "p_value", "rand_var", 
"mean_rand", "sim_n"), class = c("tbl_df", "tbl", "data.frame"
), row.names = c(NA, -4L)), lasso_df = structure(list(var = c("maxima", 
"stretch", "x_max", "x_min"), mean = c(0.00366357738033778, 0.115633141741008, 
-0.0114418171489379, -0.114313015825033), prop = c(0.06, 0.165, 
0.0575, 0.0025), rand_var = c(2.50763025259845, 2.50763025259845, 
2.50763025259845, 2.50763025259845), mean_rand = c(-0.408814782569765, 
-0.408814782569765, -0.408814782569765, -0.408814782569765), 
    sim_n = c(63L, 63L, 63L, 63L)), .Names = c("var", "mean", 
"prop", "rand_var", "mean_rand", "sim_n"), class = c("tbl_df", 
"tbl", "data.frame"), row.names = c(NA, -4L)), summ_stan_df = structure(list(
    shape1 = 3.74731904190987, shape2 = 3.43569606425104, stretch = 3.18427550916587, 
    x_min = -0.572409905028502, x_max = 4.8270642208016, maxima = 3.10679889219942, 
    rep = 63L), .Names = c("shape1", "shape2", "stretch", "x_min", 
"x_max", "maxima", "rep"), class = c("tbl_df", "tbl", "data.frame"
), row.names = c(NA, -1L))), .Names = c("lm_df", "lasso_df", 
"summ_stan_df"))
run_x <-
structure(list(lasso_df = structure(list(var = c("maxima", "stretch", 
"x_max", "x_min"), mean = c(-0.0993972750369809, 0.182105598647626, 
0.0730861811440646, -0.130595012950021), prop = c(0.07, 0.1625, 
0.075, 0.005), rand_var = c(2.50763025259845, 2.50763025259845, 
2.50763025259845, 2.50763025259845), mean_rand = c(-0.408814782569765, 
-0.408814782569765, -0.408814782569765, -0.408814782569765), 
    sim_n = c(63L, 63L, 63L, 63L)), .Names = c("var", "mean", 
"prop", "rand_var", "mean_rand", "sim_n"), class = c("tbl_df", 
"tbl", "data.frame"), row.names = c(NA, -4L)), lasso_depth = structure(list(
    draw = 1:400, `(Intercept)` = c(-0.051236263400539, -0.0604696353981969, 
    -0.0666130952380953, -0.0688414044631287, -0.0666130952380953, 
    -0.0495823641796481, -0.0597106614547618, -0.0666130952380953, 
    -0.0666130952380953, -0.0666130952380953, -0.0494174143609358, 
    -0.0643957885880396, -0.0543046017243537, -0.0666130952380953, 
    -0.0537963253067372, -0.0215998723762453, -0.0666130952380953, 
    -0.0666130952380953, -0.0648637335558361, -0.0446119212274885, 
    -0.0578195976587695, -0.0666130952380953, -0.0568931473152, 
    -0.0624029936223327, -0.0596389507772126, -0.0272703665991645, 
    -0.0642871518700188, -0.0666130952380953, -0.0666130952380953, 
    -0.0647587374329926, -0.0666130952380953, -0.0454391587366075, 
    -0.0335960039758056, -0.0346014906680517, -0.0636197327518313, 
    -0.0639694707147674, -0.0222608772302973, -0.0666130952380953, 
    -0.0666130952380953, -0.0666130952380953, -0.0666130952380953, 
    -0.0666130952380953, -0.0572015109665083, -0.0666130952380953, 
    -0.0666130952380953, -0.0693940499506892, -0.0647400034662849, 
    -0.0666130952380953, -0.0666130952380953, -0.0872550904483557, 
    -0.0486332204284382, -0.0770348073425842, -0.0666130952380953, 
    -0.0666130952380953, -0.0766453130518618, -0.0666130952380953, 
    -0.0142303680201258, -0.0666130952380953, -0.0568750112325425, 
    -0.0604614836532733, -0.0666130952380953, -0.0676053486882751, 
    -0.0666130952380953, -0.0627188888630612, -0.0669022083489844, 
    -0.0666130952380953, -0.0666130952380953, -0.0406955778532284, 
    -0.0704603885014406, -0.020608033279545, -0.0666130952380953, 
    -0.0666130952380953, -0.0728925606138764, -0.0418262138701751, 
    -0.0543890100922319, -0.0485106390845873, -0.0532099598692252, 
    -0.067508803169274, -0.0666130952380953, -0.0666130952380953, 
    -0.0766471254469361, -0.06892128997184, -0.0389946387624879, 
    -0.0684549178765066, -0.0700180516103095, -0.0666130952380953, 
    -0.0666130952380953, -0.0640529669348865, -0.0697741949687751, 
    -0.0487264639296096, -0.0466390411530557, -0.0246087246368332, 
    -0.0666130952380953, -0.0636074884524069, -0.0306665461512828, 
    -0.0535038029576313, -0.0681975477504676, -0.090692147153386, 
    -0.0489432283466596, -0.109807325248909, -0.0666130952380953, 
    -0.0866247485809516, -0.0666130952380953, -0.0219211880991736, 
    -0.0666130952380953, -0.0666130952380953, -0.059382470221887, 
    -0.0628618347841267, -0.0793613914477977, -0.0651153275609179, 
    -0.0474612660575877, -0.0666130952380953, -0.0666130952380953, 
    -0.0666130952380953, -0.0685852690232893, -0.0666130952380953, 
    -0.05627076204261, -0.0516547462608835, -0.0666130952380953, 
    -0.0666130952380953, -0.0427717855766429, -0.0666130952380953, 
    -0.050213151909368, -0.0469677814705665, -0.0666130952380953, 
    -0.0354420094317221, -0.0631316966841172, -0.0750925164518038, 
    -0.0864249321252232, -0.057843163983549, -0.0666130952380953, 
    -0.0188694043073057, -0.0368049819186202, -0.0751675649166306, 
    -0.0426707833105055, -0.0643842638071844, -0.0698265544528731, 
    -0.0676188789716864, -0.0493249910970812, -0.0531214638783995, 
    -0.0496087196072489, -0.0666130952380953, -0.0666130952380953, 
    -0.0624745075845446, -0.0342478080150707, -0.0815944090653086, 
    -0.0666130952380953, -0.0412006730752621, -0.0763215736522373, 
    -0.0590495637893066, -0.0666130952380953, -0.0666130952380953, 
    -0.0326484375066359, -0.0497933894659118, -0.0909703720016392, 
    -0.0474745582791896, -0.0852691513372143, -0.104088766042308, 
    -0.0666130952380953, -0.0811279061857064, -0.0259119196729795, 
    -0.0666130952380953, -0.0632009818353816, -0.0666130952380953, 
    -0.0666130952380953, -0.0591830051276222, -0.0116387778277146, 
    -0.0557140775974766, -0.0909184579344483, -0.0666130952380953, 
    -0.0503150117097929, -0.0564870804893171, -0.0713601755676912, 
    -0.0666130952380953, -0.0713915710462321, -0.0587120199322573, 
    -0.0435706706330832, -0.0524795471952344, -0.0656135953566219, 
