run_x <-
structure(list(lm_df = structure(list(term = c("maxima_sc", "stretch_sc", 
"x_max_sc", "x_min_sc"), coef = c(-0.0553194288811984, 0.040701690324729, 
0.0179033773926178, -0.0215839429391565), p_value = c(0.0822190177764223, 
0.0453581721408923, 0.192598543113007, 0.0889089339215476), rand_var = c(3.99998663917421, 
3.99998663917421, 3.99998663917421, 3.99998663917421), mean_rand = c(-0.999998747417497, 
-0.999998747417497, -0.999998747417497, -0.999998747417497), 
    sim_n = c(98L, 98L, 98L, 98L)), .Names = c("term", "coef", 
"p_value", "rand_var", "mean_rand", "sim_n"), class = c("tbl_df", 
"tbl", "data.frame"), row.names = c(NA, -4L)), lasso_df = structure(list(
    var = c("maxima", "stretch", "x_max", "x_min"), mean = c(-0.227283891750961, 
    0.140772738433673, 0.0483378264984195, -0.277665752909166
    ), prop = c(0.01, 0.16, 0.0375, 0.03), rand_var = c(3.99998663917421, 
    3.99998663917421, 3.99998663917421, 3.99998663917421), mean_rand = c(-0.999998747417497, 
    -0.999998747417497, -0.999998747417497, -0.999998747417497
    ), sim_n = c(98L, 98L, 98L, 98L)), .Names = c("var", "mean", 
"prop", "rand_var", "mean_rand", "sim_n"), class = c("tbl_df", 
"tbl", "data.frame"), row.names = c(NA, -4L)), summ_stan_df = structure(list(
    shape1 = 4.18880105000503, shape2 = 4.51758683207328, stretch = 1.46816354057431, 
    x_min = -1.04289640200548, x_max = 3.74769475438785, maxima = 2.07896508525153, 
    rep = 98L), .Names = c("shape1", "shape2", "stretch", "x_min", 
"x_max", "maxima", "rep"), class = c("tbl_df", "tbl", "data.frame"
), row.names = c(NA, -1L))), .Names = c("lm_df", "lasso_df", 
"summ_stan_df"))
run_x <-
structure(list(lm_df = structure(list(term = c("maxima_sc", "stretch_sc", 
"x_max_sc", "x_min_sc"), coef = c(-0.0553194288811984, 0.040701690324729, 
0.0179033773926178, -0.0215839429391565), p_value = c(0.0822190177764223, 
0.0453581721408923, 0.192598543113007, 0.0889089339215476), rand_var = c(3.99998663917421, 
3.99998663917421, 3.99998663917421, 3.99998663917421), mean_rand = c(-0.999998747417497, 
-0.999998747417497, -0.999998747417497, -0.999998747417497), 
    sim_n = c(98L, 98L, 98L, 98L)), .Names = c("term", "coef", 
"p_value", "rand_var", "mean_rand", "sim_n"), class = c("tbl_df", 
"tbl", "data.frame"), row.names = c(NA, -4L)), lasso_df = structure(list(
    var = c("maxima", "stretch", "x_max", "x_min"), mean = c(-0.227283891750961, 
    0.140772738433673, 0.0483378264984194, -0.277665752909166
    ), prop = c(0.01, 0.16, 0.0375, 0.03), rand_var = c(3.99998663917421, 
    3.99998663917421, 3.99998663917421, 3.99998663917421), mean_rand = c(-0.999998747417497, 
    -0.999998747417497, -0.999998747417497, -0.999998747417497
    ), sim_n = c(98L, 98L, 98L, 98L)), .Names = c("var", "mean", 
"prop", "rand_var", "mean_rand", "sim_n"), class = c("tbl_df", 
"tbl", "data.frame"), row.names = c(NA, -4L)), summ_stan_df = structure(list(
    shape1 = 4.18880105000503, shape2 = 4.51758683207328, stretch = 1.46816354057431, 
    x_min = -1.04289640200548, x_max = 3.74769475438785, maxima = 2.07896508525153, 
    rep = 98L), .Names = c("shape1", "shape2", "stretch", "x_min", 
"x_max", "maxima", "rep"), class = c("tbl_df", "tbl", "data.frame"
), row.names = c(NA, -1L))), .Names = c("lm_df", "lasso_df", 
"summ_stan_df"))
run_x <-
structure(list(lasso_df = structure(list(var = c("maxima", "stretch", 
"x_max", "x_min"), mean = c(-0.588282876030131, 0.228136539215872, 
0.181291758674383, -0.0505390079395592), prop = c(0.01, 0.165, 
0.0775, 0.065), rand_var = c(3.99998663917421, 3.99998663917421, 
3.99998663917421, 3.99998663917421), mean_rand = c(-0.999998747417497, 
-0.999998747417497, -0.999998747417497, -0.999998747417497), 
    sim_n = c(98L, 98L, 98L, 98L)), .Names = c("var", "mean", 
"prop", "rand_var", "mean_rand", "sim_n"), class = c("tbl_df", 
"tbl", "data.frame"), row.names = c(NA, -4L)), lasso_depth = structure(list(
    draw = 1:400, `(Intercept)` = c(-0.0568364746784688, -0.0247068105080116, 
    -0.0666130952380953, -0.0259601609959201, -0.0666130952380953, 
    -0.0316973202520082, -0.0358575763670758, -0.0518866570891764, 
    -0.111765768549361, -0.072796363541642, -0.0371982805066615, 
    -0.0666130952380953, -0.049782628198076, -0.0666130952380953, 
    -0.0460537527974237, -0.0548378587585419, -0.0666130952380953, 
    -0.0666130952380953, -0.100640840708538, -0.0597796917450475, 
    -0.0732753484785886, -0.0459846545477785, -0.111937509843084, 
    -0.0507900753344749, -0.0584204566809475, -0.0666130952380953, 
    -0.0338690549237866, -0.0635949242228279, -0.0666130952380953, 
    -0.0562872398246998, -0.0380720259637153, -0.0446412182263744, 
    -0.0407797088187029, -0.0583108950708264, -0.0394562391348764, 
    -0.031457070930164, -0.0661281790778497, -0.0666130952380953, 
    -0.0666130952380953, -0.0508857245625886, -0.0701903005749123, 
    -0.0666130952380953, -0.0666130952380953, -0.0516706175326969, 
    -0.0666130952380953, -0.04647066072023, -0.0542270190149535, 
    -0.0666130952380953, -0.0502611985129783, -0.073739738011135, 
    -0.0301127052804969, -0.085266614855363, -0.0380494087723352, 
    -0.0627356360619643, -0.0666130952380953, -0.0746896991687179, 
    -0.0666130952380953, -0.0666130952380953, -0.0334476947439849, 
    -0.047663275850746, -0.0457947079079153, -0.0934495837824466, 
    -0.0589751677269233, -0.0666130952380953, -0.0579218305894155, 
    -0.0586948258725977, 0.0865865345785121, -0.0604772160193535, 
    -0.0666130952380953, -0.0666130952380953, -0.0666130952380953, 
    -0.0495656575585439, -0.0642809478890087, -0.0728148335781858, 
    -0.0648997281767782, -0.00931873003993313, -0.0436921047620065, 
    -0.0516980391511628, -0.100273577713432, -0.0666130952380953, 
    -0.0442517287274845, -0.0666130952380953, -0.0642560503995764, 
    -0.033833143243601, -0.0481304422783681, -0.0666130952380953, 
    -0.0541030095971609, -0.100349704049048, 0.00631339063791542, 
    -0.0449152947868149, 0.0226995460781919, -0.0666130952380953, 
    -0.0666130952380953, -0.0251744990446007, -0.0666130952380953, 
    -0.0276255524227993, -0.0450800969587445, -0.0630894600150516, 
    -0.0608496780992657, -0.0666130952380953, -0.0666130952380953, 
    -0.0544992467863511, -0.0666130952380953, -0.0666130952380953, 
    -0.0735570896065043, -0.0666130952380953, -0.0540472909359287, 
    -0.0333533138621497, -0.0435884085178411, -0.053500882914274, 
    -0.0666130952380953, -0.0666130952380953, -0.0802855262829114, 
    -0.0499597965093201, -0.0650311142807765, -0.0666130952380953, 
    -0.0551111355732189, -0.0622361772766709, -0.0508266306076123, 
    -0.0666130952380953, -0.0697708358186498, -0.0615974100414545, 
    -0.0260407302885802, -0.0666130952380953, -0.0393373658079024, 
    -0.059466310993621, -0.0714030966406326, -0.0635703767226291, 
    -0.0666130952380953, -0.0422451821193452, -0.0604209774934042, 
    -0.0495068645653001, -0.0756539404821849, -0.0666130952380953, 
    -0.0666130952380953, -0.0544726572875537, -0.05694192934936, 
    -0.0374762091372883, -0.0346614762769591, -0.0857498799449432, 
    -0.0514402598612577, -0.0470497551631023, -0.0666130952380953, 
    -0.0666130952380953, -0.053267615988382, -0.0338836351818869, 
    -0.176532659037362, -0.0832719822071426, -0.0223526207166803, 
    -0.0503724091345283, -0.0666130952380953, -0.0222803890758476, 
    -0.0527085999338808, -0.0666130952380953, -0.0666130952380953, 
    -0.0650317534944659, -0.0666130952380953, -0.0557887131073299, 
    -0.0666130952380953, -0.0693741133130542, -0.0643665827711871, 
    -0.0666130952380953, -0.0442792443536852, -0.0666130952380953, 
    -0.0666130952380953, -0.0666130952380953, -0.0666130952380953, 
    -0.0317912566787879, -0.0132966468566534, -0.0642356263937788, 
    -0.073567529678387, -0.0451339434100759, -0.0666130952380953, 
    -0.039876992923242, -0.0666130952380953, 0.00546996310026186, 
    -0.0211598121871138, -0.0666130952380953, -0.0386391141924504, 
