run_x <-
structure(list(lm_df = structure(list(term = c("maxima_sc", "stretch_sc", 
"x_max_sc", "x_min_sc"), coef = c(0.0223890940071047, 0.062210371865745, 
-0.0317964402332633, -0.0170316342579573), p_value = c(0.16450396799724, 
0.00163823965461963, 0.193285118522987, 0.262193786492498), rand_var = c(2.83162043860327, 
2.83162043860327, 2.83162043860327, 2.83162043860327), mean_rand = c(-1.03223916815296, 
-1.03223916815296, -1.03223916815296, -1.03223916815296), sim_n = c(71L, 
71L, 71L, 71L)), .Names = c("term", "coef", "p_value", "rand_var", 
"mean_rand", "sim_n"), class = c("tbl_df", "tbl", "data.frame"
), row.names = c(NA, -4L)), lasso_df = structure(list(var = c("maxima", 
"stretch", "x_max", "x_min"), mean = c(0.0994839963870794, 0.654361968733854, 
-0.185947383408032, 0.132904159372715), prop = c(0.0925, 0.52, 
0.0125, 0.145), rand_var = c(2.83162043860327, 2.83162043860327, 
2.83162043860327, 2.83162043860327), mean_rand = c(-1.03223916815296, 
-1.03223916815296, -1.03223916815296, -1.03223916815296), sim_n = c(71L, 
71L, 71L, 71L)), .Names = c("var", "mean", "prop", "rand_var", 
"mean_rand", "sim_n"), class = c("tbl_df", "tbl", "data.frame"
), row.names = c(NA, -4L)), summ_stan_df = structure(list(shape1 = 3.26394135073198, 
    shape2 = 5.04869946624134, stretch = 0.81707340456441, x_min = 0.403979827514081, 
    x_max = 2.0348031149887, maxima = 1.30308660222154, rep = 71L), .Names = c("shape1", 
"shape2", "stretch", "x_min", "x_max", "maxima", "rep"), class = c("tbl_df", 
"tbl", "data.frame"), row.names = c(NA, -1L))), .Names = c("lm_df", 
"lasso_df", "summ_stan_df"))
run_x <-
structure(list(lm_df = structure(list(term = c("maxima_sc", "stretch_sc", 
"x_max_sc", "x_min_sc"), coef = c(0.0223890940071047, 0.062210371865745, 
-0.0317964402332633, -0.0170316342579573), p_value = c(0.16450396799724, 
0.00163823965461963, 0.193285118522987, 0.262193786492498), rand_var = c(2.83162043860327, 
2.83162043860327, 2.83162043860327, 2.83162043860327), mean_rand = c(-1.03223916815296, 
-1.03223916815296, -1.03223916815296, -1.03223916815296), sim_n = c(71L, 
71L, 71L, 71L)), .Names = c("term", "coef", "p_value", "rand_var", 
"mean_rand", "sim_n"), class = c("tbl_df", "tbl", "data.frame"
), row.names = c(NA, -4L)), lasso_df = structure(list(var = c("maxima", 
"stretch", "x_max", "x_min"), mean = c(0.0994839963870794, 0.654361968733854, 
-0.185947383408032, 0.132904159372715), prop = c(0.0925, 0.52, 
0.0125, 0.145), rand_var = c(2.83162043860327, 2.83162043860327, 
2.83162043860327, 2.83162043860327), mean_rand = c(-1.03223916815296, 
-1.03223916815296, -1.03223916815296, -1.03223916815296), sim_n = c(71L, 
71L, 71L, 71L)), .Names = c("var", "mean", "prop", "rand_var", 
"mean_rand", "sim_n"), class = c("tbl_df", "tbl", "data.frame"
), row.names = c(NA, -4L)), summ_stan_df = structure(list(shape1 = 3.26394135073198, 
    shape2 = 5.04869946624134, stretch = 0.81707340456441, x_min = 0.403979827514081, 
    x_max = 2.0348031149887, maxima = 1.30308660222154, rep = 71L), .Names = c("shape1", 
"shape2", "stretch", "x_min", "x_max", "maxima", "rep"), class = c("tbl_df", 
"tbl", "data.frame"), row.names = c(NA, -1L))), .Names = c("lm_df", 
"lasso_df", "summ_stan_df"))
run_x <-
structure(list(lasso_df = structure(list(var = c("maxima", "stretch", 
"x_max", "x_min"), mean = c(0.281796925025617, 0.655708841928684, 
-0.503904061885506, -0.047101008855796), prop = c(0.12, 0.5125, 
0.0025, 0.12), rand_var = c(2.83162043860327, 2.83162043860327, 
2.83162043860327, 2.83162043860327), mean_rand = c(-1.03223916815296, 
-1.03223916815296, -1.03223916815296, -1.03223916815296), sim_n = c(71L, 
71L, 71L, 71L)), .Names = c("var", "mean", "prop", "rand_var", 
"mean_rand", "sim_n"), class = c("tbl_df", "tbl", "data.frame"
), row.names = c(NA, -4L)), lasso_depth = structure(list(draw = 1:400, 
    `(Intercept)` = c(-0.0551708556584787, -0.0707660367003502, 
    -0.0634151410411579, -0.0671067339094342, -0.0575563261012274, 
    -0.0609806300756707, -0.0690970493940218, -0.0616878936952272, 
    -0.0565045189914784, -0.0585127776468727, -0.0680504394899679, 
    -0.066801218232483, -0.0589317647831468, -0.0603985874194735, 
    -0.0713664247298493, -0.0700413195098988, -0.0578491702540652, 
    -0.0543689291645622, -0.0531094268976282, -0.0628197513799405, 
    -0.0590697409194892, -0.0504626940694014, -0.0695466083600405, 
    -0.0711747020960599, -0.0646160647864356, -0.0666130952380953, 
    -0.0649441856913119, -0.0627101774229696, -0.0669568793248444, 
    -0.0580242581199414, -0.0578951314654276, -0.051689376760516, 
    -0.0512501220079013, -0.0637048466322086, -0.05749477951483, 
    -0.0606294569472597, -0.0534925908595567, -0.0519511464018532, 
    -0.0693802284145679, -0.074026127694139, -0.0741350099443235, 
    -0.0687771898469225, -0.0544235121600892, -0.0569048288680818, 
    -0.0707275377645001, -0.0687078726844983, -0.0510447693902536, 
    -0.068834542728891, -0.0630319802555257, -0.0666130952380953, 
    -0.0617836538316934, -0.0598671615802622, -0.0563934235787665, 
    -0.0542012947604404, -0.0735829768611916, -0.0514060817241986, 
    -0.0687755917089089, -0.0453824146492382, -0.0508956383421344, 
    -0.0540156407679538, -0.0481941799201569, -0.0754080446887569, 
    -0.0590902136566205, -0.062874461317101, -0.0604268579405239, 
    -0.064553638667479, -0.0754573673573979, -0.0648820993001238, 
    -0.0531629375536023, -0.0552514473726144, -0.0732302898693431, 
    -0.0670655940850236, -0.0505847978781814, -0.0666130952380953, 
    -0.0731252854362208, -0.0552532143456411, -0.0471605123537658, 
    -0.0467044818178052, -0.0606612276356627, -0.0607074152174873, 
    -0.0670919103002665, -0.0659038290214799, -0.0615362105302914, 
    -0.0780825666062347, -0.0538993327112739, -0.0660166013804992, 
    -0.0848581400166055, -0.0656459148202342, -0.068257727764873, 
    -0.0707886043051503, -0.0756938584346211, -0.0669747184595759, 
    -0.0669348266539823, -0.0571882565882079, -0.0649843378445782, 
    -0.07097005280669, -0.0538790709914236, -0.0687505579397279, 
    -0.0694577256519124, -0.0609340306540042, -0.0675820576057572, 
    -0.0542194288599727, -0.0666130952380953, -0.0647571159590468, 
    -0.0690031714966951, -0.0664309140216794, -0.0511084501146796, 
    -0.0666130952380953, -0.0701241764852219, -0.0638254516980984, 
    -0.0633185843037604, -0.0587088424550788, -0.0637234441647496, 
    -0.0605913869999272, -0.06271916912942, -0.0633815855535038, 
    -0.0709059824248477, -0.0666130952380953, -0.0657290382717603, 
    -0.0568379241133864, -0.057447661427501, -0.0577149116180469, 
    -0.0709438741485303, -0.0976980282209897, -0.0650658133484043, 
    -0.0540964669063148, -0.0633704437252711, -0.0671529037969516, 
    -0.0761183441426408, -0.0737352937490463, -0.0607981488828957, 
    -0.0595965816463332, -0.0490623432891589, -0.0549969292653536, 
    -0.0759941966662993, -0.059934322627314, -0.0482140609322463, 
    -0.0662179855298603, -0.0689728550698373, -0.0630319181573579, 
    -0.0618007399383267, -0.0695007504290837, -0.0671680109981173, 
    -0.0626110298604192, -0.060937260316931, -0.0623260668532161, 
    -0.0567987150469501, -0.05712552089615, -0.0775267693891207, 
    -0.0475234987922671, -0.0650342299359117, -0.0763004343071549, 
    -0.0442437556663035, -0.0583877525072522, -0.0698598371313502, 
    -0.0773340442637834, -0.0699210982891191, -0.0573597374154647, 
    -0.0706681157605109, -0.0557182369126744, -0.053936431646009, 
    -0.0598629542656088, -0.0656696671464301, -0.0717712522091343, 
    -0.0302992778140339, -0.0386359893772448, -0.0497512277898373, 
    -0.0639386615824721, -0.0619607042921459, -0.0701255287832091, 
    -0.0487520763080991, -0.0582360148624976, -0.0616040331612766, 
    -0.0666130952380953, -0.0687814657155614, -0.0666130952380953, 
    -0.0613663411729065, -0.0679947406733773, -0.0695181721627915, 
    -0.0672692120044005, -0.0540289388904139, -0.0587654030905966, 
