run_x <-
structure(list(lm_df = structure(list(term = c("maxima_sc", "stretch_sc", 
"x_max_sc", "x_min_sc"), coef = c(-0.0566547440520388, 0.0582591217912648, 
0.0235869430454718, -0.0298269244966952), p_value = c(0.124482927965619, 
0.00107380508355467, 0.159532060475476, 0.042913334176303), rand_var = c(1.93913467067454, 
1.93913467067454, 1.93913467067454, 1.93913467067454), mean_rand = c(-0.266917592047174, 
-0.266917592047174, -0.266917592047174, -0.266917592047174), 
    sim_n = c(49L, 49L, 49L, 49L)), .Names = c("term", "coef", 
"p_value", "rand_var", "mean_rand", "sim_n"), class = c("tbl_df", 
"tbl", "data.frame"), row.names = c(NA, -4L)), lasso_df = structure(list(
    var = c("maxima", "stretch", "x_max", "x_min"), mean = c(-0.109225134665088, 
    0.205536302734377, -0.00680648716503173, -0.092031633650829
    ), prop = c(0.02, 0.255, 0.0175, 0.005), rand_var = c(1.93913467067454, 
    1.93913467067454, 1.93913467067454, 1.93913467067454), mean_rand = c(-0.266917592047174, 
    -0.266917592047174, -0.266917592047174, -0.266917592047174
    ), sim_n = c(49L, 49L, 49L, 49L)), .Names = c("var", "mean", 
"prop", "rand_var", "mean_rand", "sim_n"), class = c("tbl_df", 
"tbl", "data.frame"), row.names = c(NA, -4L)), summ_stan_df = structure(list(
    shape1 = 4.12766957624942, shape2 = 2.96042633714743, stretch = 2.63507398994899, 
    x_min = -0.838888662550843, x_max = 4.72611414826887, maxima = 3.27645104264003, 
    rep = 49L), .Names = c("shape1", "shape2", "stretch", "x_min", 
"x_max", "maxima", "rep"), class = c("tbl_df", "tbl", "data.frame"
), row.names = c(NA, -1L))), .Names = c("lm_df", "lasso_df", 
"summ_stan_df"))
run_x <-
structure(list(lm_df = structure(list(term = c("maxima_sc", "stretch_sc", 
"x_max_sc", "x_min_sc"), coef = c(-0.0566547440520388, 0.0582591217912648, 
0.0235869430454718, -0.0298269244966952), p_value = c(0.124482927965619, 
0.00107380508355467, 0.159532060475476, 0.042913334176303), rand_var = c(1.93913467067454, 
1.93913467067454, 1.93913467067454, 1.93913467067454), mean_rand = c(-0.266917592047174, 
-0.266917592047174, -0.266917592047174, -0.266917592047174), 
    sim_n = c(49L, 49L, 49L, 49L)), .Names = c("term", "coef", 
"p_value", "rand_var", "mean_rand", "sim_n"), class = c("tbl_df", 
"tbl", "data.frame"), row.names = c(NA, -4L)), lasso_df = structure(list(
    var = c("maxima", "stretch", "x_max", "x_min"), mean = c(-0.109225134665088, 
    0.205536302734377, -0.00680648716503173, -0.092031633650829
    ), prop = c(0.02, 0.255, 0.0175, 0.005), rand_var = c(1.93913467067454, 
    1.93913467067454, 1.93913467067454, 1.93913467067454), mean_rand = c(-0.266917592047174, 
    -0.266917592047174, -0.266917592047174, -0.266917592047174
    ), sim_n = c(49L, 49L, 49L, 49L)), .Names = c("var", "mean", 
"prop", "rand_var", "mean_rand", "sim_n"), class = c("tbl_df", 
"tbl", "data.frame"), row.names = c(NA, -4L)), summ_stan_df = structure(list(
    shape1 = 4.12766957624942, shape2 = 2.96042633714743, stretch = 2.63507398994899, 
    x_min = -0.838888662550843, x_max = 4.72611414826887, maxima = 3.27645104264003, 
    rep = 49L), .Names = c("shape1", "shape2", "stretch", "x_min", 
"x_max", "maxima", "rep"), class = c("tbl_df", "tbl", "data.frame"
), row.names = c(NA, -1L))), .Names = c("lm_df", "lasso_df", 
"summ_stan_df"))
run_x <-
structure(list(lasso_df = structure(list(var = c("maxima", "stretch", 
"x_max", "x_min"), mean = c(-0.247016619542334, 0.253996507889646, 
0.444492870963225, -0.0422723233848375), prop = c(0.0475, 0.28, 
0.075, 0.0425), rand_var = c(1.93913467067454, 1.93913467067454, 
1.93913467067454, 1.93913467067454), mean_rand = c(-0.266917592047174, 
-0.266917592047174, -0.266917592047174, -0.266917592047174), 
    sim_n = c(49L, 49L, 49L, 49L)), .Names = c("var", "mean", 
"prop", "rand_var", "mean_rand", "sim_n"), class = c("tbl_df", 
"tbl", "data.frame"), row.names = c(NA, -4L)), lasso_depth = structure(list(
    draw = 1:400, `(Intercept)` = c(-0.062515630782163, -0.0666130952380953, 
    -0.041453170469796, -0.074810412735832, -0.0632997264507689, 
    -0.0651003338918355, -0.0666130952380953, -0.0674982247726248, 
    -0.0781248419693204, -0.0718236704708775, -0.0666130952380953, 
    -0.0722792334091215, -0.0741704120612578, -0.0358341829759794, 
    -0.084440364365547, -0.0485336388991747, -0.050543183426081, 
    -0.0602771496847402, -0.0502165096226498, -0.0898007835386991, 
    -0.0847637739817952, -0.0497899304690827, -0.0666130952380953, 
    -0.0669329522012884, -0.0666130952380953, -0.0666130952380953, 
    -0.0526282079617315, -0.0655193110237116, -0.0666130952380953, 
    -0.0603624899723052, -0.0765518887841331, -0.0584012228616421, 
    -0.0547892731416523, -0.0707745622367992, -0.0968590502012669, 
    -0.0666130952380953, -0.0732894515288854, -0.0523425250572862, 
    -0.047773671745717, -0.0712004255928695, -0.0666130952380953, 
    -0.0806534532928998, -0.0507685499023285, -0.0585744301392159, 
    -0.0666130952380953, -0.0571452402351532, -0.0811006039877973, 
    -0.0635511887423252, -0.051469771910915, -0.0538750768451714, 
    -0.0666130952380953, 0.0330248493613239, -0.0685122810689205, 
    -0.116482461087095, -0.0666130952380953, -0.0723177187439104, 
    -0.0671699777525929, -0.0666130952380953, -0.0666130952380953, 
    -0.0625732189530019, -0.0817954947580551, -0.0666130952380953, 
    -0.0749642202969891, -0.0756349451343906, -0.0666130952380953, 
    -0.0666130952380953, -0.0674850259476296, -0.052116858537402, 
    -0.0687067697951926, -0.0435714301247666, -0.0727161211999608, 
    -0.066343470952156, -0.0612036197553739, -0.0849588332843758, 
    -0.0590770660306728, -0.102378244034297, -0.0666130952380953, 
    -0.0594458922060387, -0.106138019464615, -0.0435447456179706, 
    -0.050243728596078, -0.0666130952380953, -0.0704137929074177, 
    -0.0476555076903462, -0.0675281415324833, -0.0591724386645283, 
    -0.0666130952380953, -0.0647057831923409, -0.0666130952380953, 
    -0.0518610539279039, -0.0666130952380953, -0.0666130952380953, 
    -0.0491675320268627, -0.0795213024456312, -0.112732358757651, 
    -0.0693236047820435, -0.053348706956835, -0.0588230369856695, 
    -0.0666130952380953, -0.0746431163824876, -0.0411088086868849, 
    -0.0783169952828899, -0.0768989118189235, -0.0627873737121487, 
    -0.0697497233072865, -0.0666130952380953, -0.0441840480245118, 
    -0.0534686536908528, -0.0707830658772754, -0.0828163901288688, 
    -0.0666130952380953, -0.0672668471955028, -0.0616847589943015, 
    -0.0689177867755339, -0.0693480179580101, -0.0577983362799251, 
    -0.0800507635821557, -0.0656008880486542, -0.0489038420228142, 
    -0.0512122140192339, -0.0835531544959777, -0.0779081187689879, 
    -0.0528352499212511, -0.0687081466384128, -0.0563690511325557, 
    -0.0518911064021323, -0.0569976347617918, -0.0568520862834127, 
    -0.0571431068303973, -0.0833934741322495, -0.0670651206072625, 
    -0.0570581819983652, -0.0245236955247984, -0.069235388881872, 
    -0.0715540661044891, -0.0371939722054604, -0.0666130952380953, 
    -0.0627275737229977, -0.0651043656022587, -0.0453242862355512, 
    -0.0509999014973195, -0.0666202250095559, -0.0439645540124178, 
    -0.0827026314560594, -0.0759276399095268, -0.0849331243078724, 
    -0.0666130952380953, -0.0666130952380953, -0.0864421511206801, 
    -0.0352835873868342, -0.0426865467063214, -0.0436133462576013, 
    -0.0299737792950659, -0.0725106651091394, -0.0684011699230872, 
    -0.0635937162651126, -0.0425100062238476, -0.100579459133974, 
    -0.0663756154941542, -0.0361184759735679, -0.0576943520610033, 
    -0.0607729860197689, -0.0914046536679711, -0.0666130952380953, 
    -0.0725129512362497, -0.0604932948569631, -0.0696095583343984, 
    -0.0518357061981395, -0.0753348639006322, -0.0692546694992605, 
    -0.0527896182111259, -0.0666130952380953, -0.0378538954818877, 
    -0.0612201858323039, -0.0769634870387348, -0.0396089791653944, 
