run_x <-
structure(list(lm_df = structure(list(term = c("maxima_sc", "stretch_sc", 
"x_max_sc", "x_min_sc"), coef = c(0.0356962114075501, 0.0719708790612232, 
-0.0325753272836686, -0.0122530575936195), p_value = c(0.0479400544123994, 
0.00327350576944217, 0.0779970816903068, 0.229098513073031), 
    rand_var = c(0.608332585920277, 0.608332585920277, 0.608332585920277, 
    0.608332585920277), mean_rand = c(-0.404083398459334, -0.404083398459334, 
    -0.404083398459334, -0.404083398459334), sim_n = c(16L, 16L, 
    16L, 16L)), .Names = c("term", "coef", "p_value", "rand_var", 
"mean_rand", "sim_n"), class = c("tbl_df", "tbl", "data.frame"
), row.names = c(NA, -4L)), lasso_df = structure(list(var = c("maxima", 
"stretch", "x_max", "x_min"), mean = c(0.227180022118456, 0.438268590768657, 
-0.514406053752191, -0.289316061981199), prop = c(0.0775, 0.25, 
0.0025, 0.015), rand_var = c(0.608332585920277, 0.608332585920277, 
0.608332585920277, 0.608332585920277), mean_rand = c(-0.404083398459334, 
-0.404083398459334, -0.404083398459334, -0.404083398459334), 
    sim_n = c(16L, 16L, 16L, 16L)), .Names = c("var", "mean", 
"prop", "rand_var", "mean_rand", "sim_n"), class = c("tbl_df", 
"tbl", "data.frame"), row.names = c(NA, -4L)), summ_stan_df = structure(list(
    shape1 = 3.58342088727389, shape2 = 4.35487232419341, stretch = 0.776390515836625, 
    x_min = -0.377957296977164, x_max = 3.89406141013729, maxima = 2.1769126232892, 
    rep = 16L), .Names = c("shape1", "shape2", "stretch", "x_min", 
"x_max", "maxima", "rep"), class = c("tbl_df", "tbl", "data.frame"
), row.names = c(NA, -1L))), .Names = c("lm_df", "lasso_df", 
"summ_stan_df"))
run_x <-
structure(list(lm_df = structure(list(term = c("maxima_sc", "stretch_sc", 
"x_max_sc", "x_min_sc"), coef = c(0.0356962114075501, 0.0719708790612232, 
-0.0325753272836686, -0.0122530575936195), p_value = c(0.0479400544123994, 
0.00327350576944217, 0.0779970816903068, 0.229098513073031), 
    rand_var = c(0.608332585920277, 0.608332585920277, 0.608332585920277, 
    0.608332585920277), mean_rand = c(-0.404083398459334, -0.404083398459334, 
    -0.404083398459334, -0.404083398459334), sim_n = c(16L, 16L, 
    16L, 16L)), .Names = c("term", "coef", "p_value", "rand_var", 
"mean_rand", "sim_n"), class = c("tbl_df", "tbl", "data.frame"
), row.names = c(NA, -4L)), lasso_df = structure(list(var = c("maxima", 
"stretch", "x_max", "x_min"), mean = c(0.227180022118456, 0.438268590768657, 
-0.514406053752191, -0.289316061981199), prop = c(0.0775, 0.25, 
0.0025, 0.015), rand_var = c(0.608332585920277, 0.608332585920277, 
0.608332585920277, 0.608332585920277), mean_rand = c(-0.404083398459334, 
-0.404083398459334, -0.404083398459334, -0.404083398459334), 
    sim_n = c(16L, 16L, 16L, 16L)), .Names = c("var", "mean", 
"prop", "rand_var", "mean_rand", "sim_n"), class = c("tbl_df", 
"tbl", "data.frame"), row.names = c(NA, -4L)), summ_stan_df = structure(list(
    shape1 = 3.58342088727389, shape2 = 4.35487232419341, stretch = 0.776390515836625, 
    x_min = -0.377957296977164, x_max = 3.89406141013729, maxima = 2.1769126232892, 
    rep = 16L), .Names = c("shape1", "shape2", "stretch", "x_min", 
"x_max", "maxima", "rep"), class = c("tbl_df", "tbl", "data.frame"
), row.names = c(NA, -1L))), .Names = c("lm_df", "lasso_df", 
"summ_stan_df"))
run_x <-
structure(list(lasso_df = structure(list(var = c("maxima", "stretch", 
"x_max", "x_min"), mean = c(0.133687484055626, 0.347120189173566, 
-0.418871012599257, -0.149551413994546), prop = c(0.08, 0.2425, 
0, 0.0325), rand_var = c(0.608332585920277, 0.608332585920277, 
0.608332585920277, 0.608332585920277), mean_rand = c(-0.404083398459334, 
-0.404083398459334, -0.404083398459334, -0.404083398459334), 
    sim_n = c(16L, 16L, 16L, 16L)), .Names = c("var", "mean", 
"prop", "rand_var", "mean_rand", "sim_n"), class = c("tbl_df", 
"tbl", "data.frame"), row.names = c(NA, -4L)), lasso_depth = structure(list(
    draw = 1:400, `(Intercept)` = c(-0.0646193488247605, -0.0622963827695419, 
    -0.0562843986897625, -0.0548455675089944, -0.0653491624732218, 
    -0.0528736970841043, -0.0261453232683924, -0.0529972499918992, 
    -0.0765987442308562, -0.0516183438243924, -0.0734924763369895, 
    -0.064111017187723, -0.0476129506549433, -0.0730982394000495, 
    -0.0704047897845285, -0.0526972067480833, -0.0685924228508536, 
    -0.0648042465405735, -0.0453562865339503, -0.0718291491840856, 
    -0.0489752409154788, -0.0494214094285081, -0.0697824797968759, 
    -0.0478317030707343, -0.0644081749011586, -0.0554518066319273, 
    -0.0496121485291583, -0.0757399559095635, -0.0457412975357072, 
    -0.0707590111483416, -0.0484682534225651, -0.0388526389053544, 
    -0.0666130952380953, -0.0707634178171004, -0.048473153129, 
    -0.0479590092694807, -0.0424587452774965, -0.0686974439751451, 
    -0.0544914294605382, -0.0160340474558752, -0.0668083744690901, 
    -0.0596452439926446, -0.053430772807043, -0.0387282316533532, 
    -0.0754375175883843, -0.0713682838743114, -0.0401487468177216, 
    -0.066449443910477, -0.0563580196620485, -0.0588012420573802, 
    -0.0585888596432697, -0.0643127164574517, -0.0795262542768858, 
    -0.0604721202239093, -0.0537960567953114, -0.0644973528156501, 
    -0.07109592611737, -0.0610704246259361, -0.0598390535640856, 
    -0.0576466545677859, -0.060079879970633, -0.0739019750519143, 
    -0.0586106721456601, -0.0597289817919184, -0.0573484903195339, 
    -0.1151158807578, -0.0604738439132214, -0.0552234213387637, 
    -0.062422790631169, -0.0642040810525814, -0.0588653452344023, 
    -0.0722733063456704, -0.0547482870753412, -0.04843697007225, 
    -0.0978303684036845, -0.0513310631419712, -0.062870195447506, 
    -0.0529242611699245, -0.065092014570497, -0.0776111035918691, 
    -0.0210916444470812, -0.0539693882947997, -0.0619412151470344, 
    -0.0754171197435377, -0.0285901699349549, -0.0645680244623099, 
    -0.0627772234605925, -0.067911926772136, -0.0607046076360517, 
    -0.0686192978260337, -0.0628865620921645, -0.0676210469610226, 
    -0.0610890651818347, -0.0661662111838419, -0.0730866234822736, 
    -0.0534434189217287, -0.0617542187672092, -0.0646944391308809, 
    -0.0678718111726386, -0.0659738442687025, -0.0604996141475404, 
    -0.0704661863930113, -0.0631492973902216, -0.0962823394020064, 
    -0.0669886234756356, -0.0607998256193548, -0.0523945364264696, 
    -0.0720725398574406, -0.0645004478617021, -0.0508236299902141, 
    -0.059177905473088, -0.0439737737570384, -0.0685188576699335, 
    -0.110775606365001, -0.0497407107907894, -0.0420750307615905, 
    -0.0605500897218395, -0.0929036191330463, -0.0655275027826885, 
    -0.0550851642922373, -0.0508410599280031, -0.0710566831921592, 
    -0.0531466716711202, -0.0643326625725025, -0.0943720131330358, 
    -0.0629279653365617, -0.0672706775261556, -0.0648051022737911, 
    -0.0518198155569986, -0.062803813952197, -0.0594593443401834, 
    -0.0659131267864952, -0.049128855370016, -0.058250132923419, 
    -0.0555577685602283, -0.0690829231131746, -0.050603807309039, 
    -0.051799196389894, -0.0734610897918206, -0.0648035552230831, 
    -0.0371336738251089, -0.0486696051891092, -0.0840965100235689, 
    -0.0822020567378258, -0.0584144532562814, -0.0523374219728309, 
    -0.0537469343156528, -0.0501540984978497, -0.0744487741040397, 
    -0.0615457938687969, -0.0520542430410953, -0.0682396915685562, 
    -0.073411703655483, -0.0572021511625021, -0.0632128861861121, 
    -0.0682314727401169, -0.0628399142963863, -0.056952941347124, 
    -0.0660130502551274, -0.0829912914946957, -0.0541480548398677, 
    -0.0377329301351356, -0.0839122422612824, -0.0577313710982097, 
    -0.0566413683678051, -0.0655746218569305, -0.0823791371904938, 
    -0.0539670208202541, -0.0610693228036082, -0.071517128177287, 
    -0.0492657719008982, -0.0518298556157624, -0.0815946118480083, 
    -0.0652772401070323, -0.0631113336946055, -0.0738795534688069, 
    -0.0638828348423363, -0.0658394581403992, -0.0657943473043768, 
