run_x <-
structure(list(lm_df = structure(list(term = c("maxima_sc", "stretch_sc", 
"x_max_sc", "x_min_sc"), coef = c(-0.0415409384672291, 0.0595574142944227, 
0.0311571935434138, -0.0263768168455692), p_value = c(0.121705661663103, 
0.00284606336687938, 0.0891204342509283, 0.0933744290121181), 
    rand_var = c(0.971776741917159, 0.971776741917159, 0.971776741917159, 
    0.971776741917159), mean_rand = c(-0.248865838738622, -0.248865838738622, 
    -0.248865838738622, -0.248865838738622), sim_n = c(25L, 25L, 
    25L, 25L)), .Names = c("term", "coef", "p_value", "rand_var", 
"mean_rand", "sim_n"), class = c("tbl_df", "tbl", "data.frame"
), row.names = c(NA, -4L)), lasso_df = structure(list(var = c("maxima", 
"stretch", "x_max", "x_min"), mean = c(0.0142218041572879, 0.105163394411813, 
-0.0384941268612358, -0.0501067287485345), prop = c(0.045, 0.1575, 
0.035, 0.0125), rand_var = c(0.971776741917159, 0.971776741917159, 
0.971776741917159, 0.971776741917159), mean_rand = c(-0.248865838738622, 
-0.248865838738622, -0.248865838738622, -0.248865838738622), 
    sim_n = c(25L, 25L, 25L, 25L)), .Names = c("var", "mean", 
"prop", "rand_var", "mean_rand", "sim_n"), class = c("tbl_df", 
"tbl", "data.frame"), row.names = c(NA, -4L)), summ_stan_df = structure(list(
    shape1 = 3.64136881056143, shape2 = 3.45066363623829, stretch = 1.63493287990629, 
    x_min = -0.627206244757221, x_max = 4.67185296048211, maxima = 2.9228533626367, 
    rep = 25L), .Names = c("shape1", "shape2", "stretch", "x_min", 
"x_max", "maxima", "rep"), class = c("tbl_df", "tbl", "data.frame"
), row.names = c(NA, -1L))), .Names = c("lm_df", "lasso_df", 
"summ_stan_df"))
run_x <-
structure(list(lm_df = structure(list(term = c("maxima_sc", "stretch_sc", 
"x_max_sc", "x_min_sc"), coef = c(-0.0415409384672291, 0.0595574142944227, 
0.0311571935434138, -0.0263768168455692), p_value = c(0.121705661663103, 
0.00284606336687938, 0.0891204342509283, 0.0933744290121181), 
    rand_var = c(0.971776741917159, 0.971776741917159, 0.971776741917159, 
    0.971776741917159), mean_rand = c(-0.248865838738622, -0.248865838738622, 
    -0.248865838738622, -0.248865838738622), sim_n = c(25L, 25L, 
    25L, 25L)), .Names = c("term", "coef", "p_value", "rand_var", 
"mean_rand", "sim_n"), class = c("tbl_df", "tbl", "data.frame"
), row.names = c(NA, -4L)), lasso_df = structure(list(var = c("maxima", 
"stretch", "x_max", "x_min"), mean = c(0.0142218041572879, 0.105163394411813, 
-0.0384941268612358, -0.0501067287485345), prop = c(0.045, 0.1575, 
0.035, 0.0125), rand_var = c(0.971776741917159, 0.971776741917159, 
0.971776741917159, 0.971776741917159), mean_rand = c(-0.248865838738622, 
-0.248865838738622, -0.248865838738622, -0.248865838738622), 
    sim_n = c(25L, 25L, 25L, 25L)), .Names = c("var", "mean", 
"prop", "rand_var", "mean_rand", "sim_n"), class = c("tbl_df", 
"tbl", "data.frame"), row.names = c(NA, -4L)), summ_stan_df = structure(list(
    shape1 = 3.64136881056143, shape2 = 3.45066363623829, stretch = 1.63493287990629, 
    x_min = -0.627206244757221, x_max = 4.67185296048211, maxima = 2.9228533626367, 
    rep = 25L), .Names = c("shape1", "shape2", "stretch", "x_min", 
"x_max", "maxima", "rep"), class = c("tbl_df", "tbl", "data.frame"
), row.names = c(NA, -1L))), .Names = c("lm_df", "lasso_df", 
"summ_stan_df"))
run_x <-
structure(list(lasso_df = structure(list(var = c("maxima", "stretch", 
"x_max", "x_min"), mean = c(0.00920674691035665, 0.067573343481679, 
-0.00312693419126888, -0.0387781083564917), prop = c(0.0175, 
0.115, 0.02, 0.0075), rand_var = c(0.971776741917159, 0.971776741917159, 
0.971776741917159, 0.971776741917159), mean_rand = c(-0.248865838738622, 
-0.248865838738622, -0.248865838738622, -0.248865838738622), 
    sim_n = c(25L, 25L, 25L, 25L)), .Names = c("var", "mean", 
"prop", "rand_var", "mean_rand", "sim_n"), class = c("tbl_df", 
"tbl", "data.frame"), row.names = c(NA, -4L)), lasso_depth = structure(list(
    draw = 1:400, `(Intercept)` = c(-0.06052986611548, -0.0697691306684252, 
    -0.057710617027441, -0.0666130952380953, -0.0682944008662774, 
    -0.0311547857778224, -0.0402001596245793, -0.0526698925169825, 
    -0.0666130952380953, -0.125139731350387, -0.0675271521945989, 
    -0.0666130952380953, -0.0602126665047142, -0.0666130952380953, 
    -0.0726250562461832, -0.0808437375619817, -0.111627654579783, 
    -0.0666130952380953, -0.0647675094406031, -0.0665492098713601, 
    -0.0476946152071658, -0.059868605667944, -0.0663250015148436, 
    -0.0560409659482474, -0.071224809971075, -0.0658022673679646, 
    -0.0630782375430149, -0.0626953370786017, -0.0680876673243809, 
    -0.0666130952380953, -0.0744027640502294, -0.0548420580416867, 
    -0.0666130952380953, -0.0666130952380953, -0.0666130952380953, 
    -0.0676983176710435, -0.0666130952380953, -0.0813650567793911, 
    -0.0713109578530982, -0.0666130952380953, -0.0666130952380953, 
    -0.0666130952380953, -0.0691682131816505, -0.0666130952380953, 
    -0.0668950927190537, -0.0200513477882555, -0.0726093432735959, 
    -0.0809871224776099, -0.0666130952380953, -0.0666130952380953, 
    -0.0606378546246402, -0.0706094283196113, -0.0630949062851435, 
    -0.0666130952380953, -0.0752991824632852, -0.0626059580690509, 
    -0.0454467042041494, -0.05705681347677, -0.0633271920343642, 
    -0.0598849098982983, -0.0658441020000087, -0.0587286010796142, 
    -0.0577140281920765, -0.0571676242810265, -0.0566464821082312, 
    -0.0614500679911408, -0.0518608149710369, -0.048189946743306, 
    -0.0444475541658763, -0.0666130952380953, -0.0770655317973499, 
    -0.0491077235631713, -0.0773861116738466, -0.0541808065128734, 
    -0.046481886648127, -0.0681439194562593, -0.0531218171012943, 
    -0.0498627025432656, -0.0597446666118585, -0.0524603819509952, 
    -0.0666130952380953, -0.0617146976988371, -0.0898702489775643, 
    -0.0670069956679204, -0.0806419864556189, -0.0676519982404629, 
    -0.083598658823891, -0.0564317291503135, -0.0666130952380953, 
    -0.0673232278847546, -0.0666130952380953, -0.0407073666974814, 
    -0.0558667253046305, -0.107544211114162, -0.0565684839517104, 
    -0.0666130952380953, -0.0622065870015777, -0.0666130952380953, 
    -0.0489380464766264, -0.0666130952380953, -0.0792771656308219, 
    -0.0666130952380953, -0.0732353929814176, -0.0666130952380953, 
    -0.0821987493621493, -0.0666130952380953, -0.0666130952380953, 
    -0.0666130952380953, -0.0494983378138674, -0.0619759467615233, 
    -0.0859701228626445, -0.0666130952380953, -0.048135840766861, 
    -0.0721740336342466, -0.0636753141512312, -0.0571266675564081, 
    -0.0666130952380953, -0.0612006383414495, -0.0788117624120465, 
    -0.0800295584616162, -0.0450749284989326, -0.0616569914152819, 
    -0.0690749313882286, -0.0812234598627519, -0.0666130952380953, 
    -0.0519695397552303, -0.0686485618619382, -0.0964960909500256, 
    -0.0562991708435405, -0.065694779271476, -0.0500772996705884, 
    -0.0691759181379259, -0.0666282166169084, -0.0941364136251659, 
    -0.0501495887209194, -0.0666130952380953, -0.0595961577126851, 
    -0.0619698692032513, -0.0697015987153327, -0.0667740616074518, 
    -0.0781851800105674, -0.0666130952380953, -0.0605210609833262, 
    -0.0685598360026437, -0.0666130952380953, -0.0531429756168236, 
    -0.0666130952380953, -0.0666130952380953, -0.0666130952380953, 
    -0.0666130952380953, -0.0758376769718207, -0.0563284961383108, 
    -0.0894593891981488, -0.0679022286002106, -0.0663941077298677, 
    -0.0666130952380953, -0.0666130952380953, -0.0560134436795022, 
    -0.0906835110160192, -0.0666130952380953, -0.0666130952380953, 
    -0.0515106297640519, -0.0590181933515696, -0.0631706641659702, 
    -0.0543454342834911, -0.0539638983880085, -0.0763600915132976, 
    -0.0414318724686241, -0.0493882673603436, -0.0602971508893622, 
    -0.0641351171551683, -0.117016234657213, -0.0666130952380953, 
    -0.00271743651532619, -0.0635299524268839, -0.0935195218306606, 
