run_x <-
structure(list(lm_df = structure(list(term = c("maxima_sc", "stretch_sc", 
"x_max_sc", "x_min_sc"), coef = c(0.0925697624423058, 0.0793290729899168, 
0.0256241598899792, -0.0288504227453132), p_value = c(0.0279364216053104, 
0.00475905975288081, 0.175167713967894, 0.0671441443486522), 
    rand_var = c(2.22232177025144, 2.22232177025144, 2.22232177025144, 
    2.22232177025144), mean_rand = c(0.953914324661483, 0.953914324661483, 
    0.953914324661483, 0.953914324661483), sim_n = c(56L, 56L, 
    56L, 56L)), .Names = c("term", "coef", "p_value", "rand_var", 
"mean_rand", "sim_n"), class = c("tbl_df", "tbl", "data.frame"
), row.names = c(NA, -4L)), lasso_df = structure(list(var = c("maxima", 
"stretch", "x_max", "x_min"), mean = c(0.211069648753009, 0.0883391210178734, 
-0.160651099076968, -0.298790233910743), prop = c(0.045, 0.1575, 
0, 0.005), rand_var = c(2.22232177025144, 2.22232177025144, 2.22232177025144, 
2.22232177025144), mean_rand = c(0.953914324661483, 0.953914324661483, 
0.953914324661483, 0.953914324661483), sim_n = c(56L, 56L, 56L, 
56L)), .Names = c("var", "mean", "prop", "rand_var", "mean_rand", 
"sim_n"), class = c("tbl_df", "tbl", "data.frame"), row.names = c(NA, 
-4L)), summ_stan_df = structure(list(shape1 = 3.34260774972454, 
    shape2 = 3.01311676925801, stretch = 1.03216392301901, x_min = 0.385576028592196, 
    x_max = 5.53796900468713, maxima = 3.59720520062341, rep = 56L), .Names = c("shape1", 
"shape2", "stretch", "x_min", "x_max", "maxima", "rep"), class = c("tbl_df", 
"tbl", "data.frame"), row.names = c(NA, -1L))), .Names = c("lm_df", 
"lasso_df", "summ_stan_df"))
