run_x <-
structure(list(lm_df = structure(list(term = c("maxima_sc", "stretch_sc", 
"x_max_sc", "x_min_sc"), coef = c(0.0907206344847055, 0.0176173428391394, 
-0.0909349344780066, -0.0225780191376861), p_value = c(0.182922204843192, 
0.0537186152785337, 0.196112814241409, 0.0204218771582626), rand_var = c(3.63656868779691, 
3.63656868779691, 3.63656868779691, 3.63656868779691), mean_rand = c(1.13795012731102, 
1.13795012731102, 1.13795012731102, 1.13795012731102), sim_n = c(91L, 
91L, 91L, 91L)), .Names = c("term", "coef", "p_value", "rand_var", 
"mean_rand", "sim_n"), class = c("tbl_df", "tbl", "data.frame"
), row.names = c(NA, -4L)), lasso_df = structure(list(var = c("maxima", 
"stretch", "x_max", "x_min"), mean = c(-0.452353246739921, 0.0194236089756363, 
0.497956424575738, -0.0809980803082674), prop = c(0.0375, 0.1075, 
0.035, 0.04), rand_var = c(3.63656868779691, 3.63656868779691, 
3.63656868779691, 3.63656868779691), mean_rand = c(1.13795012731102, 
1.13795012731102, 1.13795012731102, 1.13795012731102), sim_n = c(91L, 
91L, 91L, 91L)), .Names = c("var", "mean", "prop", "rand_var", 
"mean_rand", "sim_n"), class = c("tbl_df", "tbl", "data.frame"
), row.names = c(NA, -4L)), summ_stan_df = structure(list(shape1 = 4.42688911605951, 
    shape2 = 3.53511045304494, stretch = 2.6637990119064, x_min = -0.345345767404682, 
    x_max = 2.93652553367528, maxima = 2.09858617519533, rep = 91L), .Names = c("shape1", 
"shape2", "stretch", "x_min", "x_max", "maxima", "rep"), class = c("tbl_df", 
"tbl", "data.frame"), row.names = c(NA, -1L))), .Names = c("lm_df", 
"lasso_df", "summ_stan_df"))
run_x <-
structure(list(lm_df = structure(list(term = c("maxima_sc", "stretch_sc", 
"x_max_sc", "x_min_sc"), coef = c(0.0907206344847055, 0.0176173428391394, 
-0.0909349344780066, -0.0225780191376861), p_value = c(0.182922204843192, 
0.0537186152785337, 0.196112814241409, 0.0204218771582626), rand_var = c(3.63656868779691, 
3.63656868779691, 3.63656868779691, 3.63656868779691), mean_rand = c(1.13795012731102, 
1.13795012731102, 1.13795012731102, 1.13795012731102), sim_n = c(91L, 
91L, 91L, 91L)), .Names = c("term", "coef", "p_value", "rand_var", 
"mean_rand", "sim_n"), class = c("tbl_df", "tbl", "data.frame"
), row.names = c(NA, -4L)), lasso_df = structure(list(var = c("maxima", 
"stretch", "x_max", "x_min"), mean = c(-0.452353246739921, 0.0194236089756363, 
0.497956424575738, -0.0809980803082674), prop = c(0.0375, 0.1075, 
0.035, 0.04), rand_var = c(3.63656868779691, 3.63656868779691, 
3.63656868779691, 3.63656868779691), mean_rand = c(1.13795012731102, 
1.13795012731102, 1.13795012731102, 1.13795012731102), sim_n = c(91L, 
91L, 91L, 91L)), .Names = c("var", "mean", "prop", "rand_var", 
"mean_rand", "sim_n"), class = c("tbl_df", "tbl", "data.frame"
), row.names = c(NA, -4L)), summ_stan_df = structure(list(shape1 = 4.42688911605951, 
    shape2 = 3.53511045304494, stretch = 2.6637990119064, x_min = -0.345345767404682, 
    x_max = 2.93652553367528, maxima = 2.09858617519533, rep = 91L), .Names = c("shape1", 
"shape2", "stretch", "x_min", "x_max", "maxima", "rep"), class = c("tbl_df", 
"tbl", "data.frame"), row.names = c(NA, -1L))), .Names = c("lm_df", 
"lasso_df", "summ_stan_df"))
run_x <-
structure(list(lasso_df = structure(list(var = c("maxima", "stretch", 
"x_max", "x_min"), mean = c(1.8656873499696, -0.0714075408849001, 
-1.32022790480751, -0.422211933380199), prop = c(0.4975, 0.1425, 
0.0125, 0.0025), rand_var = c(3.63656868779691, 3.63656868779691, 
3.63656868779691, 3.63656868779691), mean_rand = c(1.13795012731102, 
1.13795012731102, 1.13795012731102, 1.13795012731102), sim_n = c(91L, 
91L, 91L, 91L)), .Names = c("var", "mean", "prop", "rand_var", 
"mean_rand", "sim_n"), class = c("tbl_df", "tbl", "data.frame"
), row.names = c(NA, -4L)), lasso_depth = structure(list(draw = 1:400, 
    `(Intercept)` = c(-0.0666130952380953, -0.0666130952380953, 
    -0.0645218907904064, -0.0666130952380953, -0.0666130952380953, 
    -0.125850865331362, -0.0666130952380953, -0.0666130952380953, 
    -0.0666130952380953, -0.0666130952380953, -0.0666130952380953, 
    -0.0666130952380953, -0.0666130952380953, -0.0666130952380953, 
    -0.19888320213751, -0.0764797522044541, 0.0774617302269696, 
    -0.0666130952380953, -0.0666130952380953, -0.0666130952380953, 
    0.000251106950650892, -0.0846618602593014, -0.185874806740127, 
    -0.0666130952380953, -0.0950745272557819, -0.0217498408208762, 
    -0.150523824186631, -0.0296989229483113, -0.0666130952380953, 
    -0.0666130952380953, -0.0705139156101438, -0.0217543852913072, 
    -0.0666130952380953, 0.0921289391818876, -0.155818197629502, 
    -0.0666130952380953, -0.0666130952380953, -0.0666130952380953, 
    -0.0666130952380953, -0.0666130952380953, -0.0230877821016257, 
    -0.0666130952380953, -0.191948742292095, -0.0666130952380953, 
    -0.0666130952380953, -0.0527811027772861, -0.0666130952380953, 
    -0.0666130952380953, -0.0666130952380953, -0.058608072083831, 
    -0.171607998505744, -0.0666130952380953, -0.0958712327331935, 
    -0.0821869951765054, -0.0527859066075071, 0.0372730908713304, 
    -0.0666130952380953, -0.081495789608093, -0.0666130952380953, 
    -0.475657317666864, -0.0666130952380953, -0.0666130952380953, 
    -0.0666130952380953, -0.0666130952380953, -0.0666130952380953, 
    -0.0666130952380953, -0.132946913975854, -0.0613935115436824, 
    -0.0573455342997565, -0.0666130952380953, -0.0666130952380953, 
    -0.0666130952380953, -0.0666130952380953, -0.0666130952380953, 
    -0.0666130952380953, -0.0666130952380953, -0.145960965596048, 
    -0.0666130952380953, -0.0666130952380953, -0.59417300952865, 
    -0.0666130952380953, -0.19982252552476, -0.0666130952380953, 
    -0.0666130952380953, -0.0666130952380953, -0.183661938074604, 
    -0.0666130952380953, -0.0666130952380953, -0.167697094252203, 
    -0.248502603720927, -0.0666130952380953, -0.0154008214762429, 
    -0.500302526303128, -0.127285863313886, -0.00116511645124105, 
    -0.0666130952380953, -0.0666130952380953, 0.0281047954778769, 
    -0.0666130952380953, -0.0666130952380953, -0.0666130952380953, 
    -0.0930151210633682, -0.0648535189224994, -0.0666130952380953, 
    -0.0666130952380953, -0.0666130952380953, -0.0783064129843682, 
    -0.0666130952380953, -0.0680472178681811, -0.0666130952380953, 
    -0.0666130952380953, -0.0789948492869684, -0.106544043780191, 
    -0.0666130952380953, -0.105176311832057, -0.092389805792608, 
    -0.0666130952380953, -0.0666130952380953, -0.0763862708465958, 
    -0.0666130952380953, -0.0666130952380953, -0.0991658978184576, 
    -0.0666130952380953, -0.0696562590003835, -0.0976013253761286, 
    -0.0912866050923081, -0.0666130952380953, -0.0666130952380953, 
    -0.0998826602654366, -0.0672708277358568, -0.0666130952380953, 
    -0.0955787426799497, -0.0666130952380953, -0.0889331648810455, 
    -0.0666130952380953, -0.0666130952380953, -0.0991648629625022, 
    -0.0666130952380953, -0.0719893070448761, -0.0986131753173923, 
    -0.102562667153959, -0.0666130952380953, -0.0666130952380953, 
    -0.0666130952380953, -0.0666130952380953, -0.0666130952380953, 
    -0.0599065759800002, -0.0666130952380953, -0.0666130952380953, 
    -0.0938685767747419, -0.0666130952380953, -0.152265524991718, 
    -0.0963891397330268, -0.0666130952380953, -0.0666130952380953, 
    -0.0704245895734085, -0.0652014976057933, -0.0770000789908792, 
    -0.0654549571236047, -0.0666130952380953, -0.0666130952380953, 
    -0.0832232624030516, -0.0666130952380953, -0.0791082959198775, 
    -0.0910157626648291, -0.0666130952380953, -0.0906507186009391, 
    -0.0962650901616123, -0.0644144653231178, -0.0666130952380953, 
    -0.0904378858642158, -0.0939087772593192, -0.0833364940352853, 
    -0.0666130952380953, -0.0666130952380953, -0.0666130952380953, 
    -0.103013254883888, -0.0960855208134126, -0.0735288275345905, 
    -0.0964018154583448, -0.100562932314483, -0.0697980171754089, 
