run_x <-
structure(list(lm_df = structure(list(term = c("maxima_sc", "stretch_sc", 
"x_max_sc", "x_min_sc"), coef = c(0.0907206344847055, 0.0176173428391394, 
-0.0909349344780066, -0.0225780191376861), p_value = c(0.182922204843192, 
0.0537186152785337, 0.196112814241409, 0.0204218771582626), rand_var = c(3.63656868779691, 
3.63656868779691, 3.63656868779691, 3.63656868779691), mean_rand = c(1.13795012731102, 
1.13795012731102, 1.13795012731102, 1.13795012731102), sim_n = c(91L, 
91L, 91L, 91L)), .Names = c("term", "coef", "p_value", "rand_var", 
"mean_rand", "sim_n"), class = c("tbl_df", "tbl", "data.frame"
), row.names = c(NA, -4L)), lasso_df = structure(list(var = c("maxima", 
"stretch", "x_max", "x_min"), mean = c(-0.452353246739921, 0.0194236089756363, 
0.497956424575738, -0.0809980803082674), prop = c(0.0375, 0.1075, 
0.035, 0.04), rand_var = c(3.63656868779691, 3.63656868779691, 
3.63656868779691, 3.63656868779691), mean_rand = c(1.13795012731102, 
1.13795012731102, 1.13795012731102, 1.13795012731102), sim_n = c(91L, 
91L, 91L, 91L)), .Names = c("var", "mean", "prop", "rand_var", 
"mean_rand", "sim_n"), class = c("tbl_df", "tbl", "data.frame"
), row.names = c(NA, -4L)), summ_stan_df = structure(list(shape1 = 4.42688911605951, 
    shape2 = 3.53511045304494, stretch = 2.6637990119064, x_min = -0.345345767404682, 
    x_max = 2.93652553367528, maxima = 2.09858617519533, rep = 91L), .Names = c("shape1", 
"shape2", "stretch", "x_min", "x_max", "maxima", "rep"), class = c("tbl_df", 
"tbl", "data.frame"), row.names = c(NA, -1L))), .Names = c("lm_df", 
"lasso_df", "summ_stan_df"))
