run_x <-
structure(list(lm_df = structure(list(term = c("maxima_sc", "stretch_sc", 
"x_max_sc", "x_min_sc"), coef = c(0.000860473046825055, 0.0415607757376252, 
0.00746313612979603, -0.00966477157303709), p_value = c(0.0502046106538343, 
0.00558462937373103, 0.230533734637896, 0.0519427957413732), 
    rand_var = c(3.61044650703335, 3.61044650703335, 3.61044650703335, 
    3.61044650703335), mean_rand = c(-1.16065676943421, -1.16065676943421, 
    -1.16065676943421, -1.16065676943421), sim_n = c(90L, 90L, 
    90L, 90L)), .Names = c("term", "coef", "p_value", "rand_var", 
"mean_rand", "sim_n"), class = c("tbl_df", "tbl", "data.frame"
), row.names = c(NA, -4L)), lasso_df = structure(list(var = c("maxima", 
"stretch", "x_max", "x_min"), mean = c(0.0383266315603573, 0.423076284351735, 
-0.0628435369728582, -0.203998477621121), prop = c(0.0425, 0.2925, 
0.0125, 0.0375), rand_var = c(3.61044650703335, 3.61044650703335, 
3.61044650703335, 3.61044650703335), mean_rand = c(-1.16065676943421, 
-1.16065676943421, -1.16065676943421, -1.16065676943421), sim_n = c(90L, 
90L, 90L, 90L)), .Names = c("var", "mean", "prop", "rand_var", 
"mean_rand", "sim_n"), class = c("tbl_df", "tbl", "data.frame"
), row.names = c(NA, -4L)), summ_stan_df = structure(list(shape1 = 3.59058967673508, 
    shape2 = 5.00212302707079, stretch = 1.26014735095691, x_min = -0.713758818624424, 
    x_max = 1.99481445812951, maxima = 0.876005463883222, rep = 90L), .Names = c("shape1", 
"shape2", "stretch", "x_min", "x_max", "maxima", "rep"), class = c("tbl_df", 
"tbl", "data.frame"), row.names = c(NA, -1L))), .Names = c("lm_df", 
"lasso_df", "summ_stan_df"))
run_x <-
structure(list(lm_df = structure(list(term = c("maxima_sc", "stretch_sc", 
"x_max_sc", "x_min_sc"), coef = c(0.000860473046825055, 0.0415607757376252, 
0.00746313612979603, -0.00966477157303709), p_value = c(0.0502046106538343, 
0.00558462937373103, 0.230533734637896, 0.0519427957413732), 
    rand_var = c(3.61044650703335, 3.61044650703335, 3.61044650703335, 
    3.61044650703335), mean_rand = c(-1.16065676943421, -1.16065676943421, 
    -1.16065676943421, -1.16065676943421), sim_n = c(90L, 90L, 
    90L, 90L)), .Names = c("term", "coef", "p_value", "rand_var", 
"mean_rand", "sim_n"), class = c("tbl_df", "tbl", "data.frame"
), row.names = c(NA, -4L)), lasso_df = structure(list(var = c("maxima", 
"stretch", "x_max", "x_min"), mean = c(0.0383266315603573, 0.423076284351735, 
-0.0628435369728582, -0.203998477621121), prop = c(0.0425, 0.2925, 
0.0125, 0.0375), rand_var = c(3.61044650703335, 3.61044650703335, 
3.61044650703335, 3.61044650703335), mean_rand = c(-1.16065676943421, 
-1.16065676943421, -1.16065676943421, -1.16065676943421), sim_n = c(90L, 
90L, 90L, 90L)), .Names = c("var", "mean", "prop", "rand_var", 
"mean_rand", "sim_n"), class = c("tbl_df", "tbl", "data.frame"
), row.names = c(NA, -4L)), summ_stan_df = structure(list(shape1 = 3.59058967673508, 
    shape2 = 5.00212302707079, stretch = 1.26014735095691, x_min = -0.713758818624424, 
    x_max = 1.99481445812951, maxima = 0.876005463883222, rep = 90L), .Names = c("shape1", 
"shape2", "stretch", "x_min", "x_max", "maxima", "rep"), class = c("tbl_df", 
"tbl", "data.frame"), row.names = c(NA, -1L))), .Names = c("lm_df", 
"lasso_df", "summ_stan_df"))
run_x <-
structure(list(lasso_df = structure(list(var = c("maxima", "stretch", 
"x_max", "x_min"), mean = c(-0.0351586287953491, 0.276178703097219, 
-0.150500403602645, 0.141243305724727), prop = c(0.0475, 0.3225, 
0.015, 0.3175), rand_var = c(3.61044650703335, 3.61044650703335, 
3.61044650703335, 3.61044650703335), mean_rand = c(-1.16065676943421, 
-1.16065676943421, -1.16065676943421, -1.16065676943421), sim_n = c(90L, 
90L, 90L, 90L)), .Names = c("var", "mean", "prop", "rand_var", 
"mean_rand", "sim_n"), class = c("tbl_df", "tbl", "data.frame"
), row.names = c(NA, -4L)), lasso_depth = structure(list(draw = 1:400, 
    `(Intercept)` = c(-0.0666130952380953, -0.0666130952380953, 
    -0.0666130952380953, -0.0564434526354763, -0.0666130952380953, 
    -0.0666130952380953, -0.0666130952380953, -0.0666130952380953, 
    -0.0666130952380953, -0.0666130952380953, -0.0666130952380953, 
    -0.0666130952380953, -0.0666130952380953, -0.0666130952380953, 
    -0.0666130952380953, -0.0666130952380953, -0.0666130952380953, 
    -0.0515422810239985, -0.0666130952380953, -0.0666130952380953, 
    -0.0666130952380953, -0.0666130952380953, -0.0666130952380953, 
    -0.0513570644539708, -0.0666130952380953, -0.0666130952380953, 
    -0.0666130952380953, -0.0666130952380953, -0.0666130952380953, 
    -0.0666130952380953, -0.0616504973657946, -0.0666130952380953, 
    -0.0666130952380953, -0.0666130952380953, -0.0666130952380953, 
    -0.0666130952380953, -0.0666130952380953, -0.0666130952380953, 
    -0.0666130952380953, -0.0666130952380953, -0.0666130952380953, 
    -0.0666130952380953, -0.0666130952380953, -0.0666130952380953, 
    -0.0666130952380953, -0.0666130952380953, -0.0666130952380953, 
    -0.0666130952380953, -0.0666130952380953, -0.0666130952380953, 
    -0.0666130952380953, -0.0666130952380953, -0.0666130952380953, 
    0.021732482434417, -0.00383719904172408, -0.0666130952380953, 
    -0.0666130952380953, -0.0666130952380953, -0.0666130952380953, 
    -0.0666130952380953, -0.0666130952380953, -0.0273528607550005, 
    -0.0666130952380953, -0.0666130952380953, -0.0666130952380953, 
    -0.0666130952380953, -0.0666130952380953, -0.0666130952380953, 
    -0.0666130952380953, -0.0666130952380953, -0.0666130952380953, 
    -0.0666130952380953, -0.0666130952380953, -0.0666130952380953, 
    -0.0666130952380953, 0.000913596148976861, -0.0666130952380953, 
    -0.0666130952380953, -0.0666130952380953, -0.0666130952380953, 
    0.0159499310190843, -0.0666130952380953, -0.0666130952380953, 
    -0.0666130952380953, -0.0666130952380953, -0.0666130952380953, 
    -0.0666130952380953, -0.0666130952380953, -0.0581372009983449, 
    -0.0545915941296728, -0.0666130952380953, -0.0666130952380953, 
    -0.0666130952380953, -0.0666130952380953, -0.0666130952380953, 
    -0.0666130952380953, -0.00141505704797136, -0.0666130952380953, 
    -0.0666130952380953, -0.0666130952380953, -0.0708557762914955, 
    0.00821704714652619, -0.0666130952380953, -0.0649471909616678, 
    -0.0666130952380953, -0.0666130952380953, -0.0467716257465644, 
    -0.0663784233765501, -0.055008532435835, -0.0666130952380953, 
    -0.0481458413687123, -0.0505580845351265, -0.0666130952380953, 
    -0.048062180604472, -0.0470878878942894, -0.0666130952380953, 
    -0.0666130952380953, -0.0666130952380953, -0.0666130952380953, 
    -0.060369322824991, -0.044265440948689, -0.0419428947881898, 
    -0.0647586882245891, -0.0467052358608038, -0.0648431702169189, 
    -0.044265440948689, -0.0666130952380953, -0.0122601928803122, 
    -0.0666130952380953, -0.0666130952380953, -0.0301234000099988, 
    -0.0666130952380953, -0.0572242804259406, -0.0467553256883733, 
    -0.0467003524560267, -0.0666130952380953, -0.0666130952380953, 
    -0.0666130952380953, -0.0630996132663029, -0.0666130952380953, 
    -0.0666130952380953, -0.0430612912940739, -0.0467750516918077, 
    -0.0666130952380953, -0.0666130952380953, -0.0458848222671738, 
    -0.0666130952380953, -0.0666130952380953, -0.0666130952380953, 
    -0.0640786738647499, -0.0666130952380953, -0.044265440948689, 
    -0.0660179546854478, -0.0701778945450315, -0.0666130952380953, 
    -0.0666130952380953, -0.0467467014420908, -0.0467495345055411, 
    -0.0666130952380953, -0.0666130952380953, -0.0661742619531945, 
    -0.0666130952380953, -0.0666130952380953, -0.0467472478414161, 
    -0.0666130952380953, -0.0642342306982547, -0.0666130952380953, 
    -0.0467094616647937, -0.0666130952380953, -0.0467750516918077, 
    -0.0651011765194261, -0.0666130952380953, -0.0666130952380953, 
    -0.0593769648061418, -0.0621245163421767, -0.0666130952380953, 
    -0.048166363687874, -0.0666130952380953, -0.0666130952380953, 
