run_x <-
structure(list(lm_df = structure(list(term = c("maxima_sc", "stretch_sc", 
"x_max_sc", "x_min_sc"), coef = c(0.0772148426052944, 0.0778678255254524, 
-0.00826954765285901, -0.0278318108346079), p_value = c(0.0243231835273407, 
0.0079795777626802, 0.210813289364713, 0.106234733414288), rand_var = c(0.810222336188677, 
0.810222336188677, 0.810222336188677, 0.810222336188677), mean_rand = c(0.383073211039172, 
0.383073211039172, 0.383073211039172, 0.383073211039172), sim_n = c(21L, 
21L, 21L, 21L)), .Names = c("term", "coef", "p_value", "rand_var", 
"mean_rand", "sim_n"), class = c("tbl_df", "tbl", "data.frame"
), row.names = c(NA, -4L)), lasso_df = structure(list(var = c("maxima", 
"stretch", "x_max", "x_min"), mean = c(0.340848577185834, 0.15560357671916, 
-0.322553489904551, -0.512380493204184), prop = c(0.0875, 0.16, 
0.0225, 0.0075), rand_var = c(0.810222336188677, 0.810222336188677, 
0.810222336188677, 0.810222336188677), mean_rand = c(0.383073211039172, 
0.383073211039172, 0.383073211039172, 0.383073211039172), sim_n = c(21L, 
21L, 21L, 21L)), .Names = c("var", "mean", "prop", "rand_var", 
"mean_rand", "sim_n"), class = c("tbl_df", "tbl", "data.frame"
), row.names = c(NA, -4L)), summ_stan_df = structure(list(shape1 = 3.46157711994538, 
    shape2 = 3.12255543108248, stretch = 1.02694495095168, x_min = -0.180421822121078, 
    x_max = 4.63996106894889, maxima = 2.9780177198936, rep = 21L), .Names = c("shape1", 
"shape2", "stretch", "x_min", "x_max", "maxima", "rep"), class = c("tbl_df", 
"tbl", "data.frame"), row.names = c(NA, -1L))), .Names = c("lm_df", 
"lasso_df", "summ_stan_df"))
run_x <-
structure(list(lm_df = structure(list(term = c("maxima_sc", "stretch_sc", 
"x_max_sc", "x_min_sc"), coef = c(0.0772148426052944, 0.0778678255254524, 
-0.00826954765285901, -0.0278318108346079), p_value = c(0.0243231835273407, 
0.0079795777626802, 0.210813289364713, 0.106234733414288), rand_var = c(0.810222336188677, 
0.810222336188677, 0.810222336188677, 0.810222336188677), mean_rand = c(0.383073211039172, 
0.383073211039172, 0.383073211039172, 0.383073211039172), sim_n = c(21L, 
21L, 21L, 21L)), .Names = c("term", "coef", "p_value", "rand_var", 
"mean_rand", "sim_n"), class = c("tbl_df", "tbl", "data.frame"
), row.names = c(NA, -4L)), lasso_df = structure(list(var = c("maxima", 
"stretch", "x_max", "x_min"), mean = c(0.340848577185834, 0.15560357671916, 
-0.322553489904551, -0.512380493204184), prop = c(0.0875, 0.16, 
0.0225, 0.0075), rand_var = c(0.810222336188677, 0.810222336188677, 
0.810222336188677, 0.810222336188677), mean_rand = c(0.383073211039172, 
0.383073211039172, 0.383073211039172, 0.383073211039172), sim_n = c(21L, 
21L, 21L, 21L)), .Names = c("var", "mean", "prop", "rand_var", 
"mean_rand", "sim_n"), class = c("tbl_df", "tbl", "data.frame"
), row.names = c(NA, -4L)), summ_stan_df = structure(list(shape1 = 3.46157711994538, 
    shape2 = 3.12255543108248, stretch = 1.02694495095168, x_min = -0.180421822121078, 
    x_max = 4.63996106894889, maxima = 2.9780177198936, rep = 21L), .Names = c("shape1", 
"shape2", "stretch", "x_min", "x_max", "maxima", "rep"), class = c("tbl_df", 
"tbl", "data.frame"), row.names = c(NA, -1L))), .Names = c("lm_df", 
"lasso_df", "summ_stan_df"))
run_x <-
structure(list(lasso_df = structure(list(var = c("maxima", "stretch", 
"x_max", "x_min"), mean = c(0.127021341498034, 0.0895790732071442, 
-0.290252668814633, -0.411802109191237), prop = c(0.0725, 0.155, 
0.0075, 0.0075), rand_var = c(0.810222336188677, 0.810222336188677, 
0.810222336188677, 0.810222336188677), mean_rand = c(0.383073211039172, 
0.383073211039172, 0.383073211039172, 0.383073211039172), sim_n = c(21L, 
21L, 21L, 21L)), .Names = c("var", "mean", "prop", "rand_var", 
"mean_rand", "sim_n"), class = c("tbl_df", "tbl", "data.frame"
), row.names = c(NA, -4L)), lasso_depth = structure(list(draw = 1:400, 
    `(Intercept)` = c(-0.0540245447817376, -0.0666130952380953, 
    -0.026380054738194, -0.0592512902862566, -0.0676384563912133, 
    -0.0666130952380953, -0.0491780912729706, -0.0620571512060789, 
    -0.0666130952380953, -0.0666130952380953, -0.0744508901322808, 
    -0.0780888716717037, -0.0655961937313564, -0.0568144260565611, 
    -0.0628175256339598, -0.11561801320792, -0.0630933611906588, 
    -0.0756197382030072, -0.0646472789023553, -0.0646062138920067, 
    -0.0534278739431718, -0.0661760723974973, -0.0832692167109846, 
    -0.0588759900257075, -0.0613211353475551, -0.0603166975242259, 
    -0.0550146760368194, -0.0809548658472558, -0.0666130952380953, 
    -0.0361162550112162, -0.0651806091278992, -0.058647156894894, 
    -0.0562250666635424, -0.0526688147359144, -0.0710912281917198, 
    -0.0520308300159166, -0.0702176716324028, -0.0559901215910295, 
    -0.0685607028005762, -0.0628173903320577, -0.0589315005007287, 
    -0.065014601481095, -0.0694078650477923, -0.0653667431721717, 
    -0.0666130952380953, -0.0568798224306701, -0.055002308982481, 
    -0.0723773835720032, -0.0628328930247724, -0.060278414675827, 
    -0.0560899201788988, -0.0654016135410393, -0.0712584019021283, 
    -0.0718067257501131, -0.0614098772565483, -0.059763344007369, 
    -0.0666130952380953, -0.0575707947513, -0.0609298660680505, 
    -0.0754997563314532, -0.0697816466764667, -0.0778164222083884, 
    -0.0671547373512286, -0.132216458506348, -0.0764589416425992, 
    -0.0629234790449856, -0.085207557045281, -0.0707793204660636, 
    -0.0636798885603389, -0.0521974603479126, -0.0642814900666843, 
    -0.0622400077571609, -0.0641463716274062, -0.0644939645035366, 
    -0.0648158627613075, -0.0629190801684925, -0.0696931943320623, 
    -0.0765627157413365, -0.062794064902428, -0.0538483958134189, 
    -0.0666130952380953, -0.0645327228652171, -0.0465641266467087, 
    -0.070176649217143, -0.0666130952380953, -0.0971932704465374, 
    -0.0630137454310915, -0.0781317045899892, -0.0594969807018712, 
    -0.0672335595257127, -0.0730353120688461, -0.0656079554183045, 
    -0.0477386918876655, -0.0923290419295609, -0.0508905549649085, 
    -0.0632043053522442, -0.0651359359284131, -0.0618777296167299, 
    -0.0666130952380953, -0.0688509211108621, -0.0666130952380953, 
    -0.0736285927230196, -0.0606202649646724, -0.0672621971791366, 
    -0.0684111235904093, -0.0538579457631458, -0.0551430379125221, 
    -0.0774824556829001, -0.0664568587675057, -0.0643544780836397, 
    -0.0663847051020608, -0.0666130952380953, -0.0624489704088176, 
    -0.0655455496961497, -0.0627355716906099, -0.0648388846269849, 
    -0.0381802320951242, -0.0539820258594804, -0.064306856350414, 
    -0.0760839262518884, -0.075784883254952, -0.0658499677337783, 
    -0.0649527858951786, -0.0671666580851421, -0.0572599337159089, 
    -0.0793787302964172, -0.0723979725415136, -0.064864382526793, 
    -0.0656811709880049, -0.0622087171011169, -0.0651696993248976, 
    -0.061868553273, -0.0666243261626523, -0.0666130952380953, 
    -0.0630466191430622, -0.0651972357524966, -0.0803123867933195, 
    -0.0711150757181438, -0.0481934094376989, -0.0561958503282049, 
    -0.063785267681005, -0.0619679835206074, -0.071631165996391, 
    -0.0511729222793871, -0.0700058200772054, -0.0649923163595406, 
    -0.0626759983692821, -0.0666130952380953, -0.0619764599123423, 
    -0.0708999403170574, -0.0716789205567599, -0.0680806029423976, 
    -0.0816283351927995, -0.0539630115725092, -0.0594801540752519, 
    -0.0936717051111586, -0.0644155037806721, -0.0666130952380953, 
    -0.0718664814901008, -0.0685687564805081, -0.0663419963200537, 
    -0.0819836251729002, -0.0646407892637071, -0.0744716989076366, 
    -0.0680464501086279, -0.0758023422462279, -0.059976941415713, 
    -0.0830761718719905, -0.0542404908817213, -0.0668796398057025, 
    -0.0973087403041802, -0.0873334815446372, -0.0694518446293663, 
    -0.0783035271765308, -0.070528619593584, -0.060552420417412, 
    -0.0387909201667693, -0.0561114302400172, -0.0516090011042417, 
    -0.0744017862787245, -0.0869362575700005, -0.0551061114414481, 
