run_x <-
structure(list(lm_df = structure(list(term = c("maxima_sc", "stretch_sc", 
"x_max_sc", "x_min_sc"), coef = c(-0.0531674760579762, 0.0401032742145899, 
0.0120224171051057, -0.0168665127556867), p_value = c(0.0444110044388468, 
0.040621885239903, 0.106172320122537, 0.0901124936509155), rand_var = c(3.99998663917421, 
3.99998663917421, 3.99998663917421, 3.99998663917421), mean_rand = c(-0.999998747417497, 
-0.999998747417497, -0.999998747417497, -0.999998747417497), 
    sim_n = c(99L, 99L, 99L, 99L)), .Names = c("term", "coef", 
"p_value", "rand_var", "mean_rand", "sim_n"), class = c("tbl_df", 
"tbl", "data.frame"), row.names = c(NA, -4L)), lasso_df = structure(list(
    var = c("maxima", "stretch", "x_max", "x_min"), mean = c(-0.401794800044504, 
    0.176591731546634, 0.000424162217192103, -0.113644929509348
    ), prop = c(0.015, 0.1525, 0.045, 0.0425), rand_var = c(3.99998663917421, 
    3.99998663917421, 3.99998663917421, 3.99998663917421), mean_rand = c(-0.999998747417497, 
    -0.999998747417497, -0.999998747417497, -0.999998747417497
    ), sim_n = c(99L, 99L, 99L, 99L)), .Names = c("var", "mean", 
"prop", "rand_var", "mean_rand", "sim_n"), class = c("tbl_df", 
"tbl", "data.frame"), row.names = c(NA, -4L)), summ_stan_df = structure(list(
    shape1 = 4.11919297498205, shape2 = 4.58454505643928, stretch = 1.43024153300545, 
    x_min = -1.08278123760523, x_max = 3.82069050288566, maxima = 2.08561112132365, 
    rep = 99L), .Names = c("shape1", "shape2", "stretch", "x_min", 
"x_max", "maxima", "rep"), class = c("tbl_df", "tbl", "data.frame"
), row.names = c(NA, -1L))), .Names = c("lm_df", "lasso_df", 
"summ_stan_df"))
run_x <-
structure(list(lm_df = structure(list(term = c("maxima_sc", "stretch_sc", 
"x_max_sc", "x_min_sc"), coef = c(-0.0531674760579762, 0.0401032742145899, 
0.0120224171051057, -0.0168665127556867), p_value = c(0.0444110044388468, 
0.040621885239903, 0.106172320122537, 0.0901124936509155), rand_var = c(3.99998663917421, 
3.99998663917421, 3.99998663917421, 3.99998663917421), mean_rand = c(-0.999998747417497, 
-0.999998747417497, -0.999998747417497, -0.999998747417497), 
    sim_n = c(99L, 99L, 99L, 99L)), .Names = c("term", "coef", 
"p_value", "rand_var", "mean_rand", "sim_n"), class = c("tbl_df", 
"tbl", "data.frame"), row.names = c(NA, -4L)), lasso_df = structure(list(
    var = c("maxima", "stretch", "x_max", "x_min"), mean = c(-0.401794800044504, 
    0.176591731546634, 0.000424162217192103, -0.113644929509348
    ), prop = c(0.015, 0.1525, 0.045, 0.0425), rand_var = c(3.99998663917421, 
    3.99998663917421, 3.99998663917421, 3.99998663917421), mean_rand = c(-0.999998747417497, 
    -0.999998747417497, -0.999998747417497, -0.999998747417497
    ), sim_n = c(99L, 99L, 99L, 99L)), .Names = c("var", "mean", 
"prop", "rand_var", "mean_rand", "sim_n"), class = c("tbl_df", 
"tbl", "data.frame"), row.names = c(NA, -4L)), summ_stan_df = structure(list(
    shape1 = 4.11919297498205, shape2 = 4.58454505643928, stretch = 1.43024153300545, 
    x_min = -1.08278123760523, x_max = 3.82069050288566, maxima = 2.08561112132365, 
    rep = 99L), .Names = c("shape1", "shape2", "stretch", "x_min", 
"x_max", "maxima", "rep"), class = c("tbl_df", "tbl", "data.frame"
), row.names = c(NA, -1L))), .Names = c("lm_df", "lasso_df", 
"summ_stan_df"))
