run_x <-
structure(list(lm_df = structure(list(term = c("maxima_sc", "stretch_sc", 
"x_max_sc", "x_min_sc"), coef = c(0.0616490071729462, 0.0771101419048725, 
0.0129086075101895, -0.0273119503798218), p_value = c(0.00319599109289614, 
0.000449302951684156, 0.197071926848282, 0.149119912533685), 
    rand_var = c(2.3024537533914, 2.3024537533914, 2.3024537533914, 
    2.3024537533914), mean_rand = c(0.94172521453843, 0.94172521453843, 
    0.94172521453843, 0.94172521453843), sim_n = c(58L, 58L, 
    58L, 58L)), .Names = c("term", "coef", "p_value", "rand_var", 
"mean_rand", "sim_n"), class = c("tbl_df", "tbl", "data.frame"
), row.names = c(NA, -4L)), lasso_df = structure(list(var = c("maxima", 
"stretch", "x_max", "x_min"), mean = c(0.0937995751062868, 0.17943925835299, 
-0.0692524334747064, -0.171440084077139), prop = c(0.015, 0.2725, 
0.0075, 0.0075), rand_var = c(2.3024537533914, 2.3024537533914, 
2.3024537533914, 2.3024537533914), mean_rand = c(0.94172521453843, 
0.94172521453843, 0.94172521453843, 0.94172521453843), sim_n = c(58L, 
58L, 58L, 58L)), .Names = c("var", "mean", "prop", "rand_var", 
"mean_rand", "sim_n"), class = c("tbl_df", "tbl", "data.frame"
), row.names = c(NA, -4L)), summ_stan_df = structure(list(shape1 = 3.25269884917845, 
    shape2 = 3.76401937798306, stretch = 1.00495870273813, x_min = 0.113915017270837, 
    x_max = 5.92460108759901, maxima = 3.48587194791584, rep = 58L), .Names = c("shape1", 
"shape2", "stretch", "x_min", "x_max", "maxima", "rep"), class = c("tbl_df", 
"tbl", "data.frame"), row.names = c(NA, -1L))), .Names = c("lm_df", 
"lasso_df", "summ_stan_df"))
run_x <-
structure(list(lm_df = structure(list(term = c("maxima_sc", "stretch_sc", 
"x_max_sc", "x_min_sc"), coef = c(0.0616490071729462, 0.0771101419048725, 
0.0129086075101895, -0.0273119503798218), p_value = c(0.00319599109289614, 
0.000449302951684156, 0.197071926848282, 0.149119912533685), 
    rand_var = c(2.3024537533914, 2.3024537533914, 2.3024537533914, 
    2.3024537533914), mean_rand = c(0.94172521453843, 0.94172521453843, 
    0.94172521453843, 0.94172521453843), sim_n = c(58L, 58L, 
    58L, 58L)), .Names = c("term", "coef", "p_value", "rand_var", 
"mean_rand", "sim_n"), class = c("tbl_df", "tbl", "data.frame"
), row.names = c(NA, -4L)), lasso_df = structure(list(var = c("maxima", 
"stretch", "x_max", "x_min"), mean = c(0.0937995751062868, 0.17943925835299, 
-0.0692524334747064, -0.171440084077139), prop = c(0.015, 0.2725, 
0.0075, 0.0075), rand_var = c(2.3024537533914, 2.3024537533914, 
2.3024537533914, 2.3024537533914), mean_rand = c(0.94172521453843, 
0.94172521453843, 0.94172521453843, 0.94172521453843), sim_n = c(58L, 
58L, 58L, 58L)), .Names = c("var", "mean", "prop", "rand_var", 
"mean_rand", "sim_n"), class = c("tbl_df", "tbl", "data.frame"
), row.names = c(NA, -4L)), summ_stan_df = structure(list(shape1 = 3.25269884917845, 
    shape2 = 3.76401937798306, stretch = 1.00495870273813, x_min = 0.113915017270837, 
    x_max = 5.92460108759901, maxima = 3.48587194791584, rep = 58L), .Names = c("shape1", 
"shape2", "stretch", "x_min", "x_max", "maxima", "rep"), class = c("tbl_df", 
"tbl", "data.frame"), row.names = c(NA, -1L))), .Names = c("lm_df", 
"lasso_df", "summ_stan_df"))
run_x <-
structure(list(lasso_df = structure(list(var = c("maxima", "stretch", 
"x_max", "x_min"), mean = c(0.112697872512176, 0.194434454458904, 
-0.171559474769886, -0.308674793647533), prop = c(0.03, 0.265, 
0.005, 0.005), rand_var = c(2.3024537533914, 2.3024537533914, 
2.3024537533914, 2.3024537533914), mean_rand = c(0.94172521453843, 
0.94172521453843, 0.94172521453843, 0.94172521453843), sim_n = c(58L, 
58L, 58L, 58L)), .Names = c("var", "mean", "prop", "rand_var", 
"mean_rand", "sim_n"), class = c("tbl_df", "tbl", "data.frame"
), row.names = c(NA, -4L)), lasso_depth = structure(list(draw = 1:400, 
    `(Intercept)` = c(-0.0490096211011303, -0.0581555383664415, 
    -0.0666130952380953, -0.052445257809351, -0.065160262531627, 
    -0.0657243189860054, -0.0634464023490176, -0.0580625061970303, 
    -0.0706209392392579, -0.0715446984423447, -0.0688342893783637, 
    -0.0458586904552744, -0.0504088782750848, -0.0600293604254927, 
    -0.0630682453534168, -0.068683271361945, -0.0657312975737114, 
    -0.0681718116002364, -0.0569383039965553, -0.067158857901153, 
    -0.0624699835767775, -0.0220794930747949, -0.0599269052997443, 
    -0.0679171537505486, -0.0608625959696443, -0.065868569611619, 
    -0.0715514279649558, -0.0587545602364796, -0.0478250060026639, 
    -0.0484268541253482, -0.0632955929864233, -0.0303433533907174, 
    -0.0685531809903316, -0.0577551928656736, -0.0616325958973405, 
    -0.0629502575732502, -0.064638525920695, -0.0648752145297511, 
    -0.0596548702042906, -0.0666508345029658, -0.03762638943548, 
    -0.0630623857151373, -0.061935697219238, -0.0666130952380953, 
    -0.0602968535042836, -0.0603273980232526, -0.0497990341436087, 
    -0.0740255896029621, -0.0552418370734479, -0.0608839322789484, 
    -0.0593607102086946, -0.057083735938093, -0.0593878176469801, 
    -0.0578220322125557, -0.05985627474216, -0.0783927232058784, 
    -0.0621974818641539, -0.0684906669818713, -0.0518661239273252, 
    -0.0610543407492874, -0.057006275292743, -0.0643372889518814, 
    -0.0531632568795201, -0.0553817386190293, -0.10283867972142, 
    -0.0616827600355756, -0.0663769429390941, -0.0671364239919831, 
    -0.0565557370963392, -0.0458528203473514, -0.0535434511260375, 
    -0.0601952388340325, -0.0482860910700827, -0.0701289495463524, 
    -0.0619830262106276, -0.0567451320805446, -0.0607344190446224, 
    -0.0575717945727771, -0.0539986425178239, -0.057958494982309, 
    -0.037167741075693, -0.0572347708353351, -0.051955263830171, 
    -0.0522995143964184, -0.0721811245141275, -0.0665116700917868, 
    -0.0701521522907979, -0.0666130952380953, -0.066671455633256, 
    -0.0649745373001754, -0.0542936383354562, -0.0573158223669297, 
    -0.0435741008850303, -0.0570148110475722, -0.0666130952380953, 
    -0.123969796304536, -0.071064499717272, -0.0661890784678095, 
    -0.0567412939785265, -0.0644145757027764, -0.0406932676988314, 
    -0.0666130952380953, -0.0651742890517393, -0.0756796452081963, 
    -0.0647869424274173, -0.0624287138912554, -0.0752727189250975, 
    -0.0666130952380953, -0.0656774548885683, -0.0647235875725426, 
    -0.0504022092733314, -0.0584529956198224, -0.0680018529183568, 
    -0.0776035806326126, -0.0579686913483076, -0.064587140126293, 
    -0.087025778239631, -0.0566846419317399, -0.0699350756241428, 
    -0.0640612792525635, -0.0527837197410249, -0.0666130952380953, 
    -0.0450711838951306, -0.0312997948211806, -0.037061293525319, 
    -0.0528379037037838, -0.051792891269407, -0.0543114258524243, 
    -0.055026657586743, -0.0696282417237275, -0.0517831597171478, 
    -0.0620987797393488, -0.0631941376047053, -0.0393430388223066, 
    -0.0540195127136607, -0.0595003920921704, -0.0645291780668949, 
    -0.0756759375290944, -0.060626894523615, -0.0666130952380953, 
    -0.0737941866018275, -0.0684971488210887, -0.0756970191515071, 
    -0.0568858858812322, -0.0629654539053622, -0.0666130952380953, 
    -0.0589316320790077, -0.0583355236022238, -0.0658404159844227, 
    -0.076878744865776, -0.0655593954771171, -0.0656108338271033, 
    -0.0656499373127399, -0.064931555844389, -0.0477976816687658, 
    -0.0584688746938135, -0.0421419941740924, -0.0572962718395453, 
    -0.0633748270445831, -0.0526844981171845, -0.0677325796786122, 
    -0.0582890169412337, -0.0666130952380953, -0.0650021080370869, 
    -0.0765106388345258, -0.0555275236626584, -0.0643551779122664, 
    -0.0568356088753011, -0.0473147311993439, -0.0659827297489672, 
    -0.0473968042575768, -0.0778064720549109, -0.0576769929056039, 
    -0.0469460792822709, -0.0511954536680804, -0.0699752449858875, 
    -0.0630882164233402, -0.0517686617522862, -0.0666130952380953, 
    -0.0476646066417682, -0.0313659980644803, -0.0741647667598527, 
