run_x <-
structure(list(lm_df = structure(list(term = c("maxima_sc", "stretch_sc", 
"x_max_sc", "x_min_sc"), coef = c(0.0568822527584466, 0.0547689024260631, 
-0.00540891843319852, -0.0101228154884774), p_value = c(0.140769946711395, 
0.0195346301389414, 0.325304318860069, 0.152759482273117), rand_var = c(2.14247197084675, 
2.14247197084675, 2.14247197084675, 2.14247197084675), mean_rand = c(0.897236113549371, 
0.897236113549371, 0.897236113549371, 0.897236113549371), sim_n = c(54L, 
54L, 54L, 54L)), .Names = c("term", "coef", "p_value", "rand_var", 
"mean_rand", "sim_n"), class = c("tbl_df", "tbl", "data.frame"
), row.names = c(NA, -4L)), lasso_df = structure(list(var = c("maxima", 
"stretch", "x_max", "x_min"), mean = c(0.128692711276445, 0.0280119192178868, 
-0.00651766249930851, -0.156575295370824), prop = c(0.0475, 0.055, 
0.0375, 0.01), rand_var = c(2.14247197084675, 2.14247197084675, 
2.14247197084675, 2.14247197084675), mean_rand = c(0.897236113549371, 
0.897236113549371, 0.897236113549371, 0.897236113549371), sim_n = c(54L, 
54L, 54L, 54L)), .Names = c("var", "mean", "prop", "rand_var", 
"mean_rand", "sim_n"), class = c("tbl_df", "tbl", "data.frame"
), row.names = c(NA, -4L)), summ_stan_df = structure(list(shape1 = 4.00795864361457, 
    shape2 = 2.57919388682493, stretch = 1.20272865826336, x_min = -0.871748652568802, 
    x_max = 4.89045298961502, maxima = 3.42626384463634, rep = 54L), .Names = c("shape1", 
"shape2", "stretch", "x_min", "x_max", "maxima", "rep"), class = c("tbl_df", 
"tbl", "data.frame"), row.names = c(NA, -1L))), .Names = c("lm_df", 
"lasso_df", "summ_stan_df"))
run_x <-
structure(list(lm_df = structure(list(term = c("maxima_sc", "stretch_sc", 
"x_max_sc", "x_min_sc"), coef = c(0.0568822527584466, 0.0547689024260631, 
-0.00540891843319852, -0.0101228154884774), p_value = c(0.140769946711395, 
0.0195346301389414, 0.325304318860069, 0.152759482273117), rand_var = c(2.14247197084675, 
2.14247197084675, 2.14247197084675, 2.14247197084675), mean_rand = c(0.897236113549371, 
0.897236113549371, 0.897236113549371, 0.897236113549371), sim_n = c(54L, 
54L, 54L, 54L)), .Names = c("term", "coef", "p_value", "rand_var", 
"mean_rand", "sim_n"), class = c("tbl_df", "tbl", "data.frame"
), row.names = c(NA, -4L)), lasso_df = structure(list(var = c("maxima", 
"stretch", "x_max", "x_min"), mean = c(0.128692711276445, 0.0280119192178868, 
-0.00651766249930851, -0.156575295370824), prop = c(0.0475, 0.055, 
0.0375, 0.01), rand_var = c(2.14247197084675, 2.14247197084675, 
2.14247197084675, 2.14247197084675), mean_rand = c(0.897236113549371, 
0.897236113549371, 0.897236113549371, 0.897236113549371), sim_n = c(54L, 
54L, 54L, 54L)), .Names = c("var", "mean", "prop", "rand_var", 
"mean_rand", "sim_n"), class = c("tbl_df", "tbl", "data.frame"
), row.names = c(NA, -4L)), summ_stan_df = structure(list(shape1 = 4.00795864361457, 
    shape2 = 2.57919388682493, stretch = 1.20272865826336, x_min = -0.871748652568802, 
    x_max = 4.89045298961502, maxima = 3.42626384463634, rep = 54L), .Names = c("shape1", 
"shape2", "stretch", "x_min", "x_max", "maxima", "rep"), class = c("tbl_df", 
"tbl", "data.frame"), row.names = c(NA, -1L))), .Names = c("lm_df", 
"lasso_df", "summ_stan_df"))
run_x <-
structure(list(lasso_df = structure(list(var = c("maxima", "stretch", 
"x_max", "x_min"), mean = c(0.00348100311673379, 0.0360208906001583, 
-0.0218777839137637, -0.00783650776396826), prop = c(0.0125, 
0.055, 0, 0.01), rand_var = c(2.14247197084675, 2.14247197084675, 
2.14247197084675, 2.14247197084675), mean_rand = c(0.897236113549371, 
0.897236113549371, 0.897236113549371, 0.897236113549371), sim_n = c(54L, 
54L, 54L, 54L)), .Names = c("var", "mean", "prop", "rand_var", 
"mean_rand", "sim_n"), class = c("tbl_df", "tbl", "data.frame"
), row.names = c(NA, -4L)), lasso_depth = structure(list(draw = 1:400, 
    `(Intercept)` = c(-0.0655771702403166, -0.0666130952380953, 
    -0.0666130952380953, -0.0666130952380953, -0.0666130952380953, 
    -0.0666130952380953, -0.0666130952380953, -0.0652464540577152, 
    -0.0666130952380953, -0.0666130952380953, -0.0638904450403628, 
    -0.0666130952380953, -0.0666130952380953, -0.0666130952380953, 
    -0.0666130952380953, -0.0666130952380953, -0.0666130952380953, 
    -0.0666130952380953, -0.0666130952380953, -0.0666130952380953, 
    -0.0666130952380953, -0.0666130952380953, -0.0666130952380953, 
    -0.0421593494278734, -0.0666130952380953, -0.0666130952380953, 
    -0.0666130952380953, -0.076194020338039, -0.0666130952380953, 
    -0.0584398286891226, -0.0748664337457464, -0.0666130952380953, 
    -0.0666130952380953, -0.0666130952380953, -0.0666130952380953, 
    -0.0573748708452658, -0.0667378950898609, -0.0666130952380953, 
    -0.0666130952380953, -0.0654303393772759, -0.0577562432666026, 
    -0.0666130952380953, -0.0597804116481363, -0.0666130952380953, 
    -0.0666130952380953, -0.0653139051479091, -0.0716485385430371, 
    -0.0666130952380953, -0.0666130952380953, -0.0578412452222328, 
    -0.0666130952380953, -0.0666130952380953, -0.0597733684481876, 
    -0.0666130952380953, -0.0666130952380953, -0.0666130952380953, 
    -0.0666130952380953, -0.0666130952380953, -0.0629261313477946, 
    -0.0666130952380953, -0.0666130952380953, -0.0666130952380953, 
    -0.0666130952380953, -0.0677369261993233, -0.0666130952380953, 
    -0.0666130952380953, -0.0666130952380953, -0.0666130952380953, 
    -0.0637797013585536, -0.0666130952380953, -0.0666130952380953, 
    -0.0666130952380953, -0.0666130952380953, -0.0666130952380953, 
    -0.0666130952380953, -0.0666130952380953, -0.0545547981738524, 
    -0.0666130952380953, -0.0666130952380953, -0.0622574249781486, 
    -0.0666130952380953, -0.0666130952380953, -0.0666130952380953, 
    -0.0666130952380953, -0.0619422237394319, -0.0666130952380953, 
    -0.0666130952380953, -0.0666130952380953, -0.0666130952380953, 
    -0.0666130952380953, -0.0666130952380953, -0.0666130952380953, 
    -0.0666130952380953, -0.0719019072893152, -0.0666130952380953, 
    -0.0666130952380953, -0.0666130952380953, -0.0666130952380953, 
    -0.0666130952380953, -0.0568737699119943, -0.0647838282223341, 
    -0.0690641346745865, -0.0666130952380953, -0.0651819998271982, 
    -0.0533688540442971, -0.0818242643376078, -0.0665161159047436, 
    -0.0666130952380953, -0.0675677368231178, -0.052962023303172, 
    -0.0622130236199083, -0.0666130952380953, -0.0605874125734354, 
    -0.0758840443517613, -0.0666130952380953, -0.0849045043009473, 
    -0.0665939885093497, -0.0903499161707838, -0.0573774430963641, 
    -0.0666130952380953, -0.0910546610295321, -0.0666130952380953, 
    -0.0666130952380953, -0.0651873943403005, -0.0757439099031877, 
    -0.0806913150863092, -0.0643020171247482, -0.0678808617784137, 
    -0.0666130952380953, -0.0660159232947221, -0.0773969070994996, 
    -0.0754899923705724, -0.0706078703357962, -0.0567867404021708, 
    -0.0779865959431773, -0.0979908662572878, -0.0667993206091942, 
    -0.0666130952380953, -0.0698749656533091, -0.0575536050826292, 
    -0.0662138339686066, -0.0700286875164403, -0.0556609799390737, 
    -0.0789321222217395, -0.0667600989628912, -0.0666130952380953, 
    -0.0666130952380953, -0.0720601563507742, -0.0620438808527218, 
    -0.0472315225425439, -0.085172230425845, -0.0666130952380953, 
    -0.0666130952380953, -0.0678877778802935, -0.0644304828421829, 
    -0.0666130952380953, -0.0666130952380953, -0.0666130952380953, 
    -0.0688516290396097, -0.062463547549868, -0.0707693832353502, 
    -0.0861167753418491, -0.0684484823313598, -0.0666130952380953, 
    -0.0666130952380953, -0.0666130952380953, -0.0875769058541669, 
    -0.0912084652116311, -0.0666130952380953, -0.0613038208980227, 
    -0.0724344029154938, -0.0693331968352552, -0.0859315694714289, 
    -0.0537407077280577, -0.0580932589319787, -0.0666130952380953, 
    -0.0769177079385037, -0.0741810155575643, -0.0666130952380953, 
    -0.079367385525735, -0.0666130952380953, -0.0666130952380953, 
