run_x <-
structure(list(lm_df = structure(list(term = c("maxima_sc", "stretch_sc", 
"x_max_sc", "x_min_sc"), coef = c(0.0739121858495896, 0.0718727409794394, 
-0.0110556632073103, -0.0279328560071163), p_value = c(0.0172352510244425, 
0.00474564892728512, 0.204740759487154, 0.0560562749739697), 
    rand_var = c(1.61762509156312, 1.61762509156312, 1.61762509156312, 
    1.61762509156312), mean_rand = c(0.585261563343853, 0.585261563343853, 
    0.585261563343853, 0.585261563343853), sim_n = c(41L, 41L, 
    41L, 41L)), .Names = c("term", "coef", "p_value", "rand_var", 
"mean_rand", "sim_n"), class = c("tbl_df", "tbl", "data.frame"
), row.names = c(NA, -4L)), lasso_df = structure(list(var = c("maxima", 
"stretch", "x_max", "x_min"), mean = c(0.119957902261603, 0.0434605386737967, 
-0.367012314366821, -0.153334252812584), prop = c(0.05, 0.055, 
0.01, 0.03), rand_var = c(1.61762509156312, 1.61762509156312, 
1.61762509156312, 1.61762509156312), mean_rand = c(0.585261563343853, 
0.585261563343853, 0.585261563343853, 0.585261563343853), sim_n = c(41L, 
41L, 41L, 41L)), .Names = c("var", "mean", "prop", "rand_var", 
"mean_rand", "sim_n"), class = c("tbl_df", "tbl", "data.frame"
), row.names = c(NA, -4L)), summ_stan_df = structure(list(shape1 = 3.93161705645961, 
    shape2 = 3.19343481722886, stretch = 1.06078733022183, x_min = -0.99756789369186, 
    x_max = 4.92194470950995, maxima = 3.15268078876647, rep = 41L), .Names = c("shape1", 
"shape2", "stretch", "x_min", "x_max", "maxima", "rep"), class = c("tbl_df", 
"tbl", "data.frame"), row.names = c(NA, -1L))), .Names = c("lm_df", 
"lasso_df", "summ_stan_df"))
run_x <-
structure(list(lm_df = structure(list(term = c("maxima_sc", "stretch_sc", 
"x_max_sc", "x_min_sc"), coef = c(0.0739121858495896, 0.0718727409794394, 
-0.0110556632073103, -0.0279328560071163), p_value = c(0.0172352510244425, 
0.00474564892728512, 0.204740759487154, 0.0560562749739697), 
    rand_var = c(1.61762509156312, 1.61762509156312, 1.61762509156312, 
    1.61762509156312), mean_rand = c(0.585261563343853, 0.585261563343853, 
    0.585261563343853, 0.585261563343853), sim_n = c(41L, 41L, 
    41L, 41L)), .Names = c("term", "coef", "p_value", "rand_var", 
"mean_rand", "sim_n"), class = c("tbl_df", "tbl", "data.frame"
), row.names = c(NA, -4L)), lasso_df = structure(list(var = c("maxima", 
"stretch", "x_max", "x_min"), mean = c(0.119957902261603, 0.0434605386737967, 
-0.367012314366821, -0.153334252812584), prop = c(0.05, 0.055, 
0.01, 0.03), rand_var = c(1.61762509156312, 1.61762509156312, 
1.61762509156312, 1.61762509156312), mean_rand = c(0.585261563343853, 
0.585261563343853, 0.585261563343853, 0.585261563343853), sim_n = c(41L, 
41L, 41L, 41L)), .Names = c("var", "mean", "prop", "rand_var", 
"mean_rand", "sim_n"), class = c("tbl_df", "tbl", "data.frame"
), row.names = c(NA, -4L)), summ_stan_df = structure(list(shape1 = 3.93161705645961, 
    shape2 = 3.19343481722886, stretch = 1.06078733022183, x_min = -0.99756789369186, 
    x_max = 4.92194470950995, maxima = 3.15268078876647, rep = 41L), .Names = c("shape1", 
"shape2", "stretch", "x_min", "x_max", "maxima", "rep"), class = c("tbl_df", 
"tbl", "data.frame"), row.names = c(NA, -1L))), .Names = c("lm_df", 
"lasso_df", "summ_stan_df"))
run_x <-
structure(list(lasso_df = structure(list(var = c("maxima", "stretch", 
"x_max", "x_min"), mean = c(0.063217476433769, 0.0310138805524106, 
-0.366460046490745, -0.295929525946435), prop = c(0.0425, 0.075, 
0.005, 0.005), rand_var = c(1.61762509156312, 1.61762509156312, 
1.61762509156312, 1.61762509156312), mean_rand = c(0.585261563343853, 
0.585261563343853, 0.585261563343853, 0.585261563343853), sim_n = c(41L, 
41L, 41L, 41L)), .Names = c("var", "mean", "prop", "rand_var", 
"mean_rand", "sim_n"), class = c("tbl_df", "tbl", "data.frame"
), row.names = c(NA, -4L)), lasso_depth = structure(list(draw = 1:400, 
    `(Intercept)` = c(-0.0666130952380953, -0.0239936908653767, 
    -0.0599725688477491, -0.070138249894566, -0.0686374902085591, 
    -0.0663273888160298, -0.0680061353165751, -0.0499030576073457, 
    -0.0630277641533503, -0.0678004161080966, -0.0590851863695494, 
    -0.0648239776669443, -0.0583983907933993, -0.0540824694630539, 
    -0.0666130952380953, -0.0648589807533478, -0.0638279856187745, 
    -0.0708386153210282, -0.0683481418221046, -0.0660436223916593, 
    -0.0628634959662787, -0.0821041381756158, -0.065311638730016, 
    -0.0666130952380953, -0.0649695855720415, -0.0666130952380953, 
    -0.06914111994582, -0.0585236928927597, -0.0756217133587996, 
    -0.0754458659765671, -0.069570577838945, -0.0585372135092997, 
    -0.0660086516286752, -0.0716836046124288, -0.0616816216685223, 
    -0.0593323207152526, -0.0723026741434509, -0.0699431007315106, 
    -0.0708497240151285, -0.0694340790586053, -0.0456965893428042, 
    -0.0637953325897968, -0.0621006434509881, -0.0638862424079742, 
    -0.0698885761489958, -0.0597351981606397, 0.000141023914235941, 
    -0.0558406380425527, -0.0657791968070334, -0.0716808293988768, 
    -0.0656057447791594, -0.0666130952380953, -0.0699364428525643, 
    -0.068389223303264, -0.0589941401996765, -0.0122310736989222, 
    -0.0666130952380953, -0.0705720814459704, -0.0710828211738394, 
    -0.0743146859135007, -0.0666130952380953, -0.067061277652369, 
    -0.0662648930759921, -0.0648656588712174, -0.0590313394627625, 
    -0.0672155569936947, -0.0705984110811343, -0.066492003882185, 
    -0.0529220543333195, -0.0478564446661498, -0.0736325812049556, 
    -0.0587726490808449, -0.0725420794624442, -0.0666130952380953, 
    -0.0666130952380953, -0.0666130952380953, -0.0711077172767192, 
    -0.067979480454061, -0.0666130952380953, -0.0721950730170253, 
    -0.0753990256630026, -0.0498396670907277, -0.0694109534438553, 
    -0.0686048263396066, -0.0664287289313189, -0.0775783345346204, 
    -0.0674063452742684, -0.0565476826062564, -0.0645449514730648, 
    -0.0765336296863485, -0.0655506110807715, -0.0519167969545094, 
    -0.0744942846313835, -0.0673530149027187, -0.0350545492295803, 
    -0.0736726193808054, -0.0606211827276545, -0.0666130952380953, 
    -0.069291115028173, -0.0700954312775632, -0.0652529097747464, 
    -0.0657305645799941, -0.0251858449764768, -0.0568936299429106, 
    -0.0738248211483292, -0.0677457974228736, -0.0631111477589388, 
    -0.0692961506578039, -0.0641141525071163, -0.0209019007883946, 
    -0.0302366745494992, -0.0616344270841759, -0.0606779510927831, 
    -0.0518214454094198, -0.0611653681804959, -0.0455551751993106, 
    -0.0558731384349737, -0.0772286856610468, -0.0666130952380953, 
    -0.078813313706049, -0.0418990952500563, -0.0412208471082105, 
    -0.0717960105399508, -0.0666130952380953, -0.0625875008381872, 
    -0.0637797137679317, -0.0718189433190803, -0.0730988920495519, 
    -0.0554450697047592, -0.0464782548210848, -0.0608137482590505, 
    -0.0729675322958506, -0.0628224009809755, -0.0519805957429409, 
    -0.0650698559052221, -0.0716588416425715, -0.0694154770960716, 
    -0.0663157601970576, -0.0576438571365084, -0.0624604094027601, 
    -0.0828246006066796, -0.0636356550594511, -0.073212827823915, 
    -0.0724089829492158, -0.0937284039980665, -0.0616382736864195, 
    -0.0870812020732804, -0.047792687540948, -0.0652407429850678, 
    -0.0658538001950273, -0.0545865624963797, -0.0608146262643536, 
    -0.0643901055988947, -0.0283945210490677, -0.0571246960025514, 
    -0.061135095541726, -0.0673889964800767, -0.0579769797012303, 
    -0.0776507912087639, -0.0658172305371922, -0.0496155226881557, 
    -0.0699492924520063, -0.0546694827537583, -0.0740275650575725, 
    -0.0666130952380953, -0.0666130952380953, -0.076147711711316, 
    -0.0552217756973362, -0.0606436006737738, -0.0666130952380953, 
    -0.0568285854065907, -0.0543818148711389, -0.0690129499036466, 
    -0.064820671651592, -0.0616616161905042, -0.0681359625956801, 
    -0.0613529516370947, -0.0816660049286815, -0.0633072366902981, 
