run_x <-
structure(list(lm_df = structure(list(term = c("maxima_sc", "stretch_sc", 
"x_max_sc", "x_min_sc"), coef = c(0.0471356616243984, 0.0763921799616312, 
-0.0199021986043489, -0.0150970451712409), p_value = c(0.0318520781832735, 
0.00272608475433926, 0.0497323415950275, 0.11081182950954), rand_var = c(0.0834650589591631, 
0.0834650589591631, 0.0834650589591631, 0.0834650589591631), 
    mean_rand = c(0.10424192649596, 0.10424192649596, 0.10424192649596, 
    0.10424192649596), sim_n = c(3L, 3L, 3L, 3L)), .Names = c("term", 
"coef", "p_value", "rand_var", "mean_rand", "sim_n"), class = c("tbl_df", 
"tbl", "data.frame"), row.names = c(NA, -4L)), lasso_df = structure(list(
    var = c("maxima", "stretch", "x_max", "x_min"), mean = c(0.0646668314782901, 
    0.087754295195295, -0.115654761736, -0.140453635300457), 
    prop = c(0.0475, 0.1, 0.0025, 0.015), rand_var = c(0.0834650589591631, 
    0.0834650589591631, 0.0834650589591631, 0.0834650589591631
    ), mean_rand = c(0.10424192649596, 0.10424192649596, 0.10424192649596, 
    0.10424192649596), sim_n = c(3L, 3L, 3L, 3L)), .Names = c("var", 
"mean", "prop", "rand_var", "mean_rand", "sim_n"), class = c("tbl_df", 
"tbl", "data.frame"), row.names = c(NA, -4L)), summ_stan_df = structure(list(
    shape1 = 3.64892562324567, shape2 = 3.23929086469501, stretch = 0.858679575793792, 
    x_min = -0.869867429345562, x_max = 4.69301582526268, maxima = 2.87219638498342, 
    rep = 3L), .Names = c("shape1", "shape2", "stretch", "x_min", 
"x_max", "maxima", "rep"), class = c("tbl_df", "tbl", "data.frame"
), row.names = c(NA, -1L))), .Names = c("lm_df", "lasso_df", 
"summ_stan_df"))
run_x <-
structure(list(lm_df = structure(list(term = c("maxima_sc", "stretch_sc", 
"x_max_sc", "x_min_sc"), coef = c(0.0471356616243984, 0.0763921799616312, 
-0.0199021986043489, -0.0150970451712409), p_value = c(0.0318520781832735, 
0.00272608475433926, 0.0497323415950275, 0.11081182950954), rand_var = c(0.0834650589591631, 
0.0834650589591631, 0.0834650589591631, 0.0834650589591631), 
    mean_rand = c(0.10424192649596, 0.10424192649596, 0.10424192649596, 
    0.10424192649596), sim_n = c(3L, 3L, 3L, 3L)), .Names = c("term", 
"coef", "p_value", "rand_var", "mean_rand", "sim_n"), class = c("tbl_df", 
"tbl", "data.frame"), row.names = c(NA, -4L)), lasso_df = structure(list(
    var = c("maxima", "stretch", "x_max", "x_min"), mean = c(0.0646668314782901, 
    0.087754295195295, -0.115654761736, -0.140453635300457), 
    prop = c(0.0475, 0.1, 0.0025, 0.015), rand_var = c(0.0834650589591631, 
    0.0834650589591631, 0.0834650589591631, 0.0834650589591631
    ), mean_rand = c(0.10424192649596, 0.10424192649596, 0.10424192649596, 
    0.10424192649596), sim_n = c(3L, 3L, 3L, 3L)), .Names = c("var", 
"mean", "prop", "rand_var", "mean_rand", "sim_n"), class = c("tbl_df", 
"tbl", "data.frame"), row.names = c(NA, -4L)), summ_stan_df = structure(list(
    shape1 = 3.64892562324567, shape2 = 3.23929086469501, stretch = 0.858679575793792, 
    x_min = -0.869867429345562, x_max = 4.69301582526268, maxima = 2.87219638498342, 
    rep = 3L), .Names = c("shape1", "shape2", "stretch", "x_min", 
"x_max", "maxima", "rep"), class = c("tbl_df", "tbl", "data.frame"
), row.names = c(NA, -1L))), .Names = c("lm_df", "lasso_df", 
"summ_stan_df"))
