run_x <-
structure(list(lm_df = structure(list(term = c("maxima_sc", "stretch_sc", 
"x_max_sc", "x_min_sc"), coef = c(-0.0264989557549124, 0.0599757542328133, 
0.0162552669918379, -0.0207737007776624), p_value = c(0.193912309048035, 
0.00185428576236175, 0.235095857686909, 0.103742665838919), rand_var = c(0.890981739680098, 
0.890981739680098, 0.890981739680098, 0.890981739680098), mean_rand = c(-0.665813148295456, 
-0.665813148295456, -0.665813148295456, -0.665813148295456), 
    sim_n = c(23L, 23L, 23L, 23L)), .Names = c("term", "coef", 
"p_value", "rand_var", "mean_rand", "sim_n"), class = c("tbl_df", 
"tbl", "data.frame"), row.names = c(NA, -4L)), lasso_df = structure(list(
    var = c("maxima", "stretch", "x_max", "x_min"), mean = c(-0.0983323528285761, 
    0.124496288463048, -0.109083166113038, -0.119763981253781
    ), prop = c(0.045, 0.185, 0.0075, 0.0075), rand_var = c(0.890981739680098, 
    0.890981739680098, 0.890981739680098, 0.890981739680098), 
    mean_rand = c(-0.665813148295456, -0.665813148295456, -0.665813148295456, 
    -0.665813148295456), sim_n = c(23L, 23L, 23L, 23L)), .Names = c("var", 
"mean", "prop", "rand_var", "mean_rand", "sim_n"), class = c("tbl_df", 
"tbl", "data.frame"), row.names = c(NA, -4L)), summ_stan_df = structure(list(
    shape1 = 3.39259957650188, shape2 = 4.85642143450886, stretch = 1.31876167237206, 
    x_min = -0.0220977443615401, x_max = 3.63178579190777, maxima = 2.03624093819055, 
    rep = 23L), .Names = c("shape1", "shape2", "stretch", "x_min", 
"x_max", "maxima", "rep"), class = c("tbl_df", "tbl", "data.frame"
), row.names = c(NA, -1L))), .Names = c("lm_df", "lasso_df", 
"summ_stan_df"))
run_x <-
structure(list(lm_df = structure(list(term = c("maxima_sc", "stretch_sc", 
"x_max_sc", "x_min_sc"), coef = c(-0.0264989557549124, 0.0599757542328133, 
0.0162552669918379, -0.0207737007776624), p_value = c(0.193912309048035, 
0.00185428576236175, 0.235095857686909, 0.103742665838919), rand_var = c(0.890981739680098, 
0.890981739680098, 0.890981739680098, 0.890981739680098), mean_rand = c(-0.665813148295456, 
-0.665813148295456, -0.665813148295456, -0.665813148295456), 
    sim_n = c(23L, 23L, 23L, 23L)), .Names = c("term", "coef", 
"p_value", "rand_var", "mean_rand", "sim_n"), class = c("tbl_df", 
"tbl", "data.frame"), row.names = c(NA, -4L)), lasso_df = structure(list(
    var = c("maxima", "stretch", "x_max", "x_min"), mean = c(-0.0983323528285761, 
    0.124496288463048, -0.109083166113038, -0.119763981253781
    ), prop = c(0.045, 0.185, 0.0075, 0.0075), rand_var = c(0.890981739680098, 
    0.890981739680098, 0.890981739680098, 0.890981739680098), 
    mean_rand = c(-0.665813148295456, -0.665813148295456, -0.665813148295456, 
    -0.665813148295456), sim_n = c(23L, 23L, 23L, 23L)), .Names = c("var", 
"mean", "prop", "rand_var", "mean_rand", "sim_n"), class = c("tbl_df", 
"tbl", "data.frame"), row.names = c(NA, -4L)), summ_stan_df = structure(list(
    shape1 = 3.39259957650188, shape2 = 4.85642143450886, stretch = 1.31876167237206, 
    x_min = -0.0220977443615401, x_max = 3.63178579190777, maxima = 2.03624093819055, 
    rep = 23L), .Names = c("shape1", "shape2", "stretch", "x_min", 
"x_max", "maxima", "rep"), class = c("tbl_df", "tbl", "data.frame"
), row.names = c(NA, -1L))), .Names = c("lm_df", "lasso_df", 
"summ_stan_df"))
run_x <-
structure(list(lasso_df = structure(list(var = c("maxima", "stretch", 
"x_max", "x_min"), mean = c(-0.0783868612143072, 0.149105344475587, 
-0.104079423569455, -0.0896730864391754), prop = c(0.035, 0.1875, 
0.0075, 0.025), rand_var = c(0.890981739680098, 0.890981739680098, 
0.890981739680098, 0.890981739680098), mean_rand = c(-0.665813148295456, 
-0.665813148295456, -0.665813148295456, -0.665813148295456), 
    sim_n = c(23L, 23L, 23L, 23L)), .Names = c("var", "mean", 
"prop", "rand_var", "mean_rand", "sim_n"), class = c("tbl_df", 
"tbl", "data.frame"), row.names = c(NA, -4L)), lasso_depth = structure(list(
    draw = 1:400, `(Intercept)` = c(-0.0590286675119528, -0.0683181107536178, 
    -0.0603599530177927, -0.0708667249239885, -0.0508908847704466, 
    -0.0690238150202596, -0.0666130952380953, -0.0666130952380953, 
    -0.0686005289558909, -0.0573535050357468, -0.0719806694093565, 
    -0.0533572832741082, -0.0522267640018604, -0.0602658117538144, 
    -0.0638816146585283, -0.064357494862189, -0.0673635441355377, 
    -0.0666130952380953, -0.0688828397115828, -0.0666130952380953, 
    -0.0610806519678469, -0.0601462286839086, -0.0666130952380953, 
    -0.0594895640001456, -0.061244325938837, -0.0758307019554362, 
    -0.0446591220936947, -0.0565745407965994, -0.0600265586390913, 
    -0.0562360421972082, -0.0666130952380953, -0.0689227361761715, 
    -0.0682862406274503, -0.0555708183936957, -0.0589677794786681, 
    -0.0708665637714991, -0.0519382307471952, -0.0741863721478495, 
    -0.063686277083832, -0.0741827947442969, -0.0638540077423921, 
    -0.0668140630411213, -0.0619661453806988, -0.0767893586147395, 
    -0.0666130952380953, -0.0555470106721629, -0.0666130952380953, 
    -0.0663182464349059, -0.0394848710225426, -0.0666130952380953, 
    -0.0666130952380953, -0.0731420131059363, -0.0645167595929896, 
    -0.0666130952380953, -0.0571267415393866, -0.0740564236240295, 
    -0.0666130952380953, -0.0653308663504573, -0.0627038037035831, 
    -0.0666130952380953, -0.0641173429674898, -0.0666130952380953, 
    -0.0666130952380953, -0.0666130952380953, -0.056627049698343, 
    -0.0713064309130488, -0.0666130952380953, -0.0670480789923106, 
    -0.0578952798285556, -0.0602054462081373, -0.0666130952380953, 
    -0.0666130952380953, -0.0666130952380953, -0.0401335491692314, 
    -0.0666130952380953, -0.0576351810709718, -0.0502151915341845, 
    -0.0635535911950639, -0.0649620731067596, -0.0583780083465247, 
    -0.0666130952380953, -0.0537382587522192, -0.0533103749812557, 
    -0.0770913554104505, -0.0666130952380953, -0.0666130952380953, 
    -0.0518143102090981, -0.0578932927886056, -0.0666130952380953, 
    -0.0601992849367042, -0.0600275776378958, -0.0950915728546486, 
    -0.0730550181279749, -0.067043175319459, -0.0602120165054344, 
    -0.0666130952380953, -0.0556465709467871, -0.0553303720249042, 
    -0.0675785837025541, -0.0368368830399074, -0.0666130952380953, 
    -0.0666130952380953, -0.0666130952380953, -0.0581993486246217, 
    -0.0597310206468849, -0.036816895260942, -0.0666130952380953, 
    -0.0589613932248545, -0.0666130952380953, -0.0619338200355066, 
    -0.0404891431663915, -0.0666130952380953, -0.0377801001705864, 
    -0.0666130952380953, -0.0651418968152257, -0.0494597397333098, 
    -0.0543007840154247, -0.0522819012933551, -0.0666130952380953, 
    -0.0740295852695165, -0.0666130952380953, -0.0679932224632878, 
    -0.0666130952380953, -0.066284979815399, -0.0666130952380953, 
    -0.059591831531511, -0.0659630911188793, -0.0773418405232038, 
    -0.0255141533046907, -0.0501311268776775, -0.0666130952380953, 
    -0.0593763622527732, -0.0520294452039465, -0.0666130952380953, 
    -0.0587932357930226, -0.0745135947555815, -0.0590357193333468, 
    -0.0397291928796435, -0.0666130952380953, -0.0582714316841161, 
    -0.0666130952380953, -0.0748669347312175, -0.0694259145265636, 
    -0.0666130952380953, -0.0388165114154905, -0.0666130952380953, 
    -0.0596803727953215, -0.0564676877796447, -0.0566173137049452, 
    -0.0721080406681529, -0.0507646201220195, -0.0691001205499611, 
    -0.0621910622480995, -0.0581977042074006, -0.0666130952380953, 
    -0.0562071951712207, -0.0736946136506111, -0.0505969273138631, 
    -0.0603873761513262, -0.0670620679525877, -0.0658415872722026, 
    -0.0444859849666833, -0.0666130952380953, -0.0544327327270881, 
    -0.051070998887203, -0.0485755458146396, -0.0658173257976924, 
    -0.0528927224314559, -0.0666130952380953, -0.0677446769894689, 
    -0.0577454635477203, -0.0580966068708283, -0.0666130952380953, 
    -0.0692574381552886, -0.0671072080943651, -0.0633947416218029, 
