run_x <-
structure(list(lm_df = structure(list(term = c("maxima_sc", "stretch_sc", 
"x_max_sc", "x_min_sc"), coef = c(0.0633071036704358, 0.0510580892995314, 
-0.0453134114155012, -0.0362456433120271), p_value = c(0.129319047466973, 
0.00977444945156514, 0.186106279861832, 0.155105428932422), rand_var = c(2.66767347237993, 
2.66767347237993, 2.66767347237993, 2.66767347237993), mean_rand = c(-0.964668158001907, 
-0.964668158001907, -0.964668158001907, -0.964668158001907), 
    sim_n = c(67L, 67L, 67L, 67L)), .Names = c("term", "coef", 
"p_value", "rand_var", "mean_rand", "sim_n"), class = c("tbl_df", 
"tbl", "data.frame"), row.names = c(NA, -4L)), lasso_df = structure(list(
    var = c("maxima", "stretch", "x_max", "x_min"), mean = c(0.726562053308931, 
    0.511481581812222, -0.490733760575672, -0.129097933787428
    ), prop = c(0.2175, 0.48, 0.0125, 0.17), rand_var = c(2.66767347237993, 
    2.66767347237993, 2.66767347237993, 2.66767347237993), mean_rand = c(-0.964668158001907, 
    -0.964668158001907, -0.964668158001907, -0.964668158001907
    ), sim_n = c(67L, 67L, 67L, 67L)), .Names = c("var", "mean", 
"prop", "rand_var", "mean_rand", "sim_n"), class = c("tbl_df", 
"tbl", "data.frame"), row.names = c(NA, -4L)), summ_stan_df = structure(list(
    shape1 = 3.99260910093906, shape2 = 4.5447108260169, stretch = 1.02636593843289, 
    x_min = 0.207515679169991, x_max = 1.99129055149727, maxima = 1.33655194268188, 
    rep = 67L), .Names = c("shape1", "shape2", "stretch", "x_min", 
"x_max", "maxima", "rep"), class = c("tbl_df", "tbl", "data.frame"
), row.names = c(NA, -1L))), .Names = c("lm_df", "lasso_df", 
"summ_stan_df"))
run_x <-
structure(list(lm_df = structure(list(term = c("maxima_sc", "stretch_sc", 
"x_max_sc", "x_min_sc"), coef = c(0.0633071036704358, 0.0510580892995314, 
-0.0453134114155012, -0.0362456433120271), p_value = c(0.129319047466973, 
0.00977444945156514, 0.186106279861832, 0.155105428932422), rand_var = c(2.66767347237993, 
2.66767347237993, 2.66767347237993, 2.66767347237993), mean_rand = c(-0.964668158001907, 
-0.964668158001907, -0.964668158001907, -0.964668158001907), 
    sim_n = c(67L, 67L, 67L, 67L)), .Names = c("term", "coef", 
"p_value", "rand_var", "mean_rand", "sim_n"), class = c("tbl_df", 
"tbl", "data.frame"), row.names = c(NA, -4L)), lasso_df = structure(list(
    var = c("maxima", "stretch", "x_max", "x_min"), mean = c(0.726562053308931, 
    0.511481581812222, -0.490733760575672, -0.129097933787428
    ), prop = c(0.2175, 0.48, 0.0125, 0.17), rand_var = c(2.66767347237993, 
    2.66767347237993, 2.66767347237993, 2.66767347237993), mean_rand = c(-0.964668158001907, 
    -0.964668158001907, -0.964668158001907, -0.964668158001907
    ), sim_n = c(67L, 67L, 67L, 67L)), .Names = c("var", "mean", 
"prop", "rand_var", "mean_rand", "sim_n"), class = c("tbl_df", 
"tbl", "data.frame"), row.names = c(NA, -4L)), summ_stan_df = structure(list(
    shape1 = 3.99260910093906, shape2 = 4.5447108260169, stretch = 1.02636593843289, 
    x_min = 0.207515679169991, x_max = 1.99129055149727, maxima = 1.33655194268188, 
    rep = 67L), .Names = c("shape1", "shape2", "stretch", "x_min", 
"x_max", "maxima", "rep"), class = c("tbl_df", "tbl", "data.frame"
), row.names = c(NA, -1L))), .Names = c("lm_df", "lasso_df", 
"summ_stan_df"))
run_x <-
structure(list(lasso_df = structure(list(var = c("maxima", "stretch", 
"x_max", "x_min"), mean = c(0.29737235715694, 0.353409721691579, 
-0.210589608180367, -0.09497903303775), prop = c(0.145, 0.43, 
0.01, 0.08), rand_var = c(2.66767347237993, 2.66767347237993, 
2.66767347237993, 2.66767347237993), mean_rand = c(-0.964668158001907, 
-0.964668158001907, -0.964668158001907, -0.964668158001907), 
    sim_n = c(67L, 67L, 67L, 67L)), .Names = c("var", "mean", 
"prop", "rand_var", "mean_rand", "sim_n"), class = c("tbl_df", 
"tbl", "data.frame"), row.names = c(NA, -4L)), lasso_depth = structure(list(
    draw = 1:400, `(Intercept)` = c(-0.059692472141775, -0.0623606052116992, 
    -0.0663883811539567, -0.0583364497299923, -0.0666729653275989, 
    -0.0731803274439887, -0.0666130952380953, -0.0676689112786562, 
    -0.0631701859933288, -0.0506316567261347, -0.0547297661451906, 
    -0.046999846669353, -0.0666130952380953, -0.0533392900721381, 
    -0.0545029693683507, -0.0655509799744297, -0.0637054286929044, 
    -0.0597014105841087, -0.0661275727695787, -0.0554956707752594, 
    -0.0574520067440622, -0.0696258856584409, -0.0436834778918567, 
    -0.0486835350505468, -0.0652991570744251, -0.0666130952380953, 
    -0.0544921400409315, -0.0550946422940499, -0.0690305184295338, 
    -0.039265949319019, -0.0693319269672917, -0.064639984224186, 
    -0.0649209631824862, -0.0666130952380953, -0.0642810731672797, 
    -0.0505623197210552, -0.0604986630265609, -0.0666130952380953, 
    -0.0535041252541237, -0.0666130952380953, -0.0666130952380953, 
    -0.0511154672967844, -0.0538962828211301, -0.066348735328506, 
    -0.0580404391170489, -0.0306666690700737, -0.0666130952380953, 
    -0.0666130952380953, -0.0409249310231248, -0.0653733416455827, 
    -0.0612778879921899, -0.0617611945186351, -0.0616864220823211, 
    -0.0610306065048613, -0.0666130952380953, -0.0666130952380953, 
    -0.0666130952380953, -0.0666130952380953, -0.0533549958675186, 
    -0.0666130952380953, -0.0591552536112965, -0.0700313685883921, 
    -0.0398816596885496, -0.0666130952380953, -0.0666130952380953, 
    -0.0602152025369971, -0.0531584376344487, -0.0440331335608848, 
    -0.0646358336766958, -0.0658221846276893, -0.0658197275559633, 
    -0.0666130952380953, -0.0526923345791974, -0.0395112101294917, 
    -0.0703221312672898, -0.0619599341236978, -0.046090310359777, 
    -0.0666130952380953, -0.0656848822911902, -0.0666130952380953, 
    -0.0629372882149895, -0.040656875686614, -0.0642387398557338, 
    -0.0541651632082267, -0.0837832975568702, -0.0666130952380953, 
    -0.0724881242611591, -0.0609246082673566, -0.0668779325522737, 
    -0.0741047193373249, -0.0712279004435785, -0.0458243894356052, 
    -0.0680362845598633, -0.0507862017061533, -0.0666130952380953, 
    -0.0624427931777055, -0.0591705279201571, -0.0666130952380953, 
    -0.0679820221207631, -0.0674231745750809, -0.0722884888987328, 
    -0.0666130952380953, -0.051402827469276, 0.00422184993614107, 
    -0.0697720604664702, -0.0521962345855541, -0.0666130952380953, 
    -0.0615430023998068, -0.0666130952380953, -0.0725223552270322, 
    -0.049668354681802, -0.0586026232054688, -0.0716036743625033, 
    -0.0579083935674478, -0.0567936680998256, -0.0689489049504664, 
    -0.0613503197482288, -0.0674654701927536, -0.0666130952380953, 
    -0.0336882810058519, -0.0249460858294836, -0.0619547229951255, 
    -0.0568714788035908, -0.0637938482339772, -0.0666130952380953, 
    -0.0610066644506407, -0.0666130952380953, -0.0635529820317674, 
    -0.0666130952380953, -0.0666130952380953, -0.054829153555811, 
    -0.0718056097551688, -0.0650472147658455, -0.0666130952380953, 
    -0.0666130952380953, -0.0665974903862348, -0.0537357799440275, 
    -0.0646699841628938, -0.0666130952380953, -0.0660251157594942, 
    -0.0543997657341442, -0.0666130952380953, -0.0603050196246917, 
    -0.0570072920513089, -0.0666130952380953, -0.0653016385134248, 
    -0.0602117750158195, -0.0666130952380953, -0.0597390244440543, 
    -0.0666130952380953, -0.0653945111980985, -0.0533953554889541, 
    -0.0595649701766337, -0.0550383900354032, -0.0720247157604915, 
    -0.0623490828150338, -0.0720915402085992, -0.0670077322567033, 
    -0.0513399268955908, -0.0666130952380953, -0.0666130952380953, 
    -0.0704080433254811, -0.0558485775427367, -0.0640419184970054, 
    -0.0122919801856758, -0.0580036711976001, -0.0604844421065628, 
    -0.0666130952380953, -0.0649854942555342, -0.0637560645494304, 
    -0.0666130952380953, -0.0506545828891821, -0.0569476777330299, 
    -0.0666130952380953, -0.0639217215787843, -0.0623744989047371, 
    -0.0638700979322434, -0.0497260883569561, -0.0771953169374525, 
