run_x <-
structure(list(lm_df = structure(list(term = c("maxima_sc", "stretch_sc", 
"x_max_sc", "x_min_sc"), coef = c(-0.0834205939326774, 0.049477551250207, 
0.0795296557964106, -0.0441442506769662), p_value = c(0.148636506506612, 
0.0537593388154474, 0.0534328029603592, 0.126631961229776), rand_var = c(3.30613026864822, 
3.30613026864822, 3.30613026864822, 3.30613026864822), mean_rand = c(-0.335138555643738, 
-0.335138555643738, -0.335138555643738, -0.335138555643738), 
    sim_n = c(83L, 83L, 83L, 83L)), .Names = c("term", "coef", 
"p_value", "rand_var", "mean_rand", "sim_n"), class = c("tbl_df", 
"tbl", "data.frame"), row.names = c(NA, -4L)), lasso_df = structure(list(
    var = c("maxima", "stretch", "x_max", "x_min"), mean = c(-0.0996405775709966, 
    0.0276200389881908, 0.276173496906749, -0.0727947333719408
    ), prop = c(0.0125, 0.07, 0.425, 0.0175), rand_var = c(3.30613026864822, 
    3.30613026864822, 3.30613026864822, 3.30613026864822), mean_rand = c(-0.335138555643738, 
    -0.335138555643738, -0.335138555643738, -0.335138555643738
    ), sim_n = c(83L, 83L, 83L, 83L)), .Names = c("var", "mean", 
"prop", "rand_var", "mean_rand", "sim_n"), class = c("tbl_df", 
"tbl", "data.frame"), row.names = c(NA, -4L)), summ_stan_df = structure(list(
    shape1 = 3.70764128576951, shape2 = 3.10993842562231, stretch = 5.45932037190513, 
    x_min = -0.244237440562456, x_max = 4.72910671631387, maxima = 3.18004958231238, 
    rep = 83L), .Names = c("shape1", "shape2", "stretch", "x_min", 
"x_max", "maxima", "rep"), class = c("tbl_df", "tbl", "data.frame"
), row.names = c(NA, -1L))), .Names = c("lm_df", "lasso_df", 
"summ_stan_df"))
run_x <-
structure(list(lm_df = structure(list(term = c("maxima_sc", "stretch_sc", 
"x_max_sc", "x_min_sc"), coef = c(-0.0834205939326774, 0.049477551250207, 
0.0795296557964106, -0.0441442506769662), p_value = c(0.148636506506612, 
0.0537593388154474, 0.0534328029603592, 0.126631961229776), rand_var = c(3.30613026864822, 
3.30613026864822, 3.30613026864822, 3.30613026864822), mean_rand = c(-0.335138555643738, 
-0.335138555643738, -0.335138555643738, -0.335138555643738), 
    sim_n = c(83L, 83L, 83L, 83L)), .Names = c("term", "coef", 
"p_value", "rand_var", "mean_rand", "sim_n"), class = c("tbl_df", 
"tbl", "data.frame"), row.names = c(NA, -4L)), lasso_df = structure(list(
    var = c("maxima", "stretch", "x_max", "x_min"), mean = c(-0.0996405775709966, 
    0.0276200389881908, 0.276173496906749, -0.0727947333719408
    ), prop = c(0.0125, 0.07, 0.425, 0.0175), rand_var = c(3.30613026864822, 
    3.30613026864822, 3.30613026864822, 3.30613026864822), mean_rand = c(-0.335138555643738, 
    -0.335138555643738, -0.335138555643738, -0.335138555643738
    ), sim_n = c(83L, 83L, 83L, 83L)), .Names = c("var", "mean", 
"prop", "rand_var", "mean_rand", "sim_n"), class = c("tbl_df", 
"tbl", "data.frame"), row.names = c(NA, -4L)), summ_stan_df = structure(list(
    shape1 = 3.70764128576951, shape2 = 3.10993842562231, stretch = 5.45932037190513, 
    x_min = -0.244237440562456, x_max = 4.72910671631387, maxima = 3.18004958231238, 
    rep = 83L), .Names = c("shape1", "shape2", "stretch", "x_min", 
"x_max", "maxima", "rep"), class = c("tbl_df", "tbl", "data.frame"
), row.names = c(NA, -1L))), .Names = c("lm_df", "lasso_df", 
"summ_stan_df"))
