run_x <-
structure(list(lm_df = structure(list(term = c("maxima_sc", "stretch_sc", 
"x_max_sc", "x_min_sc"), coef = c(0.11730010640076, 0.07260876806047, 
-0.0325964154980085, -0.0178657775981088), p_value = c(0.0226326646765307, 
0.00421726433974376, 0.130390718145934, 0.0990981305977618), 
    rand_var = c(0.244860958935047, 0.244860958935047, 0.244860958935047, 
    0.244860958935047), mean_rand = c(0.311310062235616, 0.311310062235616, 
    0.311310062235616, 0.311310062235616), sim_n = c(7L, 7L, 
    7L, 7L)), .Names = c("term", "coef", "p_value", "rand_var", 
"mean_rand", "sim_n"), class = c("tbl_df", "tbl", "data.frame"
), row.names = c(NA, -4L)), lasso_df = structure(list(var = c("maxima", 
"stretch", "x_max", "x_min"), mean = c(0.232270967061791, 0.110546310275561, 
-0.23449666334686, -0.12580426507415), prop = c(0.045, 0.115, 
0.005, 0.0125), rand_var = c(0.244860958935047, 0.244860958935047, 
0.244860958935047, 0.244860958935047), mean_rand = c(0.311310062235616, 
0.311310062235616, 0.311310062235616, 0.311310062235616), sim_n = c(7L, 
7L, 7L, 7L)), .Names = c("var", "mean", "prop", "rand_var", "mean_rand", 
"sim_n"), class = c("tbl_df", "tbl", "data.frame"), row.names = c(NA, 
-4L)), summ_stan_df = structure(list(shape1 = 3.90364898351936, 
    shape2 = 2.77477869845614, stretch = 0.978205073421655, x_min = -1.29664194871473, 
    x_max = 4.6910819234392, maxima = 3.09308035291433, rep = 7L), .Names = c("shape1", 
"shape2", "stretch", "x_min", "x_max", "maxima", "rep"), class = c("tbl_df", 
"tbl", "data.frame"), row.names = c(NA, -1L))), .Names = c("lm_df", 
"lasso_df", "summ_stan_df"))
