run_x <-
structure(list(lm_df = structure(list(term = c("maxima_sc", "stretch_sc", 
"x_max_sc", "x_min_sc"), coef = c(-0.0834205939326774, 0.049477551250207, 
0.0795296557964106, -0.0441442506769662), p_value = c(0.148636506506612, 
0.0537593388154474, 0.0534328029603592, 0.126631961229776), rand_var = c(3.30613026864822, 
3.30613026864822, 3.30613026864822, 3.30613026864822), mean_rand = c(-0.335138555643738, 
-0.335138555643738, -0.335138555643738, -0.335138555643738), 
    sim_n = c(83L, 83L, 83L, 83L)), .Names = c("term", "coef", 
"p_value", "rand_var", "mean_rand", "sim_n"), class = c("tbl_df", 
"tbl", "data.frame"), row.names = c(NA, -4L)), lasso_df = structure(list(
    var = c("maxima", "stretch", "x_max", "x_min"), mean = c(-0.0996405775709966, 
    0.0276200389881908, 0.276173496906749, -0.0727947333719408
    ), prop = c(0.0125, 0.07, 0.425, 0.0175), rand_var = c(3.30613026864822, 
    3.30613026864822, 3.30613026864822, 3.30613026864822), mean_rand = c(-0.335138555643738, 
    -0.335138555643738, -0.335138555643738, -0.335138555643738
    ), sim_n = c(83L, 83L, 83L, 83L)), .Names = c("var", "mean", 
"prop", "rand_var", "mean_rand", "sim_n"), class = c("tbl_df", 
"tbl", "data.frame"), row.names = c(NA, -4L)), summ_stan_df = structure(list(
    shape1 = 3.70764128576951, shape2 = 3.10993842562231, stretch = 5.45932037190513, 
    x_min = -0.244237440562456, x_max = 4.72910671631387, maxima = 3.18004958231238, 
    rep = 83L), .Names = c("shape1", "shape2", "stretch", "x_min", 
"x_max", "maxima", "rep"), class = c("tbl_df", "tbl", "data.frame"
), row.names = c(NA, -1L))), .Names = c("lm_df", "lasso_df", 
"summ_stan_df"))
run_x <-
structure(list(lm_df = structure(list(term = c("maxima_sc", "stretch_sc", 
"x_max_sc", "x_min_sc"), coef = c(-0.0834205939326774, 0.049477551250207, 
0.0795296557964106, -0.0441442506769662), p_value = c(0.148636506506612, 
0.0537593388154474, 0.0534328029603592, 0.126631961229776), rand_var = c(3.30613026864822, 
3.30613026864822, 3.30613026864822, 3.30613026864822), mean_rand = c(-0.335138555643738, 
-0.335138555643738, -0.335138555643738, -0.335138555643738), 
    sim_n = c(83L, 83L, 83L, 83L)), .Names = c("term", "coef", 
"p_value", "rand_var", "mean_rand", "sim_n"), class = c("tbl_df", 
"tbl", "data.frame"), row.names = c(NA, -4L)), lasso_df = structure(list(
    var = c("maxima", "stretch", "x_max", "x_min"), mean = c(-0.0996405775709966, 
    0.0276200389881908, 0.276173496906749, -0.0727947333719408
    ), prop = c(0.0125, 0.07, 0.425, 0.0175), rand_var = c(3.30613026864822, 
    3.30613026864822, 3.30613026864822, 3.30613026864822), mean_rand = c(-0.335138555643738, 
    -0.335138555643738, -0.335138555643738, -0.335138555643738
    ), sim_n = c(83L, 83L, 83L, 83L)), .Names = c("var", "mean", 
"prop", "rand_var", "mean_rand", "sim_n"), class = c("tbl_df", 
"tbl", "data.frame"), row.names = c(NA, -4L)), summ_stan_df = structure(list(
    shape1 = 3.70764128576951, shape2 = 3.10993842562231, stretch = 5.45932037190513, 
    x_min = -0.244237440562456, x_max = 4.72910671631387, maxima = 3.18004958231238, 
    rep = 83L), .Names = c("shape1", "shape2", "stretch", "x_min", 
"x_max", "maxima", "rep"), class = c("tbl_df", "tbl", "data.frame"
), row.names = c(NA, -1L))), .Names = c("lm_df", "lasso_df", 
"summ_stan_df"))
run_x <-
structure(list(lasso_df = structure(list(var = c("maxima", "stretch", 
"x_max", "x_min"), mean = c(0.0223287100235954, 0.309631521247058, 
0.178173183578376, -0.0349216348985956), prop = c(0.07, 0.18, 
0.2125, 0.0275), rand_var = c(3.30613026864822, 3.30613026864822, 
3.30613026864822, 3.30613026864822), mean_rand = c(-0.335138555643738, 
-0.335138555643738, -0.335138555643738, -0.335138555643738), 
    sim_n = c(83L, 83L, 83L, 83L)), .Names = c("var", "mean", 
"prop", "rand_var", "mean_rand", "sim_n"), class = c("tbl_df", 
"tbl", "data.frame"), row.names = c(NA, -4L)), lasso_depth = structure(list(
    draw = 1:400, `(Intercept)` = c(-0.0288984021422502, -0.0666130952380953, 
    0.0797353295049524, 0.115157256391689, -0.00563975756583883, 
    0.0153219597928606, -0.0212133737344439, -0.0666130952380953, 
    0.0419957639641906, 0.049287282871627, 0.0792558484614098, 
    0.185056452270865, -0.0666130952380953, 0.0161634077203071, 
    0.11531793246746, 0.092128795932985, -0.00512093058216715, 
    -0.000578175993144345, -0.0666130952380953, -0.0666130952380953, 
    -0.0666130952380953, -0.164280019284581, -0.0427402960460312, 
    -0.0666130952380953, -0.00996085742099743, 0.0856060524953071, 
    0.115614912359103, 0.0890588012908547, -0.0666130952380953, 
    -0.0666130952380953, 0.330151877747666, -0.0401358556375815, 
    -0.0673710846155492, 0.220321069894648, 0.142150824009777, 
    0.102372536265274, -0.0666130952380953, 0.0194673214744861, 
    -0.0666130952380953, -0.0504663650162027, -0.0917995314578503, 
    0.145420617726362, -0.0666130952380953, 0.0326536436606824, 
    0.0260728092138035, -0.150744412671625, 0.087982850487663, 
    0.162144477612707, 0.0142631353895779, 0.0657411825737945, 
    -0.0666130952380953, 0.0449934344258033, 0.208953567979403, 
    -0.0666130952380953, 0.127590890737349, -0.0666130952380953, 
    0.187294668529962, 0.0155763351502622, -0.0598218747947614, 
    0.0104208037056005, -0.0620472714505588, -0.0840341197623789, 
    0.142182680043178, 0.0836317027717904, -0.00639984833854897, 
    -0.0666130952380953, -0.0666130952380953, -0.0666130952380953, 
    -0.0918766556544416, -0.0666130952380953, 0.0302138725398811, 
    -0.121326366213131, -0.0525664710682096, -0.0666130952380953, 
    -0.0464993206615386, 0.0814079074550098, -0.00918331328349285, 
    0.102681336302117, 0.0608299400665022, 0.043690369705683, 
    0.0583986166885815, -0.0666130952380953, 0.24428106486392, 
    -0.0666130952380953, -0.0666130952380953, -0.0666130952380953, 
    -0.0666130952380953, 0.0631813665796022, -0.103028584040539, 
    -0.0163521911806484, 0.0470020666191297, -0.0734419589149784, 
    -0.0666130952380953, -0.0577366507618822, 0.0742860769539707, 
    -0.0666130952380953, 0.0406010055866181, -0.0666130952380953, 
    -0.0383025209222001, 0.158916760885507, -0.0666130952380953, 
    -0.0666130952380953, -0.0862524095742426, -0.0666130952380953, 
    -0.111480641910202, -0.0666130952380953, -0.0666130952380953, 
    -0.0666130952380953, -0.0666130952380953, -0.0666130952380953, 
    -0.0786115966988509, -0.0666130952380953, -0.0782986053127145, 
    -0.0892747245581285, -0.0666130952380953, -0.0666130952380953, 
    -0.198288086752665, -0.0666130952380953, -0.0666130952380953, 
    -0.0666130952380953, -0.0666130952380953, -0.0666130952380953, 
    -0.0666130952380953, -0.0666130952380953, -0.233476953551035, 
    -0.0771581859304781, -0.0666130952380953, -0.0666130952380953, 
    -0.0843604320018117, -0.0908570219263372, -0.0666130952380953, 
    -0.0666130952380953, -0.0666130952380953, 0.12709611354218, 
    -0.0666130952380953, -0.151854979442763, -0.0666130952380953, 
    -0.0666130952380953, -0.0666130952380953, -0.0666130952380953, 
    -0.0666130952380953, -0.0666130952380953, -0.0666130952380953, 
    -0.0666130952380953, -0.0666130952380953, -0.0666130952380953, 
    -0.0666130952380953, -0.13503700370663, 0.401200242596026, 
    -0.0666130952380953, -0.0666130952380953, -0.0666130952380953, 
    -0.0666130952380953, -0.384805160700639, -0.165499559410865, 
    -0.0666130952380953, -0.0666130952380953, -0.0666130952380953, 
    -0.00939934059539965, -0.0666130952380953, -0.0666130952380953, 
    -0.0666130952380953, -0.102377813701133, -0.0666130952380953, 
    -0.0666130952380953, -0.0666130952380953, -0.184297404512555, 
    -0.0666130952380953, -0.363311825182835, -0.0666130952380953, 
    -0.0876234324018901, -0.449638614772466, -0.0666130952380953, 
    -0.0666130952380953, -0.0957969910791402, -0.0666130952380953, 
    -0.0666130952380953, -0.124505689112272, -0.124791867348295, 
