run_x <-
structure(list(lm_df = structure(list(term = c("maxima_sc", "stretch_sc", 
"x_max_sc", "x_min_sc"), coef = c(0.0314972435593612, 0.0711750694658359, 
-0.0133427267869753, -0.0035571095367828), p_value = c(0.0363776467886939, 
0.0011143118542839, 0.162196048195184, 0.0762160201681444), rand_var = c(0, 
0, 0, 0), mean_rand = c(0, 0, 0, 0), sim_n = c(1L, 1L, 1L, 1L
)), .Names = c("term", "coef", "p_value", "rand_var", "mean_rand", 
"sim_n"), class = c("tbl_df", "tbl", "data.frame"), row.names = c(NA, 
-4L)), lasso_df = structure(list(var = c("maxima", "stretch", 
"x_max", "x_min"), mean = c(0.0192722976552223, 0.0849919478162127, 
-0.0424101757546393, -0.0517854482375992), prop = c(0.0275, 0.1025, 
0.0075, 0.015), rand_var = c(0, 0, 0, 0), mean_rand = c(0, 0, 
0, 0), sim_n = c(1L, 1L, 1L, 1L)), .Names = c("var", "mean", 
"prop", "rand_var", "mean_rand", "sim_n"), class = c("tbl_df", 
"tbl", "data.frame"), row.names = c(NA, -4L)), summ_stan_df = structure(list(
    shape1 = 3.40249454478317, shape2 = 3.26034302535486, stretch = 0.900614089455655, 
    x_min = -0.803739188971618, x_max = 4.78228223093977, maxima = 2.85606196018248, 
    rep = 1L), .Names = c("shape1", "shape2", "stretch", "x_min", 
"x_max", "maxima", "rep"), class = c("tbl_df", "tbl", "data.frame"
), row.names = c(NA, -1L))), .Names = c("lm_df", "lasso_df", 
"summ_stan_df"))
run_x <-
structure(list(lm_df = structure(list(term = c("maxima_sc", "stretch_sc", 
"x_max_sc", "x_min_sc"), coef = c(0.0314972435593612, 0.0711750694658359, 
-0.0133427267869753, -0.0035571095367828), p_value = c(0.0363776467886939, 
0.0011143118542839, 0.162196048195184, 0.0762160201681444), rand_var = c(0, 
0, 0, 0), mean_rand = c(0, 0, 0, 0), sim_n = c(1L, 1L, 1L, 1L
)), .Names = c("term", "coef", "p_value", "rand_var", "mean_rand", 
"sim_n"), class = c("tbl_df", "tbl", "data.frame"), row.names = c(NA, 
-4L)), lasso_df = structure(list(var = c("maxima", "stretch", 
"x_max", "x_min"), mean = c(0.0192722976552223, 0.0849919478162127, 
-0.0424101757546393, -0.0517854482375992), prop = c(0.0275, 0.1025, 
0.0075, 0.015), rand_var = c(0, 0, 0, 0), mean_rand = c(0, 0, 
0, 0), sim_n = c(1L, 1L, 1L, 1L)), .Names = c("var", "mean", 
"prop", "rand_var", "mean_rand", "sim_n"), class = c("tbl_df", 
"tbl", "data.frame"), row.names = c(NA, -4L)), summ_stan_df = structure(list(
    shape1 = 3.40249454478317, shape2 = 3.26034302535486, stretch = 0.900614089455655, 
    x_min = -0.803739188971618, x_max = 4.78228223093977, maxima = 2.85606196018248, 
    rep = 1L), .Names = c("shape1", "shape2", "stretch", "x_min", 
"x_max", "maxima", "rep"), class = c("tbl_df", "tbl", "data.frame"
), row.names = c(NA, -1L))), .Names = c("lm_df", "lasso_df", 
"summ_stan_df"))
run_x <-
structure(list(lasso_df = structure(list(var = c("maxima", "stretch", 
"x_max", "x_min"), mean = c(0.0192749465731121, 0.0849918419701007, 
-0.0424116008095202, -0.0517930517357468), prop = c(0.0275, 0.1025, 
0.0075, 0.015), rand_var = c(0, 0, 0, 0), mean_rand = c(0, 0, 
0, 0), sim_n = c(1L, 1L, 1L, 1L)), .Names = c("var", "mean", 
"prop", "rand_var", "mean_rand", "sim_n"), class = c("tbl_df", 
"tbl", "data.frame"), row.names = c(NA, -4L)), lasso_depth = structure(list(
    draw = 1:400, `(Intercept)` = c(-0.0657301852347022, -0.0595849174306954, 
    -0.0618008891385612, -0.0663727561030956, -0.0715982006188832, 
    -0.0550746235102637, -0.0999568233958271, -0.08075869367139, 
    -0.0663535784712841, -0.0686492779502676, -0.0724238014604431, 
    -0.0621633069337814, -0.0661065070206903, -0.0789425578616756, 
    -0.0825841742350782, -0.0655057301601566, -0.0541496535626586, 
    -0.0645205081261237, -0.0588425230093659, -0.0650323966180957, 
    -0.0440832148841997, -0.0628140972661951, -0.0621720302114202, 
    -0.0549926231297858, -0.0599742491186768, -0.0768373239128238, 
    -0.0752181150217034, -0.0577725755898626, -0.0581385057152989, 
    -0.0661535251842223, -0.0678573012772027, -0.0662983445457362, 
    -0.0350961103860742, -0.0646914189716973, -0.0690565495298236, 
    -0.0698874449820744, -0.078465122789208, -0.0666130952380953, 
    -0.0537745023727206, -0.0636133649641473, -0.0608476920500833, 
    -0.076238364297542, -0.0670007988699887, -0.0510779501660068, 
    -0.077550602614077, -0.0629230015893623, -0.0606687457274013, 
    -0.0659879878763942, -0.0676654293007773, -0.0665854854579433, 
    -0.0634370576720662, -0.00730994861124503, -0.0760133828202531, 
    -0.0628311454001195, -0.0621099405100845, -0.0538759819578958, 
    -0.0646060409609101, -0.0687348146723641, -0.0606904222919648, 
    -0.0640236373857345, -0.062226418515778, -0.0643677184519664, 
    -0.0663341193483805, -0.0601908785998524, -0.0693169781035917, 
    -0.0787425800982398, -0.0652738535162735, -0.0579336669148002, 
    -0.0714873556340298, -0.0472399256541183, -0.0505600752064161, 
    -0.0806030224654537, -0.0665431978354043, -0.0532761344310616, 
    -0.0796173053136255, -0.0845128850153628, -0.0573146049321089, 
    -0.0679673159833236, -0.0706592974295245, -0.029476456832262, 
    -0.0585164812887572, -0.0583336354090609, -0.0733425003219035, 
    -0.0654431320896056, -0.0545183706149253, -0.0577015562910941, 
    -0.0811841102092188, -0.0518426577716453, -0.0636932700695144, 
    -0.0608500859627452, -0.0614812839503319, -0.0518923411032879, 
    -0.0740740601653408, -0.068432606719804, -0.061669859495216, 
    -0.0597781158913282, -0.070873663961758, -0.0747734394125153, 
    -0.093311370344988, -0.0853213654191403, -0.0780934673141419, 
    -0.0667072048637908, -0.0615678696207372, -0.0625924557711137, 
    -0.0755760479402568, -0.0624915789986227, -0.0588812079421129, 
    -0.070832294621763, -0.0616080843572776, -0.0677830686783316, 
    -0.0634411598203464, -0.0696874059210993, -0.0662555373584505, 
    -0.0615393646865569, -0.0657671582090389, -0.0578831635627004, 
    -0.0948904235843816, -0.0634733084564816, -0.0531924771639302, 
    -0.064552766264163, -0.0652577489005298, -0.0671968102087521, 
    -0.0660491062312505, -0.0592602782191237, -0.067272785481106, 
    -0.0560828907922497, -0.0633167190999528, -0.058750884105883, 
    -0.0496956154278802, -0.0639828131652386, -0.0637950552387399, 
    -0.0649180210512564, -0.0556526343075949, -0.0616236312240995, 
    -0.0637205448756623, -0.0652684154730955, -0.0652366736824772, 
    -0.100234062304256, -0.0738109898377942, -0.0645915324715409, 
    -0.0599220057381424, -0.0669750041022479, -0.0603405530951232, 
    -0.0690708391795185, -0.0639101487005418, -0.0552573220164204, 
    -0.0651619181398256, -0.056312625460972, -0.0730097315731956, 
    -0.0737451443121558, -0.0721600680765037, -0.0668689172633628, 
    -0.0663047299114884, -0.049066321135039, -0.0724426010213789, 
    -0.0727681910694922, -0.0542713788441065, -0.064440441958794, 
    -0.053805050608282, -0.0637216407570115, -0.062979253440443, 
    -0.0735601361590355, -0.0666130952380953, -0.0605772389676676, 
    -0.0629408659112995, -0.0599546383735537, -0.0578485355877101, 
    -0.0422425782369195, -0.0714918990588936, -0.0618822097831328, 
    -0.0725953169483874, -0.0875574153048956, -0.0832934354132214, 
    -0.0716999179172658, -0.0657430685403789, -0.0534135934836303, 
    -0.0630602209514059, -0.0681586824841209, -0.0654401858796902, 
    -0.0743835539496666, -0.0581008552143206, -0.0773290587956261, 
    -0.0692652757061836, -0.0830928772204931, -0.0693319904838872, 
    -0.0625652051642564, -0.0617644215781638, -0.0824771140456369, 
    -0.0644088798857023, -0.064505569028569, -0.0659084739585672, 
    -0.0706448916111987, -0.0662704661613494, -0.069669068715801, 
    -0.068960256312687, -0.0666130952380953, -0.0459142621421458, 
    -0.0666130952380953, -0.0440572114167648, -0.0694584063345118, 
    -0.0696308750365125, -0.0617678987494443, -0.0547155074679756, 
    -0.0522939151244971, -0.0582427814653431, -0.0565656716134064, 
    -0.0541500357886608, -0.0704850210832662, -0.0471571567076803, 
