run_x <-
structure(list(lm_df = structure(list(term = c("maxima_sc", "stretch_sc", 
"x_max_sc", "x_min_sc"), coef = c(0.0331772526454298, 0.065651871381133, 
-0.0341214899533202, -0.0171669171398888), p_value = c(0.0505046368971668, 
0.00176003545670678, 0.0425581098022174, 0.041264878034102), 
    rand_var = c(1.81938998906965, 1.81938998906965, 1.81938998906965, 
    1.81938998906965), mean_rand = c(-0.808029963985818, -0.808029963985818, 
    -0.808029963985818, -0.808029963985818), sim_n = c(46L, 46L, 
    46L, 46L)), .Names = c("term", "coef", "p_value", "rand_var", 
"mean_rand", "sim_n"), class = c("tbl_df", "tbl", "data.frame"
), row.names = c(NA, -4L)), lasso_df = structure(list(var = c("maxima", 
"stretch", "x_max", "x_min"), mean = c(-0.0977314390113675, 0.197639562796544, 
-0.208070285268669, -0.0653177460469357), prop = c(0.0475, 0.2175, 
0.005, 0.02), rand_var = c(1.81938998906965, 1.81938998906965, 
1.81938998906965, 1.81938998906965), mean_rand = c(-0.808029963985818, 
-0.808029963985818, -0.808029963985818, -0.808029963985818), 
    sim_n = c(46L, 46L, 46L, 46L)), .Names = c("var", "mean", 
"prop", "rand_var", "mean_rand", "sim_n"), class = c("tbl_df", 
"tbl", "data.frame"), row.names = c(NA, -4L)), summ_stan_df = structure(list(
    shape1 = 3.87492535997027, shape2 = 4.56946020955947, stretch = 0.771735241200613, 
    x_min = -0.0479874762814929, x_max = 2.64689710151975, maxima = 1.62090650473785, 
    rep = 46L), .Names = c("shape1", "shape2", "stretch", "x_min", 
"x_max", "maxima", "rep"), class = c("tbl_df", "tbl", "data.frame"
), row.names = c(NA, -1L))), .Names = c("lm_df", "lasso_df", 
"summ_stan_df"))
run_x <-
structure(list(lm_df = structure(list(term = c("maxima_sc", "stretch_sc", 
"x_max_sc", "x_min_sc"), coef = c(0.0331772526454298, 0.065651871381133, 
-0.0341214899533202, -0.0171669171398888), p_value = c(0.0505046368971668, 
0.00176003545670678, 0.0425581098022174, 0.041264878034102), 
    rand_var = c(1.81938998906965, 1.81938998906965, 1.81938998906965, 
    1.81938998906965), mean_rand = c(-0.808029963985818, -0.808029963985818, 
    -0.808029963985818, -0.808029963985818), sim_n = c(46L, 46L, 
    46L, 46L)), .Names = c("term", "coef", "p_value", "rand_var", 
"mean_rand", "sim_n"), class = c("tbl_df", "tbl", "data.frame"
), row.names = c(NA, -4L)), lasso_df = structure(list(var = c("maxima", 
"stretch", "x_max", "x_min"), mean = c(-0.0977314390113675, 0.197639562796544, 
-0.208070285268669, -0.0653177460469357), prop = c(0.0475, 0.2175, 
0.005, 0.02), rand_var = c(1.81938998906965, 1.81938998906965, 
1.81938998906965, 1.81938998906965), mean_rand = c(-0.808029963985818, 
-0.808029963985818, -0.808029963985818, -0.808029963985818), 
    sim_n = c(46L, 46L, 46L, 46L)), .Names = c("var", "mean", 
"prop", "rand_var", "mean_rand", "sim_n"), class = c("tbl_df", 
"tbl", "data.frame"), row.names = c(NA, -4L)), summ_stan_df = structure(list(
    shape1 = 3.87492535997027, shape2 = 4.56946020955947, stretch = 0.771735241200613, 
    x_min = -0.0479874762814929, x_max = 2.64689710151975, maxima = 1.62090650473785, 
    rep = 46L), .Names = c("shape1", "shape2", "stretch", "x_min", 
"x_max", "maxima", "rep"), class = c("tbl_df", "tbl", "data.frame"
), row.names = c(NA, -1L))), .Names = c("lm_df", "lasso_df", 
"summ_stan_df"))
run_x <-
structure(list(lasso_df = structure(list(var = c("maxima", "stretch", 
"x_max", "x_min"), mean = c(0.0368792519156061, 0.18763150467887, 
-0.275201812888436, -0.150375726213803), prop = c(0.0325, 0.225, 
0.0075, 0.0325), rand_var = c(1.81938998906965, 1.81938998906965, 
1.81938998906965, 1.81938998906965), mean_rand = c(-0.808029963985818, 
-0.808029963985818, -0.808029963985818, -0.808029963985818), 
    sim_n = c(46L, 46L, 46L, 46L)), .Names = c("var", "mean", 
"prop", "rand_var", "mean_rand", "sim_n"), class = c("tbl_df", 
"tbl", "data.frame"), row.names = c(NA, -4L)), lasso_depth = structure(list(
    draw = 1:400, `(Intercept)` = c(-0.0695988459162915, -0.0481293428733261, 
    -0.0554858950967398, -0.0545050056382979, -0.072975985867478, 
    -0.0573373967220901, -0.0419345619745223, -0.0625835265926426, 
    -0.0833900177965211, -0.0582155916201699, -0.0636077315361606, 
    -0.0807737200175295, -0.059815433767877, -0.069608924141356, 
    -0.0901540504340168, -0.0518727100009891, -0.0719757163375581, 
    -0.0717911842605287, -0.0808409416703195, -0.0679019962251644, 
    -0.0680869625414514, -0.0679309970058255, -0.0670920094557456, 
    -0.0472738128612236, -0.0381082187925431, -0.0313415399464687, 
    -0.0559419029881527, -0.0637839709886373, -0.0715926967210596, 
    -0.0648663887339693, -0.0391324827477151, -0.066243584977024, 
    -0.0585132871481174, -0.0693818280034661, -0.071064244845623, 
    -0.0694322025935722, -0.0700741266960972, -0.0488184604000775, 
    -0.0617131908677345, -0.0751332909837524, -0.0662422114584487, 
    -0.061360209504026, -0.0531639856157111, -0.0620746571728477, 
    -0.0619041737623775, -0.075224962008607, -0.0724680896377891, 
    -0.0611674295044325, -0.0730239251486245, -0.0577487069935609, 
    -0.0654828537250974, -0.0540402998637569, -0.0640684930460262, 
    -0.0395357587732018, -0.0661039864639595, -0.0720716899044684, 
    -0.0595973267911796, -0.0476225009044577, -0.0620721396914509, 
    -0.0774211383366588, -0.0542610139175999, -0.059917217311206, 
    -0.0535708659108377, -0.0670567490011266, -0.0749346885101423, 
    -0.0673255236241166, -0.0604224466651444, -0.0467670182076017, 
    -0.0588121044649805, -0.0600356006446236, -0.0762477070923154, 
    -0.0698142151260382, -0.0635805206737944, -0.0727819692660741, 
    -0.0365450978411473, -0.0607059663453622, -0.0471182346958074, 
    -0.0378742709138247, -0.0628851785190336, -0.0428898723859062, 
    -0.0412909236477384, -0.0688668850213676, -0.0617659677517372, 
    -0.073265048374674, -0.0704096029511177, -0.0625297646677525, 
    -0.0788347733159131, -0.0700337020619754, -0.0630576838487718, 
    -0.0610446213442574, -0.0700332965421109, -0.0454629751532713, 
    -0.0716349631869215, -0.0552141292561957, -0.0508139675029058, 
    -0.0646598285033207, -0.0677418565310949, -0.0598935631023277, 
    -0.0447887294790962, -0.0694403266803533, -0.0666130952380953, 
    -0.0666130952380953, -0.0606562659384974, -0.0581645778408915, 
    -0.0616161412678982, -0.0666130952380953, -0.0666130952380953, 
    -0.0518289393082624, -0.0648578813869006, -0.0519121923025946, 
    -0.0666994524672058, -0.0643684489401696, -0.0482955401664534, 
    -0.0666130952380953, -0.0665276464752565, -0.0580526908020356, 
    -0.0484661357040546, -0.0666130952380953, -0.0552747695239958, 
    -0.0514540666826881, -0.0661943088277514, -0.0630275045213277, 
    -0.0674663059295475, -0.0686672967493268, -0.0666130952380953, 
    -0.0507151052006864, -0.0657672577052722, -0.0435121421542977, 
    -0.0657982746541181, -0.0622004285381817, -0.0664046046323888, 
    -0.0666130952380953, -0.0586453542268172, -0.0515335999091811, 
    -0.0666130952380953, -0.0686228408443431, -0.044142251539153, 
    -0.0666130952380953, -0.0541172396621336, -0.0662822330963303, 
    -0.0516229014948091, -0.0629361621127097, -0.0645116508816339, 
    -0.057165286825629, -0.0666130952380953, -0.0608346048683078, 
    -0.0451831510342805, -0.0226884827771007, -0.06634295795583, 
    -0.0666130952380953, -0.0452145886143536, -0.0538487380831674, 
    -0.052740514281982, -0.0661943088277514, -0.0603638238112287, 
    -0.0666130952380953, -0.054772402748577, -0.0614569892188762, 
    -0.0632367704228883, -0.0666130952380953, -0.0505921143987006, 
    -0.0612539968545396, -0.051136972873202, -0.0490191721607129, 
    -0.061405110420079, -0.0604199341950582, -0.0592997097581447, 
    -0.0573815038579572, -0.0562574524533668, -0.0639057850932775, 
    -0.0666130952380953, -0.0558333060582066, -0.0666130952380953, 
    -0.0666130952380953, -0.0666130952380953, -0.0666130952380953, 
