run_x <-
structure(list(lm_df = structure(list(term = c("maxima_sc", "stretch_sc", 
"x_max_sc", "x_min_sc"), coef = c(-0.0835441254689772, 0.0352677425055282, 
0.0486455684267596, -0.0733756920586411), p_value = c(0.0518997678042226, 
0.0235679439589644, 0.135178263583774, 0.00430657139136283), 
    rand_var = c(3.46288656126394, 3.46288656126394, 3.46288656126394, 
    3.46288656126394), mean_rand = c(-0.419643221034459, -0.419643221034459, 
    -0.419643221034459, -0.419643221034459), sim_n = c(87L, 87L, 
    87L, 87L)), .Names = c("term", "coef", "p_value", "rand_var", 
"mean_rand", "sim_n"), class = c("tbl_df", "tbl", "data.frame"
), row.names = c(NA, -4L)), lasso_df = structure(list(var = c("maxima", 
"stretch", "x_max", "x_min"), mean = c(-0.0691944288105645, -0.00717418397616598, 
0.182033292846807, -0.242815506890829), prop = c(0.0925, 0.1075, 
0.1725, 0.0075), rand_var = c(3.46288656126394, 3.46288656126394, 
3.46288656126394, 3.46288656126394), mean_rand = c(-0.419643221034459, 
-0.419643221034459, -0.419643221034459, -0.419643221034459), 
    sim_n = c(87L, 87L, 87L, 87L)), .Names = c("var", "mean", 
"prop", "rand_var", "mean_rand", "sim_n"), class = c("tbl_df", 
"tbl", "data.frame"), row.names = c(NA, -4L)), summ_stan_df = structure(list(
    shape1 = 3.64113343292168, shape2 = 2.91383010244913, stretch = 4.57988031536012, 
    x_min = -0.527963994587279, x_max = 4.69405612765934, maxima = 3.19728692234639, 
    rep = 87L), .Names = c("shape1", "shape2", "stretch", "x_min", 
"x_max", "maxima", "rep"), class = c("tbl_df", "tbl", "data.frame"
), row.names = c(NA, -1L))), .Names = c("lm_df", "lasso_df", 
"summ_stan_df"))
run_x <-
structure(list(lm_df = structure(list(term = c("maxima_sc", "stretch_sc", 
"x_max_sc", "x_min_sc"), coef = c(-0.0835441254689772, 0.0352677425055282, 
0.0486455684267596, -0.0733756920586411), p_value = c(0.0518997678042226, 
0.0235679439589644, 0.135178263583774, 0.00430657139136283), 
    rand_var = c(3.46288656126394, 3.46288656126394, 3.46288656126394, 
    3.46288656126394), mean_rand = c(-0.419643221034459, -0.419643221034459, 
    -0.419643221034459, -0.419643221034459), sim_n = c(87L, 87L, 
    87L, 87L)), .Names = c("term", "coef", "p_value", "rand_var", 
"mean_rand", "sim_n"), class = c("tbl_df", "tbl", "data.frame"
), row.names = c(NA, -4L)), lasso_df = structure(list(var = c("maxima", 
"stretch", "x_max", "x_min"), mean = c(-0.0691944288105645, -0.00717418397616598, 
0.182033292846807, -0.242815506890829), prop = c(0.0925, 0.1075, 
0.1725, 0.0075), rand_var = c(3.46288656126394, 3.46288656126394, 
3.46288656126394, 3.46288656126394), mean_rand = c(-0.419643221034459, 
-0.419643221034459, -0.419643221034459, -0.419643221034459), 
    sim_n = c(87L, 87L, 87L, 87L)), .Names = c("var", "mean", 
"prop", "rand_var", "mean_rand", "sim_n"), class = c("tbl_df", 
"tbl", "data.frame"), row.names = c(NA, -4L)), summ_stan_df = structure(list(
    shape1 = 3.64113343292168, shape2 = 2.91383010244913, stretch = 4.57988031536012, 
    x_min = -0.527963994587279, x_max = 4.69405612765934, maxima = 3.19728692234639, 
    rep = 87L), .Names = c("shape1", "shape2", "stretch", "x_min", 
"x_max", "maxima", "rep"), class = c("tbl_df", "tbl", "data.frame"
), row.names = c(NA, -1L))), .Names = c("lm_df", "lasso_df", 
"summ_stan_df"))
run_x <-
structure(list(lasso_df = structure(list(var = c("maxima", "stretch", 
"x_max", "x_min"), mean = c(0.106205923797183, 0.108839706242091, 
0.0795315905677505, -0.115092097396361), prop = c(0.1875, 0.1025, 
0.18, 0.01), rand_var = c(3.46288656126394, 3.46288656126394, 
3.46288656126394, 3.46288656126394), mean_rand = c(-0.419643221034459, 
-0.419643221034459, -0.419643221034459, -0.419643221034459), 
    sim_n = c(87L, 87L, 87L, 87L)), .Names = c("var", "mean", 
"prop", "rand_var", "mean_rand", "sim_n"), class = c("tbl_df", 
"tbl", "data.frame"), row.names = c(NA, -4L)), lasso_depth = structure(list(
    draw = 1:400, `(Intercept)` = c(-0.0680069191809077, -0.0525779819455739, 
    -0.0666130952380953, -0.0604239163331304, -0.0666130952380953, 
    -0.0666130952380953, -0.0584546976795232, -0.0666130952380953, 
    -0.0666130952380953, -0.0666130952380953, -0.0666130952380953, 
    -0.0538512593792992, -0.0666130952380953, -0.0212913611217475, 
    -0.0666130952380953, -0.0666130952380953, -0.0588305782659702, 
    -0.0654888482573592, -0.0627982929259626, -0.0666130952380953, 
    -0.0666130952380953, -0.0487010493287212, -0.0492024485233575, 
    -0.0666130952380953, -0.101127915894368, -0.0523030586109589, 
    -0.0666130952380953, -0.0666130952380953, -0.0978307944382482, 
    -0.074178830368722, -0.0581267988180302, -0.0666130952380953, 
    -0.0437501818013041, 0.00374195774727024, -0.0666130952380953, 
    -0.0382762850301985, -0.0666130952380953, -0.0666130952380953, 
    -0.0926663856204514, -0.0817791499121405, -0.0636439827788836, 
    -0.0693813055674814, -0.0666130952380953, -0.0666130952380953, 
    -0.0341085425476664, -0.0454202690105636, -0.00681256587256069, 
    -0.0530387902580315, -0.0433561006786133, -0.064142834983586, 
    -0.0588704006638073, -0.0547595622166364, -0.0634058591287103, 
    -0.0737499030517818, -0.0351818883111884, -0.0744589126022688, 
    -0.0479100726666247, -0.00379490500776646, -0.0292595676839448, 
    -0.0655719077125164, -0.0666130952380953, -0.117567189828654, 
    -0.0666130952380953, -0.0666130952380953, -0.0666130952380953, 
    -0.0270505578706547, -0.0666130952380953, -0.0787787137892682, 
    -0.0655656428427561, -0.0697541283243264, -0.0723229660356339, 
    -0.0614967245481939, -0.061541643725161, -0.0588379908876136, 
    -0.0239545774163583, -0.0460912053668645, -0.0514160954597438, 
    -0.0767792052300888, -0.0593699171829306, -0.0666130952380953, 
    -0.0666130952380953, -0.0793026743578104, 0.099403667740772, 
    -0.0343845953723881, -0.0666130952380953, -0.076436752957336, 
    -0.0666130952380953, -0.0666130952380953, -0.0752783496370758, 
    -0.0609388690448738, -0.0666130952380953, -0.0551104357483787, 
    -0.0603673714197941, -0.0479228310528571, -0.0661510978825487, 
    -0.0702660182925083, -0.0398822570637138, -0.0666130952380953, 
    -0.0623305274648305, -0.0654202512038361, -0.0501603285861884, 
    -0.0557675473093856, -0.0642287636627331, -0.0292671735464498, 
    -0.0666130952380953, -0.0630660476781669, -0.0666130952380953, 
    -0.0601012424350901, -0.0523965045547127, -0.0314483721979581, 
    -0.0524179633709794, -0.0727334766724062, -0.063050478547931, 
    -0.0570197136854183, -0.0475742364504763, -0.0666130952380953, 
    -0.0652413098833836, -0.0597504216716291, -0.0604245562733517, 
    -0.0666130952380953, -0.0666130952380953, -0.0666130952380953, 
    -0.0666130952380953, -0.0579376904307004, -0.0666130952380953, 
    -0.131728493637553, -0.0646239260028795, -0.0650417056733952, 
    -0.0666130952380953, -0.0666130952380953, -0.0666130952380953, 
    -0.0613056691821499, -0.0492395886776436, -0.0364485836559159, 
    -0.0437281928123868, -0.0666130952380953, -0.0597717576139179, 
    -0.0336390755390114, -0.060521914431699, -0.0662687049289203, 
    -0.0361234574100402, -0.0666130952380953, -0.0689843109301144, 
    -0.0666130952380953, -0.0663837059710371, -0.0737651745218816, 
    -0.0447274963261424, -0.0606180492933174, -0.111531069735521, 
    -0.0718005021884339, -0.0245213777587742, -0.0599449202085318, 
    -0.0538601876594991, -0.0733150839622052, -0.1015656499102, 
    -0.00684300759996156, -0.0587676232146741, -0.0614309486689104, 
    -0.0536260712317133, -0.0464086455759759, -0.0666130952380953, 
    -0.0666130952380953, -0.0666130952380953, -0.0310752236790739, 
    -0.0604599114201671, -0.0666130952380953, -0.0666130952380953, 
    -0.0684457116428743, -0.0172407690959876, -0.069625181801978, 
    -0.0666130952380953, -0.0238637903603282, -0.0666130952380953, 
    -0.0422183356791487, -0.0484710377591112, -0.0750092834817554, 
