run_x <-
structure(list(lm_df = structure(list(term = c("maxima_sc", "stretch_sc", 
"x_max_sc", "x_min_sc"), coef = c(-0.0373279094916547, 0.0335629165111201, 
0.000450266193066622, -0.00709737338346365), p_value = c(0.0532240476949556, 
0.0322628289284743, 0.155199089172913, 0.134017952927571), rand_var = c(3.76849697457035, 
3.76849697457035, 3.76849697457035, 3.76849697457035), mean_rand = c(-1.17542876567859, 
-1.17542876567859, -1.17542876567859, -1.17542876567859), sim_n = c(97L, 
97L, 97L, 97L)), .Names = c("term", "coef", "p_value", "rand_var", 
"mean_rand", "sim_n"), class = c("tbl_df", "tbl", "data.frame"
), row.names = c(NA, -4L)), lasso_df = structure(list(var = c("maxima", 
"stretch", "x_max", "x_min"), mean = c(-0.178515836317648, 0.167544975757322, 
-0.146121535290813, -0.104311899920051), prop = c(0.0125, 0.17, 
0.045, 0.045), rand_var = c(3.76849697457035, 3.76849697457035, 
3.76849697457035, 3.76849697457035), mean_rand = c(-1.17542876567859, 
-1.17542876567859, -1.17542876567859, -1.17542876567859), sim_n = c(97L, 
97L, 97L, 97L)), .Names = c("var", "mean", "prop", "rand_var", 
"mean_rand", "sim_n"), class = c("tbl_df", "tbl", "data.frame"
), row.names = c(NA, -4L)), summ_stan_df = structure(list(shape1 = 4.00342634140114, 
    shape2 = 4.5310728965028, stretch = 1.15370929958676, x_min = -1.11178326043446, 
    x_max = 3.38476210844519, maxima = 1.75141494156154, rep = 97L), .Names = c("shape1", 
"shape2", "stretch", "x_min", "x_max", "maxima", "rep"), class = c("tbl_df", 
"tbl", "data.frame"), row.names = c(NA, -1L))), .Names = c("lm_df", 
"lasso_df", "summ_stan_df"))
run_x <-
structure(list(lm_df = structure(list(term = c("maxima_sc", "stretch_sc", 
"x_max_sc", "x_min_sc"), coef = c(-0.0373279094916547, 0.0335629165111201, 
0.000450266193066622, -0.00709737338346365), p_value = c(0.0532240476949556, 
0.0322628289284743, 0.155199089172913, 0.134017952927571), rand_var = c(3.76849697457035, 
3.76849697457035, 3.76849697457035, 3.76849697457035), mean_rand = c(-1.17542876567859, 
-1.17542876567859, -1.17542876567859, -1.17542876567859), sim_n = c(97L, 
97L, 97L, 97L)), .Names = c("term", "coef", "p_value", "rand_var", 
"mean_rand", "sim_n"), class = c("tbl_df", "tbl", "data.frame"
), row.names = c(NA, -4L)), lasso_df = structure(list(var = c("maxima", 
"stretch", "x_max", "x_min"), mean = c(-0.178515836317648, 0.167544975757322, 
-0.146121535290813, -0.104311899920051), prop = c(0.0125, 0.17, 
0.045, 0.045), rand_var = c(3.76849697457035, 3.76849697457035, 
3.76849697457035, 3.76849697457035), mean_rand = c(-1.17542876567859, 
-1.17542876567859, -1.17542876567859, -1.17542876567859), sim_n = c(97L, 
97L, 97L, 97L)), .Names = c("var", "mean", "prop", "rand_var", 
"mean_rand", "sim_n"), class = c("tbl_df", "tbl", "data.frame"
), row.names = c(NA, -4L)), summ_stan_df = structure(list(shape1 = 4.00342634140114, 
    shape2 = 4.5310728965028, stretch = 1.15370929958676, x_min = -1.11178326043446, 
    x_max = 3.38476210844519, maxima = 1.75141494156154, rep = 97L), .Names = c("shape1", 
"shape2", "stretch", "x_min", "x_max", "maxima", "rep"), class = c("tbl_df", 
"tbl", "data.frame"), row.names = c(NA, -1L))), .Names = c("lm_df", 
"lasso_df", "summ_stan_df"))
run_x <-
structure(list(lasso_df = structure(list(var = c("maxima", "stretch", 
"x_max", "x_min"), mean = c(-0.188472180744179, 0.156232063920816, 
-0.121380214274449, -0.0168902838287916), prop = c(0.015, 0.1625, 
0.0225, 0.055), rand_var = c(3.76849697457035, 3.76849697457035, 
3.76849697457035, 3.76849697457035), mean_rand = c(-1.17542876567859, 
-1.17542876567859, -1.17542876567859, -1.17542876567859), sim_n = c(97L, 
97L, 97L, 97L)), .Names = c("var", "mean", "prop", "rand_var", 
"mean_rand", "sim_n"), class = c("tbl_df", "tbl", "data.frame"
), row.names = c(NA, -4L)), lasso_depth = structure(list(draw = 1:400, 
    `(Intercept)` = c(-0.0571479578577031, -0.0623660244324286, 
    -0.0722102343091728, -0.0859219302735082, -0.0666130952380953, 
    -0.01999641185107, -0.0666130952380953, -0.066028818160222, 
    -0.0261730901710733, -0.052724230814519, -0.0666130952380953, 
    -0.0602382111883931, -0.0515142245472915, -0.0596449660110367, 
    -0.0562548720213378, -0.0666130952380953, -0.0666130952380953, 
    -0.0568700259514185, -0.0595267303554606, -0.09107952411304, 
    -0.0542013734372481, -0.0666130952380953, -0.0733532374201894, 
    -0.0749202404778615, -0.0666130952380953, -0.0506195770446953, 
    -0.0734698705490437, -0.0737873411742432, -0.0519104609725902, 
    -0.0587080230033424, -0.0399609400625503, -0.0152251121126554, 
    -0.0371135388613814, -0.0254390660829465, -0.00419493231143085, 
    -0.0666130952380953, -0.0666130952380953, -0.0456602695293696, 
    -0.0467518843199487, -0.0170444541560477, 0.0366924509258016, 
    -0.0201509675110274, -0.00407258867638091, -0.0204640350473868, 
    -0.0666130952380953, -0.0612305348534163, -0.0328465835063324, 
    -0.0461749804226904, -0.0666130952380953, -0.0666130952380953, 
    -0.0666130952380953, -0.044050649864016, -0.0666130952380953, 
    -0.0277913208881318, -0.0772426752825536, -0.0275072045692383, 
    0.000678586249743457, -0.0694328709095415, -0.0666130952380953, 
    -0.0612544788346504, -0.00990418999645122, -0.0801103423291293, 
    -0.0110560396469511, -0.0580068501469075, -0.0666130952380953, 
    -0.0666130952380953, 0.0184430484578771, -0.0519460234269606, 
    -0.0390789526157016, -0.123767151624924, -0.0570856903434597, 
    0.0416029299680838, -0.0666130952380953, -0.0860143172402601, 
    -0.0561122214942488, -0.0666130952380953, -0.0666130952380953, 
    -0.0666130952380953, -0.0305953780916526, -0.0553340374224587, 
    -0.0741460324750308, -0.0294474394122318, -0.0527861134392127, 
    -0.0666130952380953, -0.0666130952380953, -0.0633973874722339, 
    -0.0666130952380953, -0.105510577127374, -0.0300588407777228, 
    -0.0401753352697332, -0.0433608004055706, -0.021783577644719, 
    -0.0924301025205033, -0.0594560833846192, -0.0666130952380953, 
    0.00668560285722061, -0.0666130952380953, -0.0825059928650382, 
    -0.0312128044240995, -0.0136745995840462, -0.0375539908613497, 
    -0.0603833020726488, -0.0666130952380953, -0.0612716921626765, 
    -0.0666130952380953, -0.0666130952380953, -0.0666130952380953, 
    -0.0377865591869312, -0.0674863474885924, -0.0666130952380953, 
    -0.0666130952380953, -0.0731799013997458, -0.0427183022850818, 
    -0.0476294717318279, -0.103532431097989, -0.0666130952380953, 
    -0.0548078706564335, -0.0650231347300143, -0.0675980182804344, 
    -0.0445227593174147, -0.0668045506606874, -0.049803736088491, 
    -0.0409486867933709, -0.0753696810855429, -0.0602713709904799, 
    -0.0679741937410703, -0.0921697451560401, -0.0726510034040532, 
    -0.0870114852629943, -0.0666130952380953, -0.04365569498997, 
    -0.0666130952380953, -0.0651797174582763, -0.058368519976269, 
    -0.106569736826115, -0.0866515827511541, -0.0666130952380953, 
    -0.0666130952380953, -0.0535897299951872, -0.0666130952380953, 
    -0.0882651030629481, -0.0666130952380953, 0.00832197273306601, 
    -0.081504905657881, -0.0380963313128108, -0.0666130952380953, 
    -0.0572687836258313, -0.0576412992387979, -0.0666130952380953, 
    -0.104663284716931, -0.0666130952380953, -0.0534475094821119, 
    -0.0666130952380953, -0.0666130952380953, -0.0666130952380953, 
    -0.0892070541180636, -0.0666130952380953, -0.049062884866238, 
    -0.0666130952380953, -0.0806325547474656, -0.0343843217736149, 
    -0.0666130952380953, -0.0352318287556819, -0.0691985868114905, 
    -0.0665492477870001, -0.0394499629712278, -0.0556166062784959, 
    -0.0666130952380953, -0.0666130952380953, -0.0666130952380953, 
    -0.0666130952380953, -0.0666130952380953, -0.0568965179854126, 
    -0.0798385605824158, -0.0666130952380953, -0.0666130952380953, 
    -0.0655721090273203, -0.0666130952380953, -0.015343962667413, 
    -0.0544439283117534, -0.0789338406164779, -0.0640708137849144, 
