run_x <-
structure(list(lm_df = structure(list(term = c("maxima_sc", "stretch_sc", 
"x_max_sc", "x_min_sc"), coef = c(-0.0098276332601373, 0.0527174004429632, 
0.0184790371069822, -0.0248312765906641), p_value = c(0.188670702951456, 
0.016349389317706, 0.154158933397647, 0.124346704952619), rand_var = c(1.90020702876473, 
1.90020702876473, 1.90020702876473, 1.90020702876473), mean_rand = c(-0.915778858116757, 
-0.915778858116757, -0.915778858116757, -0.915778858116757), 
    sim_n = c(48L, 48L, 48L, 48L)), .Names = c("term", "coef", 
"p_value", "rand_var", "mean_rand", "sim_n"), class = c("tbl_df", 
"tbl", "data.frame"), row.names = c(NA, -4L)), lasso_df = structure(list(
    var = c("maxima", "stretch", "x_max", "x_min"), mean = c(0.0210290054085619, 
    0.163301975221018, 0.00680570422274083, -0.0377405721974046
    ), prop = c(0.085, 0.1875, 0.015, 0.0175), rand_var = c(1.90020702876473, 
    1.90020702876473, 1.90020702876473, 1.90020702876473), mean_rand = c(-0.915778858116757, 
    -0.915778858116757, -0.915778858116757, -0.915778858116757
    ), sim_n = c(48L, 48L, 48L, 48L)), .Names = c("var", "mean", 
"prop", "rand_var", "mean_rand", "sim_n"), class = c("tbl_df", 
"tbl", "data.frame"), row.names = c(NA, -4L)), summ_stan_df = structure(list(
    shape1 = 3.42267187359124, shape2 = 5.16209391816246, stretch = 1.32739801485857, 
    x_min = 0.293932401951342, x_max = 2.5522668334491, maxima = 1.54792407599865, 
    rep = 48L), .Names = c("shape1", "shape2", "stretch", "x_min", 
"x_max", "maxima", "rep"), class = c("tbl_df", "tbl", "data.frame"
), row.names = c(NA, -1L))), .Names = c("lm_df", "lasso_df", 
"summ_stan_df"))
run_x <-
structure(list(lm_df = structure(list(term = c("maxima_sc", "stretch_sc", 
"x_max_sc", "x_min_sc"), coef = c(-0.0098276332601373, 0.0527174004429632, 
0.0184790371069822, -0.0248312765906641), p_value = c(0.188670702951456, 
0.016349389317706, 0.154158933397647, 0.124346704952619), rand_var = c(1.90020702876473, 
1.90020702876473, 1.90020702876473, 1.90020702876473), mean_rand = c(-0.915778858116757, 
-0.915778858116757, -0.915778858116757, -0.915778858116757), 
    sim_n = c(48L, 48L, 48L, 48L)), .Names = c("term", "coef", 
"p_value", "rand_var", "mean_rand", "sim_n"), class = c("tbl_df", 
"tbl", "data.frame"), row.names = c(NA, -4L)), lasso_df = structure(list(
    var = c("maxima", "stretch", "x_max", "x_min"), mean = c(0.0210290054085619, 
    0.163301975221018, 0.00680570422274083, -0.0377405721974046
    ), prop = c(0.085, 0.1875, 0.015, 0.0175), rand_var = c(1.90020702876473, 
    1.90020702876473, 1.90020702876473, 1.90020702876473), mean_rand = c(-0.915778858116757, 
    -0.915778858116757, -0.915778858116757, -0.915778858116757
    ), sim_n = c(48L, 48L, 48L, 48L)), .Names = c("var", "mean", 
"prop", "rand_var", "mean_rand", "sim_n"), class = c("tbl_df", 
"tbl", "data.frame"), row.names = c(NA, -4L)), summ_stan_df = structure(list(
    shape1 = 3.42267187359124, shape2 = 5.16209391816246, stretch = 1.32739801485857, 
    x_min = 0.293932401951342, x_max = 2.5522668334491, maxima = 1.54792407599865, 
    rep = 48L), .Names = c("shape1", "shape2", "stretch", "x_min", 
"x_max", "maxima", "rep"), class = c("tbl_df", "tbl", "data.frame"
), row.names = c(NA, -1L))), .Names = c("lm_df", "lasso_df", 
"summ_stan_df"))
run_x <-
structure(list(lasso_df = structure(list(var = c("maxima", "stretch", 
"x_max", "x_min"), mean = c(-0.0174839012686004, 0.126922259724771, 
0.0447605187488496, 0.00219998189484104), prop = c(0.05, 0.14, 
0.0275, 0.0425), rand_var = c(1.90020702876473, 1.90020702876473, 
1.90020702876473, 1.90020702876473), mean_rand = c(-0.915778858116757, 
-0.915778858116757, -0.915778858116757, -0.915778858116757), 
    sim_n = c(48L, 48L, 48L, 48L)), .Names = c("var", "mean", 
"prop", "rand_var", "mean_rand", "sim_n"), class = c("tbl_df", 
"tbl", "data.frame"), row.names = c(NA, -4L)), lasso_depth = structure(list(
    draw = 1:400, `(Intercept)` = c(-0.0666130952380953, -0.0666130952380953, 
    -0.0652219803892121, -0.0777205440646043, -0.0666130952380953, 
    -0.0538253118104682, -0.0655895846452506, -0.0754400372214324, 
    -0.0602101135299314, -0.0666130952380953, -0.0600163633278165, 
    -0.0666130952380953, -0.0666130952380953, -0.0666130952380953, 
    -0.0775939965998987, -0.0564178300046354, -0.0666130952380953, 
    -0.0666130952380953, -0.0666130952380953, -0.0814949126941556, 
    -0.0666130952380953, -0.0666130952380953, -0.0666130952380953, 
    -0.0341094779539421, -0.0568767171538614, -0.0666130952380953, 
    -0.0908003181461009, -0.0743042966924966, -0.0537445471791398, 
    -0.0523523441384133, -0.0666130952380953, -0.065120279162742, 
    -0.0666130952380953, -0.0666130952380953, -0.0652126725618796, 
    -0.0666130952380953, -0.0427276327990078, -0.0638602828904637, 
    -0.0666130952380953, -0.0666130952380953, -0.0666130952380953, 
    -0.0670955899191896, -0.0669574681664433, -0.0670191308398033, 
    -0.0666130952380953, -0.0666130952380953, -0.0666130952380953, 
    -0.0666130952380953, -0.0666130952380953, -0.0637758445742343, 
    -0.0666130952380953, -0.0671997009800807, -0.0703206270255653, 
    -0.0666130952380953, -0.0666130952380953, -0.0666130952380953, 
    -0.0666130952380953, -0.0499085540892655, -0.0591820612746201, 
    -0.0666130952380953, -0.0445858004054373, -0.03408336001332, 
    -0.0666130952380953, -0.0666130952380953, -0.0337375071001231, 
    -0.0671480326369478, -0.0673892271531847, -0.0603158933908093, 
    -0.0357939732135356, -0.0513774473673661, -0.0666130952380953, 
    -0.0628755676773172, -0.111591719095323, -0.0666130952380953, 
    -0.052239031995474, -0.0666130952380953, -0.0716949420641788, 
    -0.0576428058331719, -0.0649601319447901, -0.0666130952380953, 
    -0.0648089342562955, -0.0466367617462683, -0.0666130952380953, 
    -0.0653020051586079, -0.0666130952380953, -0.0666130952380953, 
    -0.0718013317651511, -0.0537728004678137, -0.0666130952380953, 
    -0.0666130952380953, -0.0531943164276972, -0.0666130952380953, 
    -0.0666130952380953, -0.0666130952380953, -0.0666130952380953, 
    -0.0252193737717576, -0.0666130952380953, -0.0504842178664283, 
    -0.0700922636902978, -0.0666130952380953, -0.0643986880727661, 
    -0.0666130952380953, -0.05371062069999, -0.0666130952380953, 
    -0.0666130952380953, -0.0758280454454995, -0.0666130952380953, 
    -0.0666130952380953, -0.0727785126726108, -0.0666130952380953, 
    -0.0669155730613496, -0.0666130952380953, -0.0666130952380953, 
    -0.0666130952380953, -0.0666130952380953, -0.0666130952380953, 
    -0.0666130952380953, -0.0340982945035538, -0.0666130952380953, 
    -0.0587531037133535, -0.0666130952380953, -0.0666130952380953, 
    -0.0666130952380953, -0.045274509301361, -0.0666130952380953, 
    -0.0666130952380953, -0.0838197448612956, -0.0666130952380953, 
    -0.0666130952380953, -0.0666130952380953, -0.0443506720016964, 
    -0.071192949560566, -0.0666130952380953, -0.0336466870081009, 
    -0.0666130952380953, -0.0666130952380953, -0.0715765894532857, 
    -0.0666130952380953, -0.0317105318566645, -0.0666130952380953, 
    -0.0351845626789944, -0.0644566741952807, -0.0657756957138325, 
    -0.0666130952380953, -0.0666130952380953, -0.0666130952380953, 
    -0.0650246658548064, -0.0666130952380953, -0.0673227652925436, 
    -0.0666130952380953, -0.0666130952380953, -0.0642259367522995, 
    -0.0666130952380953, -0.0619338077707021, -0.0666130952380953, 
    -0.0666130952380953, -0.0666130952380953, -0.0666130952380953, 
    -0.0666130952380953, -0.0666130952380953, -0.0682460601549442, 
    -0.0666130952380953, -0.0666130952380953, -0.0350319010667785, 
    -0.0666130952380953, -0.0666130952380953, -0.0372082271471483, 
    -0.0666130952380953, -0.0666130952380953, -0.0666130952380953, 
    -0.0643811337980884, -0.0666130952380953, -0.0666130952380953, 
    -0.0666130952380953, -0.0678046930208389, -0.0166927777985433, 
