run_x <-
structure(list(lm_df = structure(list(term = c("maxima_sc", "stretch_sc", 
"x_max_sc", "x_min_sc"), coef = c(0.0589084504779732, 0.0412384585949654, 
0.00867094593534354, -0.0610364664420446), p_value = c(0.0780500577000917, 
0.0233258618838086, 0.16215759244242, 0.0103570170172447), rand_var = c(1.37535101858556, 
1.37535101858556, 1.37535101858556, 1.37535101858556), mean_rand = c(-0.569963627675784, 
-0.569963627675784, -0.569963627675784, -0.569963627675784), 
    sim_n = c(35L, 35L, 35L, 35L)), .Names = c("term", "coef", 
"p_value", "rand_var", "mean_rand", "sim_n"), class = c("tbl_df", 
"tbl", "data.frame"), row.names = c(NA, -4L)), lasso_df = structure(list(
    var = c("maxima", "stretch", "x_max", "x_min"), mean = c(1.50145394120722, 
    0.335974192435978, 0.221050274545182, -0.302304469425937), 
    prop = c(0.355, 0.295, 0.1125, 0.025), rand_var = c(1.37535101858556, 
    1.37535101858556, 1.37535101858556, 1.37535101858556), mean_rand = c(-0.569963627675784, 
    -0.569963627675784, -0.569963627675784, -0.569963627675784
    ), sim_n = c(35L, 35L, 35L, 35L)), .Names = c("var", "mean", 
"prop", "rand_var", "mean_rand", "sim_n"), class = c("tbl_df", 
"tbl", "data.frame"), row.names = c(NA, -4L)), summ_stan_df = structure(list(
    shape1 = 4.19685792113059, shape2 = 3.65871902239738, stretch = 2.71936455564346, 
    x_min = -0.0716855896927432, x_max = 2.6707098664402, maxima = 1.81780410834032, 
    rep = 35L), .Names = c("shape1", "shape2", "stretch", "x_min", 
"x_max", "maxima", "rep"), class = c("tbl_df", "tbl", "data.frame"
), row.names = c(NA, -1L))), .Names = c("lm_df", "lasso_df", 
"summ_stan_df"))
run_x <-
structure(list(lm_df = structure(list(term = c("maxima_sc", "stretch_sc", 
"x_max_sc", "x_min_sc"), coef = c(0.0589084504779732, 0.0412384585949654, 
0.00867094593534354, -0.0610364664420446), p_value = c(0.0780500577000917, 
0.0233258618838086, 0.16215759244242, 0.0103570170172447), rand_var = c(1.37535101858556, 
1.37535101858556, 1.37535101858556, 1.37535101858556), mean_rand = c(-0.569963627675784, 
-0.569963627675784, -0.569963627675784, -0.569963627675784), 
    sim_n = c(35L, 35L, 35L, 35L)), .Names = c("term", "coef", 
"p_value", "rand_var", "mean_rand", "sim_n"), class = c("tbl_df", 
"tbl", "data.frame"), row.names = c(NA, -4L)), lasso_df = structure(list(
    var = c("maxima", "stretch", "x_max", "x_min"), mean = c(1.50145394120722, 
    0.335974192435978, 0.221050274545182, -0.302304469425937), 
    prop = c(0.355, 0.295, 0.1125, 0.025), rand_var = c(1.37535101858556, 
    1.37535101858556, 1.37535101858556, 1.37535101858556), mean_rand = c(-0.569963627675784, 
    -0.569963627675784, -0.569963627675784, -0.569963627675784
    ), sim_n = c(35L, 35L, 35L, 35L)), .Names = c("var", "mean", 
"prop", "rand_var", "mean_rand", "sim_n"), class = c("tbl_df", 
"tbl", "data.frame"), row.names = c(NA, -4L)), summ_stan_df = structure(list(
    shape1 = 4.19685792113059, shape2 = 3.65871902239738, stretch = 2.71936455564346, 
    x_min = -0.0716855896927432, x_max = 2.6707098664402, maxima = 1.81780410834032, 
    rep = 35L), .Names = c("shape1", "shape2", "stretch", "x_min", 
"x_max", "maxima", "rep"), class = c("tbl_df", "tbl", "data.frame"
), row.names = c(NA, -1L))), .Names = c("lm_df", "lasso_df", 
"summ_stan_df"))
run_x <-
structure(list(lasso_df = structure(list(var = c("maxima", "stretch", 
"x_max", "x_min"), mean = c(0.981495435876093, 0.326595951647212, 
0.105592425573939, -0.357770491532923), prop = c(0.3675, 0.27, 
0.095, 0.0125), rand_var = c(1.37535101858556, 1.37535101858556, 
1.37535101858556, 1.37535101858556), mean_rand = c(-0.569963627675784, 
-0.569963627675784, -0.569963627675784, -0.569963627675784), 
    sim_n = c(35L, 35L, 35L, 35L)), .Names = c("var", "mean", 
"prop", "rand_var", "mean_rand", "sim_n"), class = c("tbl_df", 
"tbl", "data.frame"), row.names = c(NA, -4L)), lasso_depth = structure(list(
    draw = 1:400, `(Intercept)` = c(-0.0672631258346086, -0.0513693335366101, 
    -0.0666130952380953, -0.0711266488015191, -0.0578932959807278, 
    -0.063022108592417, -0.0666130952380953, -0.0666130952380953, 
    -0.0509349247902018, -0.0666130952380953, -0.0666130952380953, 
    -0.0666130952380953, -0.0666130952380953, -0.0666130952380953, 
    -0.252856416667351, -0.0189220107907525, -0.0666130952380953, 
    -0.0666130952380953, -0.0657013986346778, -0.0528739197307058, 
    -0.0666130952380953, -0.0666130952380953, -0.017009190580302, 
    -0.0269204433335148, -0.0666130952380953, -0.0666130952380953, 
    -0.0666130952380953, -0.0666130952380953, -0.0819877037099233, 
    -0.0680730807353345, 0.00486361368597175, -0.0891114635244602, 
    -0.0666130952380953, -0.108013183624467, -0.0666130952380953, 
    -0.0730477936197963, -0.0666130952380953, -0.0134811495812634, 
    -0.0666130952380953, -0.0350515295474004, -0.0338599265627716, 
    -0.0666130952380953, -0.0438948338367881, -0.103508952152958, 
    -0.0666130952380953, -0.0666130952380953, -0.0601684822973296, 
    -0.0666130952380953, -0.0613558438391946, -0.0858184565554258, 
    -0.0307957160818783, -0.0991567020193229, 0.011578493686181, 
    -0.0666130952380953, -0.0666130952380953, -0.0712702875698387, 
    -0.0666130952380953, -0.0382334096996204, -0.0721264606611418, 
    -0.0666130952380953, -0.0393879468698247, -0.0666130952380953, 
    -0.0666130952380953, -0.0666130952380953, -0.0666130952380953, 
    -0.0666130952380953, -0.0666130952380953, -0.137808231348332, 
    -0.0666130952380953, -0.0409953922589325, -0.0666130952380953, 
    -0.0702976225467883, -0.0666130952380953, -0.0584217691923193, 
    -0.0666130952380953, -0.0666130952380953, -0.0666130952380953, 
    -0.0666130952380953, -0.107364195258561, -0.0666130952380953, 
    -0.0666130952380953, -0.0623614839484331, -0.0666130952380953, 
    -0.0681973497966889, -0.0666130952380953, -0.0347694780456679, 
    -0.0666130952380953, -0.0666130952380953, -0.0666130952380953, 
    -0.0666130952380953, -0.218853023752351, -0.0666130952380953, 
    -0.0666130952380953, -0.0710085916393454, -0.0666130952380953, 
    -0.0786164832240904, -0.0666130952380953, -0.082577208353652, 
    -0.0079368860018738, -0.0666130952380953, -0.0666130952380953, 
    -0.0666130952380953, -0.0666130952380953, -0.0666130952380953, 
    -0.0666130952380953, -0.0666130952380953, -0.0666130952380953, 
    -0.0666130952380953, -0.0666130952380953, -0.0666130952380953, 
    -0.0666130952380953, -0.0666130952380953, -0.0666130952380953, 
    -0.0666130952380953, -0.0666130952380953, -0.0666130952380953, 
    -0.0666130952380953, -0.0666130952380953, -0.0666130952380953, 
    -0.0666130952380953, -0.0666130952380953, -0.0666130952380953, 
    -0.0666130952380953, -0.0666130952380953, -0.0666130952380953, 
    -0.0666130952380953, -0.0666130952380953, -0.0666130952380953, 
    -0.0666130952380953, -0.0702342981776012, -0.0666130952380953, 
    -0.0668195063686905, -0.0666130952380953, -0.0666130952380953, 
    -0.0666130952380953, -0.0666130952380953, -0.0721974832247837, 
    -0.0666130952380953, -0.0666130952380953, -0.0666130952380953, 
    -0.0666130952380953, -0.0666130952380953, -0.0666130952380953, 
    -0.0666130952380953, -0.0351711305343869, -0.0666130952380953, 
    -0.0666130952380953, -0.0666130952380953, -0.0666130952380953, 
    -0.0666130952380953, -0.0666130952380953, -0.0666130952380953, 
    -0.0666130952380953, -0.0666130952380953, -0.0666130952380953, 
    -0.0666130952380953, -0.0666130952380953, -0.092919111810118, 
    -0.0666130952380953, -0.071798480334194, -0.0666130952380953, 
    -0.0666130952380953, -0.0666130952380953, -0.0666130952380953, 
    -0.0666130952380953, -0.0666130952380953, -0.0666130952380953, 
    -0.0635988689817797, -0.0666130952380953, -0.0666130952380953, 
    -0.0705174738814637, -0.0666130952380953, -0.0666130952380953, 
    -0.0642034340908022, -0.0666130952380953, -0.0666130952380953, 
