run_x <-
structure(list(lm_df = structure(list(term = c("maxima_sc", "stretch_sc", 
"x_max_sc", "x_min_sc"), coef = c(0.0356962114075501, 0.0719708790612232, 
-0.0325753272836686, -0.0122530575936195), p_value = c(0.0479400544123994, 
0.00327350576944217, 0.0779970816903068, 0.229098513073031), 
    rand_var = c(0.608332585920277, 0.608332585920277, 0.608332585920277, 
    0.608332585920277), mean_rand = c(-0.404083398459334, -0.404083398459334, 
    -0.404083398459334, -0.404083398459334), sim_n = c(16L, 16L, 
    16L, 16L)), .Names = c("term", "coef", "p_value", "rand_var", 
"mean_rand", "sim_n"), class = c("tbl_df", "tbl", "data.frame"
), row.names = c(NA, -4L)), lasso_df = structure(list(var = c("maxima", 
"stretch", "x_max", "x_min"), mean = c(0.227180022118456, 0.438268590768657, 
-0.514406053752191, -0.289316061981199), prop = c(0.0775, 0.25, 
0.0025, 0.015), rand_var = c(0.608332585920277, 0.608332585920277, 
0.608332585920277, 0.608332585920277), mean_rand = c(-0.404083398459334, 
-0.404083398459334, -0.404083398459334, -0.404083398459334), 
    sim_n = c(16L, 16L, 16L, 16L)), .Names = c("var", "mean", 
"prop", "rand_var", "mean_rand", "sim_n"), class = c("tbl_df", 
"tbl", "data.frame"), row.names = c(NA, -4L)), summ_stan_df = structure(list(
    shape1 = 3.58342088727389, shape2 = 4.35487232419341, stretch = 0.776390515836625, 
    x_min = -0.377957296977164, x_max = 3.89406141013729, maxima = 2.1769126232892, 
    rep = 16L), .Names = c("shape1", "shape2", "stretch", "x_min", 
"x_max", "maxima", "rep"), class = c("tbl_df", "tbl", "data.frame"
), row.names = c(NA, -1L))), .Names = c("lm_df", "lasso_df", 
"summ_stan_df"))
run_x <-
structure(list(lm_df = structure(list(term = c("maxima_sc", "stretch_sc", 
"x_max_sc", "x_min_sc"), coef = c(0.0356962114075501, 0.0719708790612232, 
-0.0325753272836686, -0.0122530575936195), p_value = c(0.0479400544123994, 
0.00327350576944217, 0.0779970816903068, 0.229098513073031), 
    rand_var = c(0.608332585920277, 0.608332585920277, 0.608332585920277, 
    0.608332585920277), mean_rand = c(-0.404083398459334, -0.404083398459334, 
    -0.404083398459334, -0.404083398459334), sim_n = c(16L, 16L, 
    16L, 16L)), .Names = c("term", "coef", "p_value", "rand_var", 
"mean_rand", "sim_n"), class = c("tbl_df", "tbl", "data.frame"
), row.names = c(NA, -4L)), lasso_df = structure(list(var = c("maxima", 
"stretch", "x_max", "x_min"), mean = c(0.227180022118456, 0.438268590768657, 
-0.514406053752191, -0.289316061981199), prop = c(0.0775, 0.25, 
0.0025, 0.015), rand_var = c(0.608332585920277, 0.608332585920277, 
0.608332585920277, 0.608332585920277), mean_rand = c(-0.404083398459334, 
-0.404083398459334, -0.404083398459334, -0.404083398459334), 
    sim_n = c(16L, 16L, 16L, 16L)), .Names = c("var", "mean", 
"prop", "rand_var", "mean_rand", "sim_n"), class = c("tbl_df", 
"tbl", "data.frame"), row.names = c(NA, -4L)), summ_stan_df = structure(list(
    shape1 = 3.58342088727389, shape2 = 4.35487232419341, stretch = 0.776390515836625, 
    x_min = -0.377957296977164, x_max = 3.89406141013729, maxima = 2.1769126232892, 
    rep = 16L), .Names = c("shape1", "shape2", "stretch", "x_min", 
"x_max", "maxima", "rep"), class = c("tbl_df", "tbl", "data.frame"
), row.names = c(NA, -1L))), .Names = c("lm_df", "lasso_df", 
"summ_stan_df"))
