run_x <-
structure(list(lm_df = structure(list(term = c("maxima_sc", "stretch_sc", 
"x_max_sc", "x_min_sc"), coef = c(0.00725968769135438, 0.0632968918819195, 
-0.0385712926508737, -0.0267635219839961), p_value = c(0.210949940686212, 
0.000890567071459394, 0.136168324978478, 0.114431488776922), 
    rand_var = c(2.99217191346207, 2.99217191346207, 2.99217191346207, 
    2.99217191346207), mean_rand = c(-1.05375891849855, -1.05375891849855, 
    -1.05375891849855, -1.05375891849855), sim_n = c(75L, 75L, 
    75L, 75L)), .Names = c("term", "coef", "p_value", "rand_var", 
"mean_rand", "sim_n"), class = c("tbl_df", "tbl", "data.frame"
), row.names = c(NA, -4L)), lasso_df = structure(list(var = c("maxima", 
"stretch", "x_max", "x_min"), mean = c(-0.21987066314598, 0.311618899328947, 
-0.357711126211846, -0.130163233798753), prop = c(0.045, 0.33, 
0.0075, 0.0775), rand_var = c(2.99217191346207, 2.99217191346207, 
2.99217191346207, 2.99217191346207), mean_rand = c(-1.05375891849855, 
-1.05375891849855, -1.05375891849855, -1.05375891849855), sim_n = c(75L, 
75L, 75L, 75L)), .Names = c("var", "mean", "prop", "rand_var", 
"mean_rand", "sim_n"), class = c("tbl_df", "tbl", "data.frame"
), row.names = c(NA, -4L)), summ_stan_df = structure(list(shape1 = 3.88949742891694, 
    shape2 = 4.98398352641387, stretch = 0.81863039111718, x_min = 0.377894393629394, 
    x_max = 1.87227739023602, maxima = 1.28397926900935, rep = 75L), .Names = c("shape1", 
"shape2", "stretch", "x_min", "x_max", "maxima", "rep"), class = c("tbl_df", 
"tbl", "data.frame"), row.names = c(NA, -1L))), .Names = c("lm_df", 
"lasso_df", "summ_stan_df"))
run_x <-
structure(list(lm_df = structure(list(term = c("maxima_sc", "stretch_sc", 
"x_max_sc", "x_min_sc"), coef = c(0.00725968769135438, 0.0632968918819195, 
-0.0385712926508737, -0.0267635219839961), p_value = c(0.210949940686212, 
0.000890567071459394, 0.136168324978478, 0.114431488776922), 
    rand_var = c(2.99217191346207, 2.99217191346207, 2.99217191346207, 
    2.99217191346207), mean_rand = c(-1.05375891849855, -1.05375891849855, 
    -1.05375891849855, -1.05375891849855), sim_n = c(75L, 75L, 
    75L, 75L)), .Names = c("term", "coef", "p_value", "rand_var", 
"mean_rand", "sim_n"), class = c("tbl_df", "tbl", "data.frame"
), row.names = c(NA, -4L)), lasso_df = structure(list(var = c("maxima", 
"stretch", "x_max", "x_min"), mean = c(-0.21987066314598, 0.311618899328947, 
-0.357711126211846, -0.130163233798753), prop = c(0.045, 0.33, 
0.0075, 0.0775), rand_var = c(2.99217191346207, 2.99217191346207, 
2.99217191346207, 2.99217191346207), mean_rand = c(-1.05375891849855, 
-1.05375891849855, -1.05375891849855, -1.05375891849855), sim_n = c(75L, 
75L, 75L, 75L)), .Names = c("var", "mean", "prop", "rand_var", 
"mean_rand", "sim_n"), class = c("tbl_df", "tbl", "data.frame"
), row.names = c(NA, -4L)), summ_stan_df = structure(list(shape1 = 3.88949742891694, 
    shape2 = 4.98398352641387, stretch = 0.81863039111718, x_min = 0.377894393629394, 
    x_max = 1.87227739023602, maxima = 1.28397926900935, rep = 75L), .Names = c("shape1", 
"shape2", "stretch", "x_min", "x_max", "maxima", "rep"), class = c("tbl_df", 
"tbl", "data.frame"), row.names = c(NA, -1L))), .Names = c("lm_df", 
"lasso_df", "summ_stan_df"))
run_x <-
structure(list(lasso_df = structure(list(var = c("maxima", "stretch", 
"x_max", "x_min"), mean = c(-0.331115204258957, 0.279384208618462, 
-0.203752226325269, 0.00472272445506469), prop = c(0.0275, 0.3025, 
0.0175, 0.07), rand_var = c(2.99217191346207, 2.99217191346207, 
2.99217191346207, 2.99217191346207), mean_rand = c(-1.05375891849855, 
-1.05375891849855, -1.05375891849855, -1.05375891849855), sim_n = c(75L, 
75L, 75L, 75L)), .Names = c("var", "mean", "prop", "rand_var", 
"mean_rand", "sim_n"), class = c("tbl_df", "tbl", "data.frame"
), row.names = c(NA, -4L)), lasso_depth = structure(list(draw = 1:400, 
    `(Intercept)` = c(-0.0742676711761004, -0.0710129490018083, 
    -0.0692278042669267, -0.0816302664182524, -0.0626078762213603, 
    -0.0627651605363192, -0.0777039815627059, -0.0431192364299228, 
    -0.05375212492813, -0.0696466650310749, -0.0472084439770884, 
    -0.0489479232875729, -0.0674192948390633, -0.0716095382671122, 
    -0.0666130952380953, -0.063704906140077, -0.0887821397005597, 
    -0.061059892003219, -0.0551151021695068, -0.0518366004957963, 
    -0.0650667372212973, -0.055180953233154, -0.0689237696786734, 
    -0.0615433326660508, -0.0666130952380953, -0.0707082466252248, 
    -0.0551687615629259, -0.0772822828903256, -0.0567811528955042, 
    -0.0616543469697515, -0.121221471667092, -0.0589455119629684, 
    -0.0666130952380953, -0.0711522866414296, -0.0461837342294831, 
    -0.071920332612794, -0.0663252034438002, -0.0593639844499095, 
    -0.067507455933271, -0.0688843930552766, -0.0660592061418137, 
    -0.0554570404367382, -0.0650603992807851, -0.0816708076569802, 
    -0.0780201107935012, -0.0770180032531724, -0.0768706539063866, 
    -0.0729983007558952, -0.0850270520452467, -0.0432516410338224, 
    -0.0602602473449548, -0.0597175888143888, -0.0178582629168192, 
    -0.079317066817388, -0.0469169209399088, -0.0788367008305116, 
    -0.0612410231745389, -0.062840357317741, -0.0665938878619158, 
    -0.0824477645710483, -0.0825806466936503, -0.056348055208708, 
    -0.074941798523053, -0.0519528299557575, -0.0590179090257671, 
    -0.051065695047535, -0.0553464654474288, -0.0646692176638009, 
    -0.0764105348496748, -0.0727503478070398, -0.0769642702307596, 
    -0.0723560549158571, -0.061927490631361, -0.0532736108934632, 
    -0.067763312867766, -0.0595430886136232, -0.0671908904884864, 
    -0.0894226132905277, -0.0667506002665483, -0.0584443581314159, 
    -0.0618369902673746, -0.0437606966025365, -0.0851440805291315, 
    -0.0666130952380953, -0.054821662713238, -0.0667266132026276, 
    -0.0824387737836712, -0.0727983978679193, -0.109282503858265, 
    -0.0562839466123616, -0.066859198601684, -0.0776350729609092, 
    -0.068760527350116, -0.0727327425025509, -0.0579454663166337, 
    -0.0539549712099442, -0.0699726125964305, -0.0554859387918665, 
    -0.0665228321884022, -0.0707538116497462, -0.0703317989272878, 
    -0.0497578958973525, -0.0591086633251954, -0.0627080411435228, 
    -0.0856991195183174, -0.0569769303038367, -0.0578559258458352, 
    -0.0711059071300323, -0.077001353146907, -0.0699422852482274, 
    -0.0643173801337577, -0.0757697736242996, -0.075629328630337, 
    -0.0724067677430894, -0.0616029590359012, -0.0594190311059574, 
    -0.0672357803783724, -0.0765483839492182, -0.0564597235393521, 
    -0.0692301871331683, -0.0505048947134252, -0.0817827747744803, 
    -0.0764933487259931, -0.047575919303039, -0.0607198950347425, 
    -0.0739837983851302, -0.072439220575761, -0.0500474090260618, 
    -0.0619436540279382, -0.0660931807452065, -0.064690960291553, 
    -0.0585376055648117, -0.0616819982166711, -0.0663656986313332, 
    -0.0613733195969877, -0.0690485814216117, -0.0592357821873467, 
    -0.0740877432965806, -0.0605656360902348, -0.0704100620521886, 
    -0.0739003182911921, -0.0725237615687411, -0.0594896703446421, 
    -0.0565736297029236, -0.0714507610556924, -0.0775465515894564, 
    -0.0738495465556964, -0.0701437183393003, -0.0790241386733767, 
    -0.0537246736584624, -0.0756477790438867, -0.059949502583916, 
    -0.0746429847484666, -0.0666130952380953, -0.0666130952380953, 
    -0.0493011620196065, -0.0623249451462564, -0.0666130952380953, 
    -0.0699899337460968, -0.0666130952380953, -0.0641734778309634, 
    -0.0665849094807616, -0.0743088033552334, -0.016769311832702, 
    -0.0668674621521239, -0.0608376299825688, -0.049660901797695, 
    -0.0531417440904897, -0.0584084552444298, -0.0735983857356409, 
    -0.0726765151455709, -0.0785629645870505, -0.0453086201647425, 
    -0.0489307393568383, -0.0516078770301473, -0.062490623964581, 
    -0.0666130952380953, -0.0696095423798573, -0.0675916715883985, 
