run_x <-
structure(list(lm_df = structure(list(term = c("maxima_sc", "stretch_sc", 
"x_max_sc", "x_min_sc"), coef = c(0.0469907238532094, 0.0504775178772317, 
0.0415426488988013, -0.0246021966158241), p_value = c(0.0265956828337164, 
0.00257234576858208, 0.0861001129706213, 0.112651948694325), 
    rand_var = c(1.6982141431812, 1.6982141431812, 1.6982141431812, 
    1.6982141431812), mean_rand = c(0.00748234735624642, 0.00748234735624642, 
    0.00748234735624642, 0.00748234735624642), sim_n = c(43L, 
    43L, 43L, 43L)), .Names = c("term", "coef", "p_value", "rand_var", 
"mean_rand", "sim_n"), class = c("tbl_df", "tbl", "data.frame"
), row.names = c(NA, -4L)), lasso_df = structure(list(var = c("maxima", 
"stretch", "x_max", "x_min"), mean = c(0.501249341983822, 0.408960051009217, 
0.138843224410648, -0.118050712978597), prop = c(0.0875, 0.3275, 
0.07, 0.0375), rand_var = c(1.6982141431812, 1.6982141431812, 
1.6982141431812, 1.6982141431812), mean_rand = c(0.00748234735624642, 
0.00748234735624642, 0.00748234735624642, 0.00748234735624642
), sim_n = c(43L, 43L, 43L, 43L)), .Names = c("var", "mean", 
"prop", "rand_var", "mean_rand", "sim_n"), class = c("tbl_df", 
"tbl", "data.frame"), row.names = c(NA, -4L)), summ_stan_df = structure(list(
    shape1 = 3.3420638951286, shape2 = 4.94389462602908, stretch = 2.59179173229744, 
    x_min = -0.0883376760379159, x_max = 4.57374039122776, maxima = 2.51849799074909, 
    rep = 43L), .Names = c("shape1", "shape2", "stretch", "x_min", 
"x_max", "maxima", "rep"), class = c("tbl_df", "tbl", "data.frame"
), row.names = c(NA, -1L))), .Names = c("lm_df", "lasso_df", 
"summ_stan_df"))
run_x <-
structure(list(lm_df = structure(list(term = c("maxima_sc", "stretch_sc", 
"x_max_sc", "x_min_sc"), coef = c(0.0469907238532094, 0.0504775178772317, 
0.0415426488988013, -0.0246021966158241), p_value = c(0.0265956828337164, 
0.00257234576858208, 0.0861001129706213, 0.112651948694325), 
    rand_var = c(1.6982141431812, 1.6982141431812, 1.6982141431812, 
    1.6982141431812), mean_rand = c(0.00748234735624642, 0.00748234735624642, 
    0.00748234735624642, 0.00748234735624642), sim_n = c(43L, 
    43L, 43L, 43L)), .Names = c("term", "coef", "p_value", "rand_var", 
"mean_rand", "sim_n"), class = c("tbl_df", "tbl", "data.frame"
), row.names = c(NA, -4L)), lasso_df = structure(list(var = c("maxima", 
"stretch", "x_max", "x_min"), mean = c(0.501249341983822, 0.408960051009217, 
0.138843224410648, -0.118050712978597), prop = c(0.0875, 0.3275, 
0.07, 0.0375), rand_var = c(1.6982141431812, 1.6982141431812, 
1.6982141431812, 1.6982141431812), mean_rand = c(0.00748234735624642, 
0.00748234735624642, 0.00748234735624642, 0.00748234735624642
), sim_n = c(43L, 43L, 43L, 43L)), .Names = c("var", "mean", 
"prop", "rand_var", "mean_rand", "sim_n"), class = c("tbl_df", 
"tbl", "data.frame"), row.names = c(NA, -4L)), summ_stan_df = structure(list(
    shape1 = 3.3420638951286, shape2 = 4.94389462602908, stretch = 2.59179173229744, 
    x_min = -0.0883376760379159, x_max = 4.57374039122776, maxima = 2.51849799074909, 
    rep = 43L), .Names = c("shape1", "shape2", "stretch", "x_min", 
"x_max", "maxima", "rep"), class = c("tbl_df", "tbl", "data.frame"
), row.names = c(NA, -1L))), .Names = c("lm_df", "lasso_df", 
"summ_stan_df"))
