run_x <-
structure(list(lm_df = structure(list(term = c("maxima_sc", "stretch_sc", 
"x_max_sc", "x_min_sc"), coef = c(0.127125739833097, 0.0599746919957455, 
-0.0809008757092518, -0.0243638687676029), p_value = c(0.0662072900852421, 
0.01385180140946, 0.118840320088708, 0.0808815110488029), rand_var = c(2.38709684901815, 
2.38709684901815, 2.38709684901815, 2.38709684901815), mean_rand = c(0.908571311241778, 
0.908571311241778, 0.908571311241778, 0.908571311241778), sim_n = c(60L, 
60L, 60L, 60L)), .Names = c("term", "coef", "p_value", "rand_var", 
"mean_rand", "sim_n"), class = c("tbl_df", "tbl", "data.frame"
), row.names = c(NA, -4L)), lasso_df = structure(list(var = c("maxima", 
"stretch", "x_max", "x_min"), mean = c(0.128280951938147, 0.0609049057245203, 
-0.215478603235715, -0.0197058859752476), prop = c(0.06, 0.095, 
0.0125, 0.04), rand_var = c(2.38709684901815, 2.38709684901815, 
2.38709684901815, 2.38709684901815), mean_rand = c(0.908571311241778, 
0.908571311241778, 0.908571311241778, 0.908571311241778), sim_n = c(60L, 
60L, 60L, 60L)), .Names = c("var", "mean", "prop", "rand_var", 
"mean_rand", "sim_n"), class = c("tbl_df", "tbl", "data.frame"
), row.names = c(NA, -4L)), summ_stan_df = structure(list(shape1 = 4.11998085649701, 
    shape2 = 2.57033706568582, stretch = 1.36543634369412, x_min = -1.26874557839969, 
    x_max = 4.57562552643375, maxima = 3.19316605011262, rep = 60L), .Names = c("shape1", 
"shape2", "stretch", "x_min", "x_max", "maxima", "rep"), class = c("tbl_df", 
"tbl", "data.frame"), row.names = c(NA, -1L))), .Names = c("lm_df", 
"lasso_df", "summ_stan_df"))
run_x <-
structure(list(lm_df = structure(list(term = c("maxima_sc", "stretch_sc", 
"x_max_sc", "x_min_sc"), coef = c(0.127125739833097, 0.0599746919957455, 
-0.0809008757092518, -0.0243638687676029), p_value = c(0.0662072900852421, 
0.01385180140946, 0.118840320088708, 0.0808815110488029), rand_var = c(2.38709684901815, 
2.38709684901815, 2.38709684901815, 2.38709684901815), mean_rand = c(0.908571311241778, 
0.908571311241778, 0.908571311241778, 0.908571311241778), sim_n = c(60L, 
60L, 60L, 60L)), .Names = c("term", "coef", "p_value", "rand_var", 
"mean_rand", "sim_n"), class = c("tbl_df", "tbl", "data.frame"
), row.names = c(NA, -4L)), lasso_df = structure(list(var = c("maxima", 
"stretch", "x_max", "x_min"), mean = c(0.128280951938147, 0.0609049057245203, 
-0.215478603235715, -0.0197058859752476), prop = c(0.06, 0.095, 
0.0125, 0.04), rand_var = c(2.38709684901815, 2.38709684901815, 
2.38709684901815, 2.38709684901815), mean_rand = c(0.908571311241778, 
0.908571311241778, 0.908571311241778, 0.908571311241778), sim_n = c(60L, 
60L, 60L, 60L)), .Names = c("var", "mean", "prop", "rand_var", 
"mean_rand", "sim_n"), class = c("tbl_df", "tbl", "data.frame"
), row.names = c(NA, -4L)), summ_stan_df = structure(list(shape1 = 4.11998085649701, 
    shape2 = 2.57033706568582, stretch = 1.36543634369412, x_min = -1.26874557839969, 
    x_max = 4.57562552643375, maxima = 3.19316605011262, rep = 60L), .Names = c("shape1", 
"shape2", "stretch", "x_min", "x_max", "maxima", "rep"), class = c("tbl_df", 
"tbl", "data.frame"), row.names = c(NA, -1L))), .Names = c("lm_df", 
"lasso_df", "summ_stan_df"))
run_x <-
structure(list(lasso_df = structure(list(var = c("maxima", "stretch", 
"x_max", "x_min"), mean = c(-0.000593447065037985, 0.0781011479666972, 
-0.567541612003141, -0.088434099962382), prop = c(0.0175, 0.1725, 
0, 0.0275), rand_var = c(2.38709684901815, 2.38709684901815, 
2.38709684901815, 2.38709684901815), mean_rand = c(0.908571311241778, 
0.908571311241778, 0.908571311241778, 0.908571311241778), sim_n = c(60L, 
60L, 60L, 60L)), .Names = c("var", "mean", "prop", "rand_var", 
"mean_rand", "sim_n"), class = c("tbl_df", "tbl", "data.frame"
), row.names = c(NA, -4L)), lasso_depth = structure(list(draw = 1:400, 
    `(Intercept)` = c(-0.105044681172933, -0.0623540334002648, 
    -0.0309866155570363, -0.0645054721579394, -0.0602541188446191, 
    -0.130783388572832, 0.0489595849935543, -0.0716231327177635, 
    -0.105269845279604, -0.0238851229709436, -0.0577062922440948, 
    -0.0555629683312614, -0.0522300729530834, -0.0576749490679952, 
    -0.0697324209528045, -0.0554813249330198, -0.0705261396088081, 
    -0.0671066955720392, -0.0519881572780403, -0.0679489691420569, 
    -0.0621592246967227, -0.0855177300192569, -0.0503689252038944, 
    -0.0587972161959446, -0.0575097789134994, -0.0594801510899434, 
    -0.0583691946275699, -0.0617433365130039, -0.0544231193155216, 
    -0.0653901812071282, -0.0585252655784753, -0.0617700578764934, 
    -0.0855613031844691, -0.0640029470112514, -0.046734142390537, 
    -0.0597531065861548, -0.0600912147594917, -0.0560774982424572, 
    -0.0693187482201792, -0.0634956294365858, -0.0536811704692118, 
    -0.0662888456480553, -0.0565794137356968, -0.0556214758967184, 
    -0.115246177419761, -0.0521505076252569, -0.038900817032071, 
    -0.0343206098647642, -0.0587284236591916, -0.0260446679042406, 
    -0.0601836005197923, -0.093644573806674, -0.0611621185304882, 
    -0.0621242088024662, -0.0589020556650921, -0.0415686237710358, 
    -0.0773589930494918, -0.0618705720824081, -0.0626653299828467, 
    -0.0308308888449607, -0.0896043950456538, -0.0656655814366905, 
    -0.0560267273544438, -0.0577125806463588, -0.00469900330295647, 
    -0.0498178507297399, -0.0568506897128534, -0.0558725550821681, 
    -0.0574887063603078, -0.061507973184437, -0.0615917998869482, 
    -0.062312839408665, -0.111144292660687, -0.0619008898333489, 
    -0.0584634937769855, -0.14239420684395, -0.0666130952380953, 
    -0.058658125500111, -0.0726000079827021, 0.0358069295212807, 
    -0.104029904224128, -0.0581789444922234, -0.12450154657841, 
    -0.0603751092085321, -0.0666130952380953, -0.0983304915323578, 
    -0.102946357701044, -0.0588712388810602, -0.0534597407684618, 
    -0.0567362511690534, -0.0413332669761179, -0.0564580052348197, 
    -0.0632657423758434, -0.0584453497197519, -0.0625883301127945, 
    -0.0800177638762187, -0.0422070296924207, -0.101639067263541, 
    -0.064670315927745, -0.0511175482040982, -0.0728565726112518, 
    -0.0666130952380953, -0.066962614422542, -0.0843503433722157, 
    -0.0569728626327869, -0.0653715709106233, -0.0659845359967885, 
    0.0221573833449357, -0.0666130952380953, -0.078281063783765, 
    -0.0666130952380953, -0.0666130952380953, -0.0666130952380953, 
    -0.0633455855300292, -0.0798792521126757, -0.0758070146213814, 
    -0.0666130952380953, -0.0666130952380953, -0.0646543439628771, 
    -0.0666229120574175, -0.0792297589965828, -0.0692146485035241, 
    -0.0614946846108778, -0.0666130952380953, -0.0666130952380953, 
    -0.0641718412716484, -0.0504013470924493, -0.0668799774088938, 
    -0.0666130952380953, -0.0666130952380953, -0.0666130952380953, 
    -0.0648285227875173, -0.0672554332999787, -0.0666130952380953, 
    -0.0666130952380953, -0.0661410284704225, -0.0666130952380953, 
    -0.0666130952380953, -0.0634463192759716, -0.0759764270973786, 
    -0.0666130952380953, -0.0666130952380953, -0.0675028599593002, 
    -0.0548901339815425, -0.0611913358581729, -0.0666130952380953, 
    -0.0666130952380953, -0.0666130952380953, -0.0680629588320687, 
    -0.0666130952380953, -0.0528973241786575, -0.0689659182645831, 
    -0.0730703106442994, -0.0814441946988381, -0.0666130952380953, 
    -0.0590388465994946, -0.0666130952380953, -0.0606235709058097, 
    -0.0666130952380953, -0.122141978266456, -0.0778051627409775, 
    -0.0594097440736971, -0.0666130952380953, -0.0666130952380953, 
    -0.0666130952380953, -0.0718304435129067, -0.0578937123418708, 
    -0.0704528655630185, -0.0704743495866244, -0.0734704283435655, 
    -0.07224316734137, -0.074838568154553, -0.0538343245012888, 
    -0.0666130952380953, -0.0594669711940961, -0.0684625376318868, 
    -0.0916048707330061, -0.0666130952380953, -0.0706448885691439, 
    -0.0666130952380953, -0.0666130952380953, -0.0707708719397695, 
