run_x <-
structure(list(lm_df = structure(list(term = c("maxima_sc", "stretch_sc", 
"x_max_sc", "x_min_sc"), coef = c(0.130179754118853, 0.0525205215463289, 
-0.0913883134874758, -0.0227517758082842), p_value = c(0.0425015799887685, 
0.0118435017210287, 0.0838987043593069, 0.127477194216333), rand_var = c(2.3448473093461, 
2.3448473093461, 2.3448473093461, 2.3448473093461), mean_rand = c(0.897606499087692, 
0.897606499087692, 0.897606499087692, 0.897606499087692), sim_n = c(59L, 
59L, 59L, 59L)), .Names = c("term", "coef", "p_value", "rand_var", 
"mean_rand", "sim_n"), class = c("tbl_df", "tbl", "data.frame"
), row.names = c(NA, -4L)), lasso_df = structure(list(var = c("maxima", 
"stretch", "x_max", "x_min"), mean = c(1.19398887171633, 0.189025756598741, 
-0.490757749750556, -0.0871425805338697), prop = c(0.2875, 0.145, 
0.0475, 0.07), rand_var = c(2.3448473093461, 2.3448473093461, 
2.3448473093461, 2.3448473093461), mean_rand = c(0.897606499087692, 
0.897606499087692, 0.897606499087692, 0.897606499087692), sim_n = c(59L, 
59L, 59L, 59L)), .Names = c("var", "mean", "prop", "rand_var", 
"mean_rand", "sim_n"), class = c("tbl_df", "tbl", "data.frame"
), row.names = c(NA, -4L)), summ_stan_df = structure(list(shape1 = 4.08691120149806, 
    shape2 = 2.59976970040923, stretch = 1.50401130910789, x_min = -1.30100852403053, 
    x_max = 4.40549510457294, maxima = 3.03939153429619, rep = 59L), .Names = c("shape1", 
"shape2", "stretch", "x_min", "x_max", "maxima", "rep"), class = c("tbl_df", 
"tbl", "data.frame"), row.names = c(NA, -1L))), .Names = c("lm_df", 
"lasso_df", "summ_stan_df"))
