run_x <-
structure(list(lm_df = structure(list(term = c("maxima_sc", "stretch_sc", 
"x_max_sc", "x_min_sc"), coef = c(-0.05076985284314, 0.0613509566109398, 
0.0305332822301405, -0.0450135305433043), p_value = c(0.087256240382282, 
0.000529229573522692, 0.0592671023334818, 0.0132419882287471), 
    rand_var = c(1.65831820402892, 1.65831820402892, 1.65831820402892, 
    1.65831820402892), mean_rand = c(-0.159593306643788, -0.159593306643788, 
    -0.159593306643788, -0.159593306643788), sim_n = c(42L, 42L, 
    42L, 42L)), .Names = c("term", "coef", "p_value", "rand_var", 
"mean_rand", "sim_n"), class = c("tbl_df", "tbl", "data.frame"
), row.names = c(NA, -4L)), lasso_df = structure(list(var = c("maxima", 
"stretch", "x_max", "x_min"), mean = c(-0.113262585697928, 0.130690479697668, 
0.234868134463767, -0.01669757085735), prop = c(0.0375, 0.15, 
0.075, 0.01), rand_var = c(1.65831820402892, 1.65831820402892, 
1.65831820402892, 1.65831820402892), mean_rand = c(-0.159593306643788, 
-0.159593306643788, -0.159593306643788, -0.159593306643788), 
    sim_n = c(42L, 42L, 42L, 42L)), .Names = c("var", "mean", 
"prop", "rand_var", "mean_rand", "sim_n"), class = c("tbl_df", 
"tbl", "data.frame"), row.names = c(NA, -4L)), summ_stan_df = structure(list(
    shape1 = 3.95591508841152, shape2 = 2.96702183729109, stretch = 2.19833085983204, 
    x_min = -0.664411692241936, x_max = 4.74340726426439, maxima = 3.29566721490175, 
    rep = 42L), .Names = c("shape1", "shape2", "stretch", "x_min", 
"x_max", "maxima", "rep"), class = c("tbl_df", "tbl", "data.frame"
), row.names = c(NA, -1L))), .Names = c("lm_df", "lasso_df", 
"summ_stan_df"))
run_x <-
structure(list(lm_df = structure(list(term = c("maxima_sc", "stretch_sc", 
"x_max_sc", "x_min_sc"), coef = c(-0.05076985284314, 0.0613509566109398, 
0.0305332822301405, -0.0450135305433043), p_value = c(0.087256240382282, 
0.000529229573522692, 0.0592671023334818, 0.0132419882287471), 
    rand_var = c(1.65831820402892, 1.65831820402892, 1.65831820402892, 
    1.65831820402892), mean_rand = c(-0.159593306643788, -0.159593306643788, 
    -0.159593306643788, -0.159593306643788), sim_n = c(42L, 42L, 
    42L, 42L)), .Names = c("term", "coef", "p_value", "rand_var", 
"mean_rand", "sim_n"), class = c("tbl_df", "tbl", "data.frame"
), row.names = c(NA, -4L)), lasso_df = structure(list(var = c("maxima", 
"stretch", "x_max", "x_min"), mean = c(-0.113262585697928, 0.130690479697668, 
0.234868134463767, -0.01669757085735), prop = c(0.0375, 0.15, 
0.075, 0.01), rand_var = c(1.65831820402892, 1.65831820402892, 
1.65831820402892, 1.65831820402892), mean_rand = c(-0.159593306643788, 
-0.159593306643788, -0.159593306643788, -0.159593306643788), 
    sim_n = c(42L, 42L, 42L, 42L)), .Names = c("var", "mean", 
"prop", "rand_var", "mean_rand", "sim_n"), class = c("tbl_df", 
"tbl", "data.frame"), row.names = c(NA, -4L)), summ_stan_df = structure(list(
    shape1 = 3.95591508841152, shape2 = 2.96702183729109, stretch = 2.19833085983204, 
    x_min = -0.664411692241936, x_max = 4.74340726426439, maxima = 3.29566721490175, 
    rep = 42L), .Names = c("shape1", "shape2", "stretch", "x_min", 
"x_max", "maxima", "rep"), class = c("tbl_df", "tbl", "data.frame"
), row.names = c(NA, -1L))), .Names = c("lm_df", "lasso_df", 
"summ_stan_df"))
