run_x <-
structure(list(lm_df = structure(list(term = c("maxima_sc", "stretch_sc", 
"x_max_sc", "x_min_sc"), coef = c(-0.0225513187211804, 0.0319947782336332, 
0.0446431694938899, -0.0376413825922159), p_value = c(0.0989800590742133, 
0.00101302429840924, 0.263542784315849, 0.0088089519777298), 
    rand_var = c(2.7092890668248, 2.7092890668248, 2.7092890668248, 
    2.7092890668248), mean_rand = c(0.367257480702501, 0.367257480702501, 
    0.367257480702501, 0.367257480702501), sim_n = c(68L, 68L, 
    68L, 68L)), .Names = c("term", "coef", "p_value", "rand_var", 
"mean_rand", "sim_n"), class = c("tbl_df", "tbl", "data.frame"
), row.names = c(NA, -4L)), lasso_df = structure(list(var = c("maxima", 
"stretch", "x_max", "x_min"), mean = c(0.41362025236724, 0.262665222441946, 
-0.00436441865295996, -0.19157686774144), prop = c(0.1925, 0.255, 
0.065, 0.0075), rand_var = c(2.7092890668248, 2.7092890668248, 
2.7092890668248, 2.7092890668248), mean_rand = c(0.367257480702501, 
0.367257480702501, 0.367257480702501, 0.367257480702501), sim_n = c(68L, 
68L, 68L, 68L)), .Names = c("var", "mean", "prop", "rand_var", 
"mean_rand", "sim_n"), class = c("tbl_df", "tbl", "data.frame"
), row.names = c(NA, -4L)), summ_stan_df = structure(list(shape1 = 3.52539066531049, 
    shape2 = 3.4629229379602, stretch = 2.69564560736706, x_min = -0.436967404960844, 
    x_max = 4.44197095048867, maxima = 2.76068672374057, rep = 68L), .Names = c("shape1", 
"shape2", "stretch", "x_min", "x_max", "maxima", "rep"), class = c("tbl_df", 
"tbl", "data.frame"), row.names = c(NA, -1L))), .Names = c("lm_df", 
"lasso_df", "summ_stan_df"))
run_x <-
structure(list(lm_df = structure(list(term = c("maxima_sc", "stretch_sc", 
"x_max_sc", "x_min_sc"), coef = c(-0.0225513187211804, 0.0319947782336332, 
0.0446431694938899, -0.0376413825922159), p_value = c(0.0989800590742133, 
0.00101302429840924, 0.263542784315849, 0.0088089519777298), 
    rand_var = c(2.7092890668248, 2.7092890668248, 2.7092890668248, 
    2.7092890668248), mean_rand = c(0.367257480702501, 0.367257480702501, 
    0.367257480702501, 0.367257480702501), sim_n = c(68L, 68L, 
    68L, 68L)), .Names = c("term", "coef", "p_value", "rand_var", 
"mean_rand", "sim_n"), class = c("tbl_df", "tbl", "data.frame"
), row.names = c(NA, -4L)), lasso_df = structure(list(var = c("maxima", 
"stretch", "x_max", "x_min"), mean = c(0.41362025236724, 0.262665222441946, 
-0.00436441865295996, -0.19157686774144), prop = c(0.1925, 0.255, 
0.065, 0.0075), rand_var = c(2.7092890668248, 2.7092890668248, 
2.7092890668248, 2.7092890668248), mean_rand = c(0.367257480702501, 
0.367257480702501, 0.367257480702501, 0.367257480702501), sim_n = c(68L, 
68L, 68L, 68L)), .Names = c("var", "mean", "prop", "rand_var", 
"mean_rand", "sim_n"), class = c("tbl_df", "tbl", "data.frame"
), row.names = c(NA, -4L)), summ_stan_df = structure(list(shape1 = 3.52539066531049, 
    shape2 = 3.4629229379602, stretch = 2.69564560736706, x_min = -0.436967404960844, 
    x_max = 4.44197095048867, maxima = 2.76068672374057, rep = 68L), .Names = c("shape1", 
"shape2", "stretch", "x_min", "x_max", "maxima", "rep"), class = c("tbl_df", 
"tbl", "data.frame"), row.names = c(NA, -1L))), .Names = c("lm_df", 
"lasso_df", "summ_stan_df"))
run_x <-
structure(list(lasso_df = structure(list(var = c("maxima", "stretch", 
"x_max", "x_min"), mean = c(0.318899735609655, 0.0901513981071522, 
-0.337982900867502, -0.161474866847246), prop = c(0.0075, 0.16, 
0.0025, 0), rand_var = c(2.7092890668248, 2.7092890668248, 2.7092890668248, 
2.7092890668248), mean_rand = c(0.367257480702501, 0.367257480702501, 
0.367257480702501, 0.367257480702501), sim_n = c(68L, 68L, 68L, 
68L)), .Names = c("var", "mean", "prop", "rand_var", "mean_rand", 
"sim_n"), class = c("tbl_df", "tbl", "data.frame"), row.names = c(NA, 
-4L)), lasso_depth = structure(list(draw = 1:400, `(Intercept)` = c(-0.0666130952380953, 
-0.0879710366772576, -0.0656176115831473, -0.0666130952380953, 
-0.0778989162864203, -0.0912289261185086, -0.0812108014555454, 
-0.0666130952380953, -0.0666130952380953, -0.0912301671271072, 
-0.0916021138866896, -0.0796461953227463, -0.0666130952380953, 
-0.0666130952380953, -0.0666130952380953, -0.0833823114404237, 
-0.0666130952380953, -0.0864722189199577, -0.0916888692619207, 
-0.0779008714614015, -0.0818875210167109, -0.0708556589502271, 
-0.0608453467355522, -0.0771534762503288, -0.0913691416699347, 
-0.0666130952380953, -0.122613839663249, -0.0807453053342496, 
-0.0666130952380953, -0.0726765826151811, -0.0666130952380953, 
-0.0666130952380953, -0.086132735478467, -0.0666130952380953, 
-0.0666130952380953, -0.0706193131808162, -0.0890077283071661, 
-0.0666130952380953, -0.0666130952380953, -0.0666130952380953, 
-0.08134220283951, -0.0811049005401594, -0.0666130952380953, 
-0.0834558164277885, -0.0666130952380953, -0.0739502576094443, 
-0.0753197658477404, -0.0860886783140097, -0.0732570434956596, 
-0.0653706602966419, -0.0666130952380953, -0.0719693869526181, 
-0.0930737173196905, -0.0899688361122413, -0.0666130952380953, 
-0.0879961438050736, -0.0839152963087047, -0.0739505891137039, 
-0.0666130952380953, -0.0666130952380953, -0.0666130952380953, 
-0.0771916795869184, -0.0621504080999424, -0.0616427900694181, 
-0.0738802191030714, -0.0698465779663763, -0.0943164866555474, 
-0.0666130952380953, -0.0666130952380953, -0.0666130952380953, 
-0.0666130952380953, -0.0666130952380953, -0.0666130952380953, 
-0.0707318218309242, -0.0707536052694371, -0.0666130952380953, 
-0.0843369759227521, -0.084521871396957, -0.0666130952380953, 
-0.0615508995867326, -0.0896591835540353, -0.0785241062068763, 
-0.0666130952380953, -0.0843400191432768, -0.070194365974006, 
-0.0777326113719505, -0.0769626700402623, -0.0788637316361886, 
-0.0756731407207565, -0.0906876088509883, -0.0666130952380953, 
-0.0666130952380953, -0.0786427382178264, -0.100115941261589, 
-0.0666130952380953, -0.0697595446217676, -0.088617360729189, 
-0.0771608074426548, -0.0919493424193523, -0.0769222058953832, 
-0.0459238814766458, -0.0330505896948043, -0.0460797747337603, 
-0.0570717534303329, -0.0427692040729918, -0.0541221866930478, 
-0.0508636752767842, -0.0350999812986505, -0.0568466255596786, 
-0.0503132095859002, -0.0554716734159939, -0.0390293199432702, 
-0.0479183219846935, -0.0431612673327695, -0.0514597933330827, 
-0.0435522105837365, -0.0412948929145376, -0.058093843265236, 
-0.0385001698534829, -0.0528275730158375, -0.0443564844969101, 
-0.0564533282754961, -0.0512282002777779, -0.0498432688801499, 
-0.0432810014216634, -0.0471630822674923, -0.0502941603351195, 
-0.0542751450602413, -0.0482595644583109, -0.0440582950954223, 
-0.0474755931622292, -0.0409342213584406, -0.0666130952380953, 
-0.0371092817736815, -0.0716241977593881, -0.0447472080581284, 
-0.0713280231988462, -0.0386115629836294, -0.0470593337700856, 
-0.0557363592234369, -0.0500294934848845, -0.0451668731048468, 
-0.0296894589073424, -0.0534444590866808, -0.0494573986543262, 
-0.0387636112786245, -0.0519662201134759, -0.0501263323132747, 
-0.0542869429547299, -0.0429511086919477, -0.0462637037001162, 
-0.0499102298481038, -0.0439711302176321, -0.0462581636537867, 
-0.0362377981789972, -0.0426651038779502, -0.0505055793348766, 
-0.0468813464960016, -0.0537520183174251, -0.0519562463681703, 
-0.0327591808538431, -0.041241840330647, -0.0578792849457131, 
-0.0532205705292392, -0.0425946204368346, -0.0565789860486814, 
-0.049578962502979, -0.0429127655087295, -0.0379882847326561, 
-0.0513089276318938, -0.0467910958799615, -0.044978071934031, 
-0.0413202367063878, -0.0519640449190149, -0.0455801959017243, 
-0.0526337716360594, -0.0461311536324285, -0.0413451206858315, 
-0.049925687241778, -0.0568279716021187, -0.0562549620094559, 
-0.053816433916348, -0.0477608404269135, -0.046289677157233, 
-0.0382864568891666, -0.0495885167875629, -0.0478953230859953, 
-0.0535388647323057, -0.0534278966873485, -0.0455014325893879, 
-0.0453225037654238, -0.039287167504502, -0.0501242766907447, 
