run_x <-
structure(list(lm_df = structure(list(term = c("maxima_sc", "stretch_sc", 
"x_max_sc", "x_min_sc"), coef = c(0.00645807341607933, 0.0437129657744802, 
-0.0110809807056322, -0.0293778472424695), p_value = c(0.301842880105056, 
0.0443453701264162, 0.208458226044185, 0.0260536738380804), rand_var = c(0.487250480036243, 
0.487250480036243, 0.487250480036243, 0.487250480036243), mean_rand = c(0.00143829083966462, 
0.00143829083966462, 0.00143829083966462, 0.00143829083966462
), sim_n = c(13L, 13L, 13L, 13L)), .Names = c("term", "coef", 
"p_value", "rand_var", "mean_rand", "sim_n"), class = c("tbl_df", 
"tbl", "data.frame"), row.names = c(NA, -4L)), lasso_df = structure(list(
    var = c("maxima", "stretch", "x_max", "x_min"), mean = c(0.00125801096590526, 
    0.0197441315431971, -0.056985258696146, -0.121632330584534
    ), prop = c(0.0325, 0.0375, 0.0025, 0.005), rand_var = c(0.487250480036243, 
    0.487250480036243, 0.487250480036243, 0.487250480036243), 
    mean_rand = c(0.00143829083966462, 0.00143829083966462, 0.00143829083966462, 
    0.00143829083966462), sim_n = c(13L, 13L, 13L, 13L)), .Names = c("var", 
"mean", "prop", "rand_var", "mean_rand", "sim_n"), class = c("tbl_df", 
"tbl", "data.frame"), row.names = c(NA, -4L)), summ_stan_df = structure(list(
    shape1 = 3.15306535921407, shape2 = 3.63010213038132, stretch = 0.943083200016282, 
    x_min = -0.335339955868801, x_max = 4.62388412373711, maxima = 2.63911894100815, 
    rep = 13L), .Names = c("shape1", "shape2", "stretch", "x_min", 
"x_max", "maxima", "rep"), class = c("tbl_df", "tbl", "data.frame"
), row.names = c(NA, -1L))), .Names = c("lm_df", "lasso_df", 
"summ_stan_df"))
run_x <-
structure(list(lm_df = structure(list(term = c("maxima_sc", "stretch_sc", 
"x_max_sc", "x_min_sc"), coef = c(0.00645807341607933, 0.0437129657744802, 
-0.0110809807056322, -0.0293778472424695), p_value = c(0.301842880105056, 
0.0443453701264162, 0.208458226044185, 0.0260536738380804), rand_var = c(0.487250480036243, 
0.487250480036243, 0.487250480036243, 0.487250480036243), mean_rand = c(0.00143829083966462, 
0.00143829083966462, 0.00143829083966462, 0.00143829083966462
), sim_n = c(13L, 13L, 13L, 13L)), .Names = c("term", "coef", 
"p_value", "rand_var", "mean_rand", "sim_n"), class = c("tbl_df", 
"tbl", "data.frame"), row.names = c(NA, -4L)), lasso_df = structure(list(
    var = c("maxima", "stretch", "x_max", "x_min"), mean = c(0.00125801096590526, 
    0.0197441315431971, -0.056985258696146, -0.121632330584534
    ), prop = c(0.0325, 0.0375, 0.0025, 0.005), rand_var = c(0.487250480036243, 
    0.487250480036243, 0.487250480036243, 0.487250480036243), 
    mean_rand = c(0.00143829083966462, 0.00143829083966462, 0.00143829083966462, 
    0.00143829083966462), sim_n = c(13L, 13L, 13L, 13L)), .Names = c("var", 
"mean", "prop", "rand_var", "mean_rand", "sim_n"), class = c("tbl_df", 
"tbl", "data.frame"), row.names = c(NA, -4L)), summ_stan_df = structure(list(
    shape1 = 3.15306535921407, shape2 = 3.63010213038132, stretch = 0.943083200016282, 
    x_min = -0.335339955868801, x_max = 4.62388412373711, maxima = 2.63911894100815, 
    rep = 13L), .Names = c("shape1", "shape2", "stretch", "x_min", 
"x_max", "maxima", "rep"), class = c("tbl_df", "tbl", "data.frame"
), row.names = c(NA, -1L))), .Names = c("lm_df", "lasso_df", 
"summ_stan_df"))
run_x <-
structure(list(lasso_df = structure(list(var = c("maxima", "stretch", 
"x_max", "x_min"), mean = c(-0.0204773696209777, 0.0292929973716525, 
-0.107739794262113, -0.152478857706201), prop = c(0.01, 0.04, 
0.0125, 0.0125), rand_var = c(0.487250480036243, 0.487250480036243, 
0.487250480036243, 0.487250480036243), mean_rand = c(0.00143829083966462, 
0.00143829083966462, 0.00143829083966462, 0.00143829083966462
), sim_n = c(13L, 13L, 13L, 13L)), .Names = c("var", "mean", 
"prop", "rand_var", "mean_rand", "sim_n"), class = c("tbl_df", 
"tbl", "data.frame"), row.names = c(NA, -4L)), lasso_depth = structure(list(
    draw = 1:400, `(Intercept)` = c(-0.0500327708075006, -0.0666130952380953, 
    -0.0666130952380953, -0.0614770255368293, -0.0602886689447112, 
    -0.0695321621721637, -0.0569936803449237, -0.0546612451461504, 
    -0.0602568035791574, -0.0510208584871652, -0.0627348270507804, 
    -0.0575848059444374, -0.0571262396035888, -0.0462312107566337, 
    -0.050854082113265, -0.0548902086462298, -0.0666130952380953, 
    -0.0666130952380953, -0.0666130952380953, -0.0748562841557375, 
    -0.0732824452521454, -0.0666130952380953, -0.0666130952380953, 
    -0.0666130952380953, -0.0517635768669707, -0.0531707702975573, 
    -0.0418895690397884, -0.0410420657466287, -0.0666130952380953, 
    -0.0567214829377564, -0.0516681064954876, -0.0984973330781809, 
    -0.0674773471034288, -0.0550382600089388, -0.0666130952380953, 
    -0.0666130952380953, -0.0579333150982314, -0.0666130952380953, 
    -0.0696343894288425, -0.0666130952380953, -0.0666130952380953, 
    -0.0694653939723639, -0.0576503457143823, -0.0603859954968795, 
    -0.0666130952380953, -0.0666130952380953, -0.0520606964573383, 
    -0.0600010594622282, -0.0505188790752196, -0.0666130952380953, 
    -0.0666130952380953, -0.0666130952380953, -0.0666130952380953, 
    -0.06617508003885, -0.0611733674383196, -0.0685627358478445, 
    -0.0309666227566453, -0.0666130952380953, -0.0718887723967748, 
    -0.0501233456320864, -0.0497400399759332, -0.0592984067784651, 
    -0.0666130952380953, -0.0666130952380953, -0.0666130952380953, 
    -0.0709063322830778, -0.072879201388247, -0.0666130952380953, 
    -0.0666130952380953, -0.0575091344679166, -0.0692482563549219, 
    -0.0666130952380953, -0.0519020338799335, -0.0551175115136885, 
    -0.0596958616036108, -0.0447644348593437, -0.0282182742357428, 
    -0.0619816053264875, -0.0466430606787408, -0.0661994108026768, 
    -0.0595309419675656, -0.0600465743517306, -0.0420164625026076, 
    -0.0610196216426331, -0.0666130952380953, -0.0666130952380953, 
    -0.0666130952380953, -0.0707590604096104, -0.0529149224186675, 
    -0.0691246754504777, -0.066016967718974, -0.0666130952380953, 
    -0.0490509458188199, -0.0666130952380953, -0.0618256556831776, 
    -0.0502747884516165, -0.0773086551357344, -0.05935420728613, 
    -0.0666130952380953, -0.0551314512730741, -0.0668467990242747, 
    -0.067728741303541, -0.0666130952380953, -0.0615707362953674, 
    -0.0666130952380953, -0.0528427133033076, -0.0666130952380953, 
    -0.0486556188300098, -0.0666130952380953, -0.0938358428346451, 
    -0.0736073647081416, -0.0630413808138952, -0.0658306136866611, 
    -0.0283274163917147, -0.0577319747060578, -0.0501893900599484, 
    -0.0614570626200579, -0.0645182166719102, -0.0666130952380953, 
    -0.0666130952380953, -0.0514664431677299, -0.0666130952380953, 
    -0.0639604340942447, -0.0588206350208671, -0.0662240721382771, 
    -0.0565236420196847, -0.0666130952380953, -0.0574453773256316, 
    -0.0666130952380953, -0.0666130952380953, -0.0552557045510088, 
    -0.0281785259040913, -0.00628258483083096, -0.0538863180583904, 
    -0.0547528873128785, -0.0467634988277515, -0.0504016287478601, 
    -0.05857528032237, -0.0794196592671674, -0.0639229334231602, 
    -0.066301385961832, -0.0602427285889784, -0.0666130952380953, 
    -0.0577158403367933, -0.0681623300774843, -0.0573005377815098, 
    -0.0666130952380953, -0.0666130952380953, -0.0826635952042075, 
    -0.0525937770201281, -0.0594275263717089, -0.0955399024941929, 
    -0.0586357031472264, -0.0381009577797904, -0.0666130952380953, 
    -0.0666130952380953, -0.0186138257810691, -0.0680838670391658, 
    -0.0666130952380953, -0.0617337077569543, -0.0622146223248996, 
    -0.0499006687343013, -0.0502396469058552, -0.0469139851041486, 
    -0.0666130952380953, -0.0560838907914253, -0.0645757438763763, 
    -0.0666130952380953, -0.0621846494127406, -0.0531769051185113, 
    -0.060089346011425, -0.0383284880053726, -0.0630214231225262, 
    -0.0666130952380953, -0.0566490699994252, -0.0492581143462856, 
