run_x <-
structure(list(lm_df = structure(list(term = c("maxima_sc", "stretch_sc", 
"x_max_sc", "x_min_sc"), coef = c(-0.0143372486100092, 0.0204039758350259, 
0.0119373800316474, -0.0463258221063007), p_value = c(0.161621615080144, 
0.0355205650462374, 0.382342899946989, 0.0180955699546525), rand_var = c(2.79785446398192, 
2.79785446398192, 2.79785446398192, 2.79785446398192), mean_rand = c(0.238875308639011, 
0.238875308639011, 0.238875308639011, 0.238875308639011), sim_n = c(70L, 
70L, 70L, 70L)), .Names = c("term", "coef", "p_value", "rand_var", 
"mean_rand", "sim_n"), class = c("tbl_df", "tbl", "data.frame"
), row.names = c(NA, -4L)), lasso_df = structure(list(var = c("maxima", 
"stretch", "x_max", "x_min"), mean = c(-0.0817494549937268, -0.00558076080033498, 
-0.0345304644437551, -0.200383914015304), prop = c(0, 0.07, 0.005, 
0.0025), rand_var = c(2.79785446398192, 2.79785446398192, 2.79785446398192, 
2.79785446398192), mean_rand = c(0.238875308639011, 0.238875308639011, 
0.238875308639011, 0.238875308639011), sim_n = c(70L, 70L, 70L, 
70L)), .Names = c("var", "mean", "prop", "rand_var", "mean_rand", 
"sim_n"), class = c("tbl_df", "tbl", "data.frame"), row.names = c(NA, 
-4L)), summ_stan_df = structure(list(shape1 = 4.41653537757757, 
    shape2 = 3.3391698461883, stretch = 3.89644673932744, x_min = -0.739008138772879, 
    x_max = 4.28859805676081, maxima = 2.9048655952361, rep = 70L), .Names = c("shape1", 
"shape2", "stretch", "x_min", "x_max", "maxima", "rep"), class = c("tbl_df", 
"tbl", "data.frame"), row.names = c(NA, -1L))), .Names = c("lm_df", 
"lasso_df", "summ_stan_df"))
run_x <-
structure(list(lm_df = structure(list(term = c("maxima_sc", "stretch_sc", 
"x_max_sc", "x_min_sc"), coef = c(-0.0143372486100092, 0.0204039758350259, 
0.0119373800316474, -0.0463258221063007), p_value = c(0.161621615080144, 
0.0355205650462374, 0.382342899946989, 0.0180955699546525), rand_var = c(2.79785446398192, 
2.79785446398192, 2.79785446398192, 2.79785446398192), mean_rand = c(0.238875308639011, 
0.238875308639011, 0.238875308639011, 0.238875308639011), sim_n = c(70L, 
70L, 70L, 70L)), .Names = c("term", "coef", "p_value", "rand_var", 
"mean_rand", "sim_n"), class = c("tbl_df", "tbl", "data.frame"
), row.names = c(NA, -4L)), lasso_df = structure(list(var = c("maxima", 
"stretch", "x_max", "x_min"), mean = c(-0.0817494549937268, -0.00558076080033498, 
-0.0345304644437551, -0.200383914015304), prop = c(0, 0.07, 0.005, 
0.0025), rand_var = c(2.79785446398192, 2.79785446398192, 2.79785446398192, 
2.79785446398192), mean_rand = c(0.238875308639011, 0.238875308639011, 
0.238875308639011, 0.238875308639011), sim_n = c(70L, 70L, 70L, 
70L)), .Names = c("var", "mean", "prop", "rand_var", "mean_rand", 
"sim_n"), class = c("tbl_df", "tbl", "data.frame"), row.names = c(NA, 
-4L)), summ_stan_df = structure(list(shape1 = 4.41653537757757, 
    shape2 = 3.3391698461883, stretch = 3.89644673932744, x_min = -0.739008138772879, 
    x_max = 4.28859805676081, maxima = 2.9048655952361, rep = 70L), .Names = c("shape1", 
"shape2", "stretch", "x_min", "x_max", "maxima", "rep"), class = c("tbl_df", 
"tbl", "data.frame"), row.names = c(NA, -1L))), .Names = c("lm_df", 
"lasso_df", "summ_stan_df"))
run_x <-
structure(list(lasso_df = structure(list(var = c("maxima", "stretch", 
"x_max", "x_min"), mean = c(0.167411642154347, 0.126234154649088, 
-0.0690017350432528, -0.112946129685106), prop = c(0.0775, 0.145, 
0.085, 0.03), rand_var = c(2.79785446398192, 2.79785446398192, 
2.79785446398192, 2.79785446398192), mean_rand = c(0.238875308639011, 
0.238875308639011, 0.238875308639011, 0.238875308639011), sim_n = c(70L, 
70L, 70L, 70L)), .Names = c("var", "mean", "prop", "rand_var", 
"mean_rand", "sim_n"), class = c("tbl_df", "tbl", "data.frame"
), row.names = c(NA, -4L)), lasso_depth = structure(list(draw = 1:400, 
    `(Intercept)` = c(-0.0613453598768296, -0.0666130952380953, 
    -0.0498171370660677, -0.0666130952380953, -0.0666130952380953, 
    -0.0578397952538828, -0.0666130952380953, -0.0684606689160002, 
    -0.0666130952380953, -0.0440726956177431, -0.0607930868605007, 
    -0.0594633445888708, -0.0554078702483214, -0.0999545502986531, 
    -0.0666130952380953, -0.0728727629429301, -0.0489981284888867, 
    -0.0867976394588529, -0.0534195849357436, -0.0666130952380953, 
    -0.0735211964119985, -0.0803634842794239, -0.0666130952380953, 
    -0.0625573438041287, -0.0511057498591428, -0.044903272909683, 
    -0.0590463612741594, -0.0666130952380953, -0.0773172088993586, 
    -0.0606896028920682, -0.0666130952380953, -0.0666130952380953, 
    -0.0666130952380953, -0.0691706177798747, -0.0234023662121625, 
    -0.0554018327629314, -0.0695507023895779, -0.0775918368840807, 
    -0.0640873925606109, -0.0730699048759543, -0.0666130952380953, 
    -0.0666130952380953, -0.0521371392130127, -0.0597846172700579, 
    -0.0666130952380953, -0.08261263828635, -0.037048370503038, 
    -0.0550732276547191, 0.00230906019397319, -0.0673296858153956, 
    -0.0615631467463252, -0.0666130952380953, -0.0666130952380953, 
    -0.0824972728444193, -0.0693865749397317, -0.0703464812406707, 
    -0.0529914168261423, -0.0446911675711881, -0.0666130952380953, 
    -0.0947650327875979, -0.0573080344654995, -0.0666130952380953, 
    -0.0538265621885, -0.0512340408667073, -0.0666130952380953, 
    -0.0398958736690445, -0.0445729928701579, -0.0464325241192418, 
    -0.0792062706390124, -0.0670959248724502, -0.0666130952380953, 
    -0.0666130952380953, -0.0706543898846001, -0.06230399313899, 
    -0.0676307597854835, -0.0628593633790294, -0.100672445199196, 
    -0.0629009250007914, -0.0666130952380953, -0.0666130952380953, 
    -0.0666130952380953, -0.0958957129023577, -0.0893145430396039, 
    -0.0666130952380953, -0.0666130952380953, -0.0721198623851593, 
    -0.0651038994632114, -0.0666130952380953, -0.0666130952380953, 
    -0.056875076128508, -0.0608156876728455, -0.0523561049634208, 
    -0.0569158579998622, -0.0723056444656204, -0.0672868949136782, 
    -0.0260450559550189, -0.0666130952380953, -0.0603157702569957, 
    -0.0496760332733645, -0.0881058514091138, -0.0383979362835205, 
    -0.0855637276730023, -0.0761278679666443, -0.0898947679020737, 
    -0.0979123644949391, -0.0706832081259107, -0.0646949462614301, 
    -0.0817649411127668, -0.111229970769121, -0.0484248522161603, 
    -0.0861580857319217, -0.104037792339685, -0.0691838546721988, 
    -0.0750203227882319, -0.0719712848912438, -0.0769136860610208, 
    -0.0612374359151676, -0.0691354921881445, -0.0570943454459086, 
    -0.06551752038529, -0.0506587062446251, -0.0908581455367298, 
    -0.063589811066467, -0.0669359065914063, -0.0669435952631378, 
    -0.0646419730787784, -0.086806209129284, -0.0372160659894327, 
    -0.067744672206203, -0.0315646411054458, -0.0760458707214379, 
    -0.0715962164838466, -0.0677280398730865, -0.0597911440661554, 
    -0.025036658843203, -0.0692944120860676, -0.065960662529912, 
    -0.0757865604158565, -0.0653599887528074, -0.112677199055845, 
    -0.0577192800301418, -0.0549809402599708, -0.0667901197466828, 
    -0.0624516944743297, -0.0908142088702441, -0.0650072331140619, 
    -0.140302922563016, -0.0589031853775969, -0.0488491723219022, 
    -0.0671476496062794, -0.0855859377169605, -0.0656469533855645, 
    -0.0721988060883844, -0.0799152213817159, -0.0760858738654497, 
    -0.0753791820613398, -0.116786402447665, -0.0903886224467794, 
    -0.0440406998661726, -0.0674087917332133, -0.0418106365865401, 
    -0.0652831228540593, -0.0669921779102728, -0.0714683580961758, 
    -0.0649457739278775, -0.0670209183812204, -0.0566722158504429, 
    -0.0518539557777742, -0.0747401088777687, -0.0316189544988968, 
    -0.0920044008129376, -0.0500489677921814, -0.0641255351001873, 
    -0.0509616392428191, -0.0636364370651831, -0.0660562855391962, 
    -0.0492609389217521, -0.0905355680595904, -0.0685100781350582, 
    -0.066661585729659, -0.082668322108171, -0.0617297488314424, 
