run_x <-
structure(list(lm_df = structure(list(term = c("maxima_sc", "stretch_sc", 
"x_max_sc", "x_min_sc"), coef = c(0.142567876782494, 0.0711452365269829, 
-0.0370391932854269, -0.00545695116379126), p_value = c(0.0291108083689458, 
0.00462245197030152, 0.110292731747346, 0.0876932947969958), 
    rand_var = c(0.123839803390447, 0.123839803390447, 0.123839803390447, 
    0.123839803390447), mean_rand = c(0.155913241464958, 0.155913241464958, 
    0.155913241464958, 0.155913241464958), sim_n = c(4L, 4L, 
    4L, 4L)), .Names = c("term", "coef", "p_value", "rand_var", 
"mean_rand", "sim_n"), class = c("tbl_df", "tbl", "data.frame"
), row.names = c(NA, -4L)), lasso_df = structure(list(var = c("maxima", 
"stretch", "x_max", "x_min"), mean = c(0.655890444011895, 0.163856214760061, 
-0.408836570583072, 0.0269895960672735), prop = c(0.14, 0.1475, 
0.0375, 0.0775), rand_var = c(0.123839803390447, 0.123839803390447, 
0.123839803390447, 0.123839803390447), mean_rand = c(0.155913241464958, 
0.155913241464958, 0.155913241464958, 0.155913241464958), sim_n = c(4L, 
4L, 4L, 4L)), .Names = c("var", "mean", "prop", "rand_var", "mean_rand", 
"sim_n"), class = c("tbl_df", "tbl", "data.frame"), row.names = c(NA, 
-4L)), summ_stan_df = structure(list(shape1 = 3.81342345513835, 
    shape2 = 3.52425994465225, stretch = 1.05344462243559, x_min = -1.28341205870375, 
    x_max = 3.5563190999759, maxima = 2.03742738528708, rep = 4L), .Names = c("shape1", 
"shape2", "stretch", "x_min", "x_max", "maxima", "rep"), class = c("tbl_df", 
"tbl", "data.frame"), row.names = c(NA, -1L))), .Names = c("lm_df", 
"lasso_df", "summ_stan_df"))
run_x <-
structure(list(lm_df = structure(list(term = c("maxima_sc", "stretch_sc", 
"x_max_sc", "x_min_sc"), coef = c(0.142567876782494, 0.0711452365269829, 
-0.0370391932854269, -0.00545695116379126), p_value = c(0.0291108083689458, 
0.00462245197030152, 0.110292731747346, 0.0876932947969958), 
    rand_var = c(0.123839803390447, 0.123839803390447, 0.123839803390447, 
    0.123839803390447), mean_rand = c(0.155913241464958, 0.155913241464958, 
    0.155913241464958, 0.155913241464958), sim_n = c(4L, 4L, 
    4L, 4L)), .Names = c("term", "coef", "p_value", "rand_var", 
"mean_rand", "sim_n"), class = c("tbl_df", "tbl", "data.frame"
), row.names = c(NA, -4L)), lasso_df = structure(list(var = c("maxima", 
"stretch", "x_max", "x_min"), mean = c(0.655890444011895, 0.163856214760061, 
-0.408836570583072, 0.0269895960672735), prop = c(0.14, 0.1475, 
0.0375, 0.0775), rand_var = c(0.123839803390447, 0.123839803390447, 
0.123839803390447, 0.123839803390447), mean_rand = c(0.155913241464958, 
0.155913241464958, 0.155913241464958, 0.155913241464958), sim_n = c(4L, 
4L, 4L, 4L)), .Names = c("var", "mean", "prop", "rand_var", "mean_rand", 
"sim_n"), class = c("tbl_df", "tbl", "data.frame"), row.names = c(NA, 
-4L)), summ_stan_df = structure(list(shape1 = 3.81342345513835, 
    shape2 = 3.52425994465225, stretch = 1.05344462243559, x_min = -1.28341205870375, 
    x_max = 3.5563190999759, maxima = 2.03742738528708, rep = 4L), .Names = c("shape1", 
"shape2", "stretch", "x_min", "x_max", "maxima", "rep"), class = c("tbl_df", 
"tbl", "data.frame"), row.names = c(NA, -1L))), .Names = c("lm_df", 
"lasso_df", "summ_stan_df"))
run_x <-
structure(list(lasso_df = structure(list(var = c("maxima", "stretch", 
"x_max", "x_min"), mean = c(0.256645418009753, 0.152821904966486, 
-0.27085143301633, -0.299076828913318), prop = c(0.0875, 0.1225, 
0, 0.02), rand_var = c(0.123839803390447, 0.123839803390447, 
0.123839803390447, 0.123839803390447), mean_rand = c(0.155913241464958, 
0.155913241464958, 0.155913241464958, 0.155913241464958), sim_n = c(4L, 
4L, 4L, 4L)), .Names = c("var", "mean", "prop", "rand_var", "mean_rand", 
"sim_n"), class = c("tbl_df", "tbl", "data.frame"), row.names = c(NA, 
-4L)), lasso_depth = structure(list(draw = 1:400, `(Intercept)` = c(-0.0640186228628009, 
-0.111878682436976, -0.0736744089379686, -0.0463132346984038, 
-0.0666130952380953, -0.0588015131077703, -0.0554566048546635, 
-0.0450964296159275, -0.10241717428351, -0.0633596614410184, 
-0.0570008091180131, -0.0577005244777156, -0.0688733878290203, 
-0.0777079857073318, -0.0717798822366017, -0.0528862919662184, 
-0.0601785475383984, -0.0453398168926487, -0.0799283010880467, 
-0.0637131778721887, -0.0485171899211856, -0.045186548116254, 
-0.0686994460058271, -0.0619551833387455, -0.0776120974865971, 
-0.0409148585506276, -0.0664755240235412, -0.0624524583474737, 
-0.0753036263730073, -0.0768051612003375, -0.0645755761953374, 
-0.0924557927585088, -0.0624537796806361, -0.0598948963393356, 
-0.0521622612169305, -0.0651614589641422, -0.0591834922143606, 
-0.0603129053319324, -0.0674173052761053, -0.0676049244234041, 
-0.0590960754656312, -0.0571200718866731, -0.0572294017747907, 
-0.0608486221376112, -0.0596426334049058, -0.0600741152904031, 
-0.0417485715686597, -0.0736413963077284, -0.0564629251856371, 
-0.0472302702970754, -0.0581243358997856, -0.0637183308071043, 
-0.0680989230952048, -0.0520703195612629, -0.0666130952380953, 
-0.0564522701549596, -0.0687885140789083, -0.0694281046277175, 
-0.0366228244030532, -0.0478340220290884, -0.0678656361777446, 
-0.0787561769225186, -0.0840857493561184, -0.0518403770510334, 
-0.0626722320430167, -0.0633636549509295, -0.0653453799916231, 
-0.0471919024759714, -0.087095798808746, -0.0604021770840094, 
-0.0460647870122563, -0.0644028831909551, -0.0642044101332834, 
-0.072013251953576, -0.06226459307306, -0.0899604691596074, -0.0495391346979699, 
-0.0756807203577981, -0.0569896044264061, -0.0631459910240347, 
-0.0302494833440383, -0.0663384122024287, -0.0685082628484208, 
-0.0591549168623557, -0.060438050614407, -0.0699555648830281, 
-0.0628738735998933, -0.0399686751567942, -0.0764865752131528, 
-0.0608811866300654, -0.0648284895260151, -0.0593502151417684, 
-0.0565950148434371, -0.0682578410728531, -0.0700666885469858, 
-0.0551980057436613, -0.0782764521629413, -0.0581685224506108, 
-0.0533720261694244, -0.0726459554786457, -0.0671261922288371, 
-0.0698851761027206, -0.052136714369258, -0.0454716348206254, 
-0.0560760958113101, -0.0765586322990852, -0.0891761708137191, 
-0.0631094291793399, -0.0784615825602282, -0.063557723452539, 
-0.0543224374329763, -0.0609797533028344, -0.0440227925584292, 
-0.0534502072539978, -0.0621481984095516, -0.0335710859422205, 
-0.0591732819610268, -0.0573736544506753, -0.0690661706002816, 
-0.0655119063952635, -0.0800848296969996, -0.0473068464829196, 
-0.0658658309625497, -0.04858338054835, -0.0540786888667836, 
-0.0434491288014652, -0.0661722392555732, -0.0725229966061815, 
-0.0660485468870779, -0.0788274348528033, -0.0739223796175733, 
-0.0537934677616745, -0.0636652621318225, -0.0864858711561098, 
-0.0691066523301239, -0.058354761279848, -0.0388309162200497, 
-0.0352459204648212, -0.0585793097097786, -0.0626740672815849, 
-0.0652299407695554, -0.0726200486511758, -0.0912224290016576, 
-0.0637017872826511, -0.0488292292482189, -0.0613949902476853, 
-0.0666130952380953, -0.0484199218257202, -0.0531585089380956, 
-0.066846871339828, -0.0444862911022188, -0.0674776735023498, 
-0.0706899618565973, -0.0694181246721486, -0.0526402203194983, 
-0.0643860408780641, -0.0695754796822728, -0.0519753522869186, 
-0.0646023076299931, -0.0532955353804735, -0.0453287248349825, 
-0.05335348087357, -0.0718255075302477, -0.0503879559333505, 
-0.0626073501999693, -0.0523740786122597, -0.0309720383100972, 
-0.0717046605914666, -0.0678857850468869, -0.0698426346761084, 
-0.055948333756124, -0.0701760283716621, -0.0604375413617438, 
-0.0780729512678738, -0.0587448294457901, -0.0845311395803091, 
-0.0793934592858278, -0.0606717095875661, -0.0608202357475499, 
-0.0672347423444439, -0.0563015093770473, -0.0742962826146398, 
-0.0591023128192386, -0.0768895139277341, -0.0607798284909794, 
-0.0737687188525502, -0.0555395401101526, -0.0722741339363238, 
-0.08370186179308, -0.0591930394654587, -0.0754932207507155, 
