run_x <-
structure(list(lm_df = structure(list(term = c("maxima_sc", "stretch_sc", 
"x_max_sc", "x_min_sc"), coef = c(-0.0566547440520388, 0.0582591217912648, 
0.0235869430454718, -0.0298269244966952), p_value = c(0.124482927965619, 
0.00107380508355467, 0.159532060475476, 0.042913334176303), rand_var = c(1.93913467067454, 
1.93913467067454, 1.93913467067454, 1.93913467067454), mean_rand = c(-0.266917592047174, 
-0.266917592047174, -0.266917592047174, -0.266917592047174), 
    sim_n = c(49L, 49L, 49L, 49L)), .Names = c("term", "coef", 
"p_value", "rand_var", "mean_rand", "sim_n"), class = c("tbl_df", 
"tbl", "data.frame"), row.names = c(NA, -4L)), lasso_df = structure(list(
    var = c("maxima", "stretch", "x_max", "x_min"), mean = c(-0.109225134665088, 
    0.205536302734377, -0.00680648716503173, -0.092031633650829
    ), prop = c(0.02, 0.255, 0.0175, 0.005), rand_var = c(1.93913467067454, 
    1.93913467067454, 1.93913467067454, 1.93913467067454), mean_rand = c(-0.266917592047174, 
    -0.266917592047174, -0.266917592047174, -0.266917592047174
    ), sim_n = c(49L, 49L, 49L, 49L)), .Names = c("var", "mean", 
"prop", "rand_var", "mean_rand", "sim_n"), class = c("tbl_df", 
"tbl", "data.frame"), row.names = c(NA, -4L)), summ_stan_df = structure(list(
    shape1 = 4.12766957624942, shape2 = 2.96042633714743, stretch = 2.63507398994899, 
    x_min = -0.838888662550843, x_max = 4.72611414826887, maxima = 3.27645104264003, 
    rep = 49L), .Names = c("shape1", "shape2", "stretch", "x_min", 
"x_max", "maxima", "rep"), class = c("tbl_df", "tbl", "data.frame"
), row.names = c(NA, -1L))), .Names = c("lm_df", "lasso_df", 
"summ_stan_df"))
run_x <-
structure(list(lm_df = structure(list(term = c("maxima_sc", "stretch_sc", 
"x_max_sc", "x_min_sc"), coef = c(-0.0566547440520388, 0.0582591217912648, 
0.0235869430454718, -0.0298269244966952), p_value = c(0.124482927965619, 
0.00107380508355467, 0.159532060475476, 0.042913334176303), rand_var = c(1.93913467067454, 
1.93913467067454, 1.93913467067454, 1.93913467067454), mean_rand = c(-0.266917592047174, 
-0.266917592047174, -0.266917592047174, -0.266917592047174), 
    sim_n = c(49L, 49L, 49L, 49L)), .Names = c("term", "coef", 
"p_value", "rand_var", "mean_rand", "sim_n"), class = c("tbl_df", 
"tbl", "data.frame"), row.names = c(NA, -4L)), lasso_df = structure(list(
    var = c("maxima", "stretch", "x_max", "x_min"), mean = c(-0.109225134665088, 
    0.205536302734377, -0.00680648716503173, -0.092031633650829
    ), prop = c(0.02, 0.255, 0.0175, 0.005), rand_var = c(1.93913467067454, 
    1.93913467067454, 1.93913467067454, 1.93913467067454), mean_rand = c(-0.266917592047174, 
    -0.266917592047174, -0.266917592047174, -0.266917592047174
    ), sim_n = c(49L, 49L, 49L, 49L)), .Names = c("var", "mean", 
"prop", "rand_var", "mean_rand", "sim_n"), class = c("tbl_df", 
"tbl", "data.frame"), row.names = c(NA, -4L)), summ_stan_df = structure(list(
    shape1 = 4.12766957624942, shape2 = 2.96042633714743, stretch = 2.63507398994899, 
    x_min = -0.838888662550843, x_max = 4.72611414826887, maxima = 3.27645104264003, 
    rep = 49L), .Names = c("shape1", "shape2", "stretch", "x_min", 
"x_max", "maxima", "rep"), class = c("tbl_df", "tbl", "data.frame"
), row.names = c(NA, -1L))), .Names = c("lm_df", "lasso_df", 
"summ_stan_df"))
