run_x <-
structure(list(lm_df = structure(list(term = c("maxima_sc", "stretch_sc", 
"x_max_sc", "x_min_sc"), coef = c(-0.0522906113770286, 0.0331696995771363, 
0.0173795373775487, -0.0705605948265096), p_value = c(0.0521565929567332, 
0.062557431758785, 0.194138235338067, 0.00794574399196309), rand_var = c(3.46288656126394, 
3.46288656126394, 3.46288656126394, 3.46288656126394), mean_rand = c(-0.419643221034459, 
-0.419643221034459, -0.419643221034459, -0.419643221034459), 
    sim_n = c(88L, 88L, 88L, 88L)), .Names = c("term", "coef", 
"p_value", "rand_var", "mean_rand", "sim_n"), class = c("tbl_df", 
"tbl", "data.frame"), row.names = c(NA, -4L)), lasso_df = structure(list(
    var = c("maxima", "stretch", "x_max", "x_min"), mean = c(0.240793564522649, 
    0.0305883184567713, -0.0267017901369741, -0.21401087835304
    ), prop = c(0.2075, 0.13, 0.0975, 0.015), rand_var = c(3.46288656126394, 
    3.46288656126394, 3.46288656126394, 3.46288656126394), mean_rand = c(-0.419643221034459, 
    -0.419643221034459, -0.419643221034459, -0.419643221034459
    ), sim_n = c(88L, 88L, 88L, 88L)), .Names = c("var", "mean", 
"prop", "rand_var", "mean_rand", "sim_n"), class = c("tbl_df", 
"tbl", "data.frame"), row.names = c(NA, -4L)), summ_stan_df = structure(list(
    shape1 = 3.74141023354744, shape2 = 2.90697559187375, stretch = 4.4501741379828, 
    x_min = -0.635513242885304, x_max = 4.75595682286962, maxima = 3.24584177828259, 
    rep = 88L), .Names = c("shape1", "shape2", "stretch", "x_min", 
"x_max", "maxima", "rep"), class = c("tbl_df", "tbl", "data.frame"
), row.names = c(NA, -1L))), .Names = c("lm_df", "lasso_df", 
"summ_stan_df"))
run_x <-
structure(list(lm_df = structure(list(term = c("maxima_sc", "stretch_sc", 
"x_max_sc", "x_min_sc"), coef = c(-0.0522906113770286, 0.0331696995771363, 
0.0173795373775487, -0.0705605948265096), p_value = c(0.0521565929567332, 
0.062557431758785, 0.194138235338067, 0.00794574399196309), rand_var = c(3.46288656126394, 
3.46288656126394, 3.46288656126394, 3.46288656126394), mean_rand = c(-0.419643221034459, 
-0.419643221034459, -0.419643221034459, -0.419643221034459), 
    sim_n = c(88L, 88L, 88L, 88L)), .Names = c("term", "coef", 
"p_value", "rand_var", "mean_rand", "sim_n"), class = c("tbl_df", 
"tbl", "data.frame"), row.names = c(NA, -4L)), lasso_df = structure(list(
    var = c("maxima", "stretch", "x_max", "x_min"), mean = c(0.240793564522649, 
    0.0305883184567713, -0.0267017901369741, -0.21401087835304
    ), prop = c(0.2075, 0.13, 0.0975, 0.015), rand_var = c(3.46288656126394, 
    3.46288656126394, 3.46288656126394, 3.46288656126394), mean_rand = c(-0.419643221034459, 
    -0.419643221034459, -0.419643221034459, -0.419643221034459
    ), sim_n = c(88L, 88L, 88L, 88L)), .Names = c("var", "mean", 
"prop", "rand_var", "mean_rand", "sim_n"), class = c("tbl_df", 
"tbl", "data.frame"), row.names = c(NA, -4L)), summ_stan_df = structure(list(
    shape1 = 3.74141023354744, shape2 = 2.90697559187375, stretch = 4.4501741379828, 
    x_min = -0.635513242885304, x_max = 4.75595682286962, maxima = 3.24584177828259, 
    rep = 88L), .Names = c("shape1", "shape2", "stretch", "x_min", 
"x_max", "maxima", "rep"), class = c("tbl_df", "tbl", "data.frame"
), row.names = c(NA, -1L))), .Names = c("lm_df", "lasso_df", 
"summ_stan_df"))
run_x <-
structure(list(lasso_df = structure(list(var = c("maxima", "stretch", 
"x_max", "x_min"), mean = c(0.113044065950448, 0.0525034762402759, 
0.163250351102928, -0.158954464385854), prop = c(0.1, 0.105, 
0.1975, 0.0125), rand_var = c(3.46288656126394, 3.46288656126394, 
3.46288656126394, 3.46288656126394), mean_rand = c(-0.419643221034459, 
-0.419643221034459, -0.419643221034459, -0.419643221034459), 
    sim_n = c(88L, 88L, 88L, 88L)), .Names = c("var", "mean", 
"prop", "rand_var", "mean_rand", "sim_n"), class = c("tbl_df", 
"tbl", "data.frame"), row.names = c(NA, -4L)), lasso_depth = structure(list(
    draw = 1:400, `(Intercept)` = c(-0.0611093360173644, -0.047835463635478, 
    -0.027285612806204, -0.0583559776252422, -0.0679717703013043, 
    -0.0666130952380953, -0.0666130952380953, -0.0666130952380953, 
    -0.0643059508450777, 0.000329656111320908, -0.0666130952380953, 
    -0.0637478144029338, -0.0815028138984121, -0.029268198608105, 
    -0.0486719314431833, -0.0661019134114988, -0.0671940068166058, 
    -0.0675960073237487, -0.0666130952380953, -0.0765718798000708, 
    -0.050366425036394, -0.0428230454905558, 0.00301428588680529, 
    -0.0706958801603208, -0.0487813071150442, -0.0647362736409943, 
    -0.0631827377473947, -0.0666130952380953, -0.0319836726239503, 
    -0.0666130952380953, -0.0585236300624688, -0.117233798344022, 
    -0.0666130952380953, -0.0666130952380953, -0.0608753949669609, 
    -0.0666130952380953, -0.0696948587376731, -0.0666130952380953, 
    -0.0666130952380953, -0.0685603510198127, -0.0624869389724001, 
    0.012175128490087, -0.00924512191606707, -0.0572267440897674, 
    -0.0598570576327367, -0.0629494984817422, -0.106582131716713, 
    -0.0700207578336454, -0.0322099537895167, -0.0589662558858453, 
    -0.0636091270053291, -0.0666130952380953, -0.0666130952380953, 
    -0.0666130952380953, -0.0666130952380953, -0.057770466966618, 
    -0.0585160362185084, -0.0605772518676649, -0.0857215143995455, 
    -0.067002165728345, -0.0616646636327644, -0.0531648467577025, 
    -0.0422198863741439, -0.0666130952380953, -0.058780617956498, 
    -0.0486425658538728, -0.0666130952380953, -0.0547062424953336, 
    -0.0643037897649656, -0.0628670521847656, -0.0661668425598971, 
    -0.0666130952380953, -0.0636449460873164, -0.0666130952380953, 
    -0.0522341916278864, -0.0666130952380953, -0.0514799003076065, 
    -0.048094837295634, -0.0666130952380953, -0.0666130952380953, 
    -0.0666130952380953, -0.046766494186524, -0.0588640827365178, 
    -0.0698671203553986, -0.0594735763245076, -0.0676377793754999, 
    -0.0602882636813585, -0.0593028949750211, -0.059373559427483, 
    -0.065701505981695, -0.0532083910832698, -0.0666130952380953, 
    -0.0574014087327458, -0.0724187873057934, -0.0596910687435389, 
    -0.0678892957711905, -0.0696919580606673, -0.0101657826211284, 
    -0.0735040775889346, -0.0530319711576144, -0.0618879941627569, 
    -0.0324548195591874, -0.0574469629489132, -0.066129993251317, 
    -0.0666130952380953, 0.00748183654104258, -0.0520390065130117, 
    -0.0713680582951839, -0.0412875514980723, -0.0279005545268441, 
    -0.0665395367632606, -0.0452864652427925, -0.0635283362641618, 
    -0.0866326701995407, -0.0297206774495752, -0.0666130952380953, 
    -0.00216640381447565, -0.0551300361495358, -0.0594443216251851, 
    -0.0864782583806527, -0.0597594183341223, 0.0153942253901844, 
    -0.0852710538233372, -0.0666130952380953, -0.0683707101444121, 
    -0.0228739885288169, -0.0265528906783506, -0.0442945542926822, 
    -0.0184155829218285, -0.063193872449878, -0.0641647044441319, 
    -0.0677206420398324, -0.0633924451205758, -0.0569189776879031, 
    -0.0636423373377269, -0.0590376339141242, -0.06780314125646, 
    -0.0512535983072537, -0.0389811594977444, -0.064509020629532, 
    -0.0666130952380953, -0.0314664687806598, -0.055280280278524, 
    -0.0666130952380953, -0.0144948115713946, -0.0957278343715678, 
    -0.0644247444192352, -0.033635308750182, -0.0590045855802363, 
    -0.0666130952380953, -0.0666130952380953, -0.037921011701773, 
    -0.0666130952380953, -0.060921534796894, -0.0616563471615247, 
    -0.0556823029178301, -0.0672167896660156, -0.0292213961963521, 
    -0.0666130952380953, -0.0476530386477476, -0.0656220851012709, 
    -0.0591873845725305, -0.0432913221546438, -0.0666130952380953, 
    -0.0666130952380953, -0.0834269541146655, -0.0283630698563686, 
    -0.0666130952380953, -0.0666130952380953, -0.0666130952380953, 
    -0.0666130952380953, -0.0666130952380953, -0.0261462434665801, 
    -0.0587259939955263, -0.0210619848645872, -0.0575961938199388, 
    -0.0698743892724687, -0.0641953419948761, -0.0607195805132066, 
