run_x <-
structure(list(lm_df = structure(list(term = c("maxima_sc", "stretch_sc", 
"x_max_sc", "x_min_sc"), coef = c(0.142567876782494, 0.0711452365269829, 
-0.0370391932854269, -0.00545695116379126), p_value = c(0.0291108083689458, 
0.00462245197030152, 0.110292731747346, 0.0876932947969958), 
    rand_var = c(0.123839803390447, 0.123839803390447, 0.123839803390447, 
    0.123839803390447), mean_rand = c(0.155913241464958, 0.155913241464958, 
    0.155913241464958, 0.155913241464958), sim_n = c(4L, 4L, 
    4L, 4L)), .Names = c("term", "coef", "p_value", "rand_var", 
"mean_rand", "sim_n"), class = c("tbl_df", "tbl", "data.frame"
), row.names = c(NA, -4L)), lasso_df = structure(list(var = c("maxima", 
"stretch", "x_max", "x_min"), mean = c(0.655890444011895, 0.163856214760061, 
-0.408836570583072, 0.0269895960672735), prop = c(0.14, 0.1475, 
0.0375, 0.0775), rand_var = c(0.123839803390447, 0.123839803390447, 
0.123839803390447, 0.123839803390447), mean_rand = c(0.155913241464958, 
0.155913241464958, 0.155913241464958, 0.155913241464958), sim_n = c(4L, 
4L, 4L, 4L)), .Names = c("var", "mean", "prop", "rand_var", "mean_rand", 
"sim_n"), class = c("tbl_df", "tbl", "data.frame"), row.names = c(NA, 
-4L)), summ_stan_df = structure(list(shape1 = 3.81342345513835, 
    shape2 = 3.52425994465225, stretch = 1.05344462243559, x_min = -1.28341205870375, 
    x_max = 3.5563190999759, maxima = 2.03742738528708, rep = 4L), .Names = c("shape1", 
"shape2", "stretch", "x_min", "x_max", "maxima", "rep"), class = c("tbl_df", 
"tbl", "data.frame"), row.names = c(NA, -1L))), .Names = c("lm_df", 
"lasso_df", "summ_stan_df"))
run_x <-
structure(list(lm_df = structure(list(term = c("maxima_sc", "stretch_sc", 
"x_max_sc", "x_min_sc"), coef = c(0.142567876782494, 0.0711452365269829, 
-0.0370391932854269, -0.00545695116379126), p_value = c(0.0291108083689458, 
0.00462245197030152, 0.110292731747346, 0.0876932947969958), 
    rand_var = c(0.123839803390447, 0.123839803390447, 0.123839803390447, 
    0.123839803390447), mean_rand = c(0.155913241464958, 0.155913241464958, 
    0.155913241464958, 0.155913241464958), sim_n = c(4L, 4L, 
    4L, 4L)), .Names = c("term", "coef", "p_value", "rand_var", 
"mean_rand", "sim_n"), class = c("tbl_df", "tbl", "data.frame"
), row.names = c(NA, -4L)), lasso_df = structure(list(var = c("maxima", 
"stretch", "x_max", "x_min"), mean = c(0.655890444011895, 0.163856214760061, 
-0.408836570583072, 0.0269895960672735), prop = c(0.14, 0.1475, 
0.0375, 0.0775), rand_var = c(0.123839803390447, 0.123839803390447, 
0.123839803390447, 0.123839803390447), mean_rand = c(0.155913241464958, 
0.155913241464958, 0.155913241464958, 0.155913241464958), sim_n = c(4L, 
4L, 4L, 4L)), .Names = c("var", "mean", "prop", "rand_var", "mean_rand", 
"sim_n"), class = c("tbl_df", "tbl", "data.frame"), row.names = c(NA, 
-4L)), summ_stan_df = structure(list(shape1 = 3.81342345513835, 
    shape2 = 3.52425994465225, stretch = 1.05344462243559, x_min = -1.28341205870375, 
    x_max = 3.5563190999759, maxima = 2.03742738528708, rep = 4L), .Names = c("shape1", 
"shape2", "stretch", "x_min", "x_max", "maxima", "rep"), class = c("tbl_df", 
"tbl", "data.frame"), row.names = c(NA, -1L))), .Names = c("lm_df", 
"lasso_df", "summ_stan_df"))
