run_x <-
structure(list(lm_df = structure(list(term = c("maxima_sc", "stretch_sc", 
"x_max_sc", "x_min_sc"), coef = c(0.0615258605276185, 0.0529961121482512, 
-0.028041793112423, -0.0296519284722325), p_value = c(0.0504000432437231, 
0.00995499359901227, 0.161566657846254, 0.0698153466637648), 
    rand_var = c(0.406431399016254, 0.406431399016254, 0.406431399016254, 
    0.406431399016254), mean_rand = c(-0.165660336778705, -0.165660336778705, 
    -0.165660336778705, -0.165660336778705), sim_n = c(11L, 11L, 
    11L, 11L)), .Names = c("term", "coef", "p_value", "rand_var", 
"mean_rand", "sim_n"), class = c("tbl_df", "tbl", "data.frame"
), row.names = c(NA, -4L)), lasso_df = structure(list(var = c("maxima", 
"stretch", "x_max", "x_min"), mean = c(0.608592411375167, 0.289010827734129, 
-0.482303967628874, -0.349337846095056), prop = c(0.2, 0.2475, 
0, 0.02), rand_var = c(0.406431399016254, 0.406431399016254, 
0.406431399016254, 0.406431399016254), mean_rand = c(-0.165660336778705, 
-0.165660336778705, -0.165660336778705, -0.165660336778705), 
    sim_n = c(11L, 11L, 11L, 11L)), .Names = c("var", "mean", 
"prop", "rand_var", "mean_rand", "sim_n"), class = c("tbl_df", 
"tbl", "data.frame"), row.names = c(NA, -4L)), summ_stan_df = structure(list(
    shape1 = 3.87246307922149, shape2 = 3.42618456349849, stretch = 1.02004484555651, 
    x_min = -0.713886978738582, x_max = 3.91446469123517, maxima = 2.39414393894484, 
    rep = 11L), .Names = c("shape1", "shape2", "stretch", "x_min", 
"x_max", "maxima", "rep"), class = c("tbl_df", "tbl", "data.frame"
), row.names = c(NA, -1L))), .Names = c("lm_df", "lasso_df", 
"summ_stan_df"))
run_x <-
structure(list(lm_df = structure(list(term = c("maxima_sc", "stretch_sc", 
"x_max_sc", "x_min_sc"), coef = c(0.0615258605276185, 0.0529961121482512, 
-0.028041793112423, -0.0296519284722325), p_value = c(0.0504000432437231, 
0.00995499359901227, 0.161566657846254, 0.0698153466637648), 
    rand_var = c(0.406431399016254, 0.406431399016254, 0.406431399016254, 
    0.406431399016254), mean_rand = c(-0.165660336778705, -0.165660336778705, 
    -0.165660336778705, -0.165660336778705), sim_n = c(11L, 11L, 
    11L, 11L)), .Names = c("term", "coef", "p_value", "rand_var", 
"mean_rand", "sim_n"), class = c("tbl_df", "tbl", "data.frame"
), row.names = c(NA, -4L)), lasso_df = structure(list(var = c("maxima", 
"stretch", "x_max", "x_min"), mean = c(0.608592411375167, 0.289010827734129, 
-0.482303967628874, -0.349337846095056), prop = c(0.2, 0.2475, 
0, 0.02), rand_var = c(0.406431399016254, 0.406431399016254, 
0.406431399016254, 0.406431399016254), mean_rand = c(-0.165660336778705, 
-0.165660336778705, -0.165660336778705, -0.165660336778705), 
    sim_n = c(11L, 11L, 11L, 11L)), .Names = c("var", "mean", 
"prop", "rand_var", "mean_rand", "sim_n"), class = c("tbl_df", 
"tbl", "data.frame"), row.names = c(NA, -4L)), summ_stan_df = structure(list(
    shape1 = 3.87246307922149, shape2 = 3.42618456349849, stretch = 1.02004484555651, 
    x_min = -0.713886978738582, x_max = 3.91446469123517, maxima = 2.39414393894484, 
    rep = 11L), .Names = c("shape1", "shape2", "stretch", "x_min", 
"x_max", "maxima", "rep"), class = c("tbl_df", "tbl", "data.frame"
), row.names = c(NA, -1L))), .Names = c("lm_df", "lasso_df", 
"summ_stan_df"))
run_x <-
structure(list(lasso_df = structure(list(var = c("maxima", "stretch", 
"x_max", "x_min"), mean = c(0.430531243471197, 0.281306790236768, 
-0.33840316943809, -0.441565300332519), prop = c(0.1075, 0.2975, 
0.005, 0.005), rand_var = c(0.406431399016254, 0.406431399016254, 
0.406431399016254, 0.406431399016254), mean_rand = c(-0.165660336778705, 
-0.165660336778705, -0.165660336778705, -0.165660336778705), 
    sim_n = c(11L, 11L, 11L, 11L)), .Names = c("var", "mean", 
"prop", "rand_var", "mean_rand", "sim_n"), class = c("tbl_df", 
"tbl", "data.frame"), row.names = c(NA, -4L)), lasso_depth = structure(list(
    draw = 1:400, `(Intercept)` = c(-0.0703115638951527, -0.0609394086330473, 
    -0.0626010281077392, -0.0644603020195387, -0.0666130952380953, 
    -0.0667991148103598, -0.0435048051262069, -0.0699233437124681, 
    -0.0501310606349896, -0.0394304416776434, -0.0527345242321977, 
    -0.0458170611109679, -0.039068037604912, -0.0596626396357258, 
    -0.0662253965208418, -0.0396564030877155, -0.0711896545575463, 
    -0.061340084586052, -0.0666130952380953, -0.0639782963549477, 
    -0.0646844888620365, -0.0615487578793566, -0.0602597824789041, 
    -0.0654362193537474, -0.0770323553511366, -0.0700258230056667, 
    -0.060505894200835, -0.0682232556615607, -0.0648550952675377, 
    -0.0508447786874639, -0.0679943380937616, -0.0788674759329458, 
    -0.070961276784913, -0.0555976003672917, -0.0580367855186275, 
    -0.0425904403664425, -0.071647369325291, -0.068049301459606, 
    -0.0622485254222537, -0.0681247805497748, -0.0597968713174704, 
    -0.0473497241636863, -0.0511084482591636, -0.0758072106105592, 
    -0.0673858204864711, -0.0666130952380953, -0.0372495677845316, 
    -0.0544199293602002, -0.0761606557343037, -0.0660812998523876, 
    -0.0666130952380953, -0.0700558395175118, -0.0310294787770858, 
    -0.0666130952380953, -0.0661511669518116, -0.067778450804835, 
    -0.0596536776809436, -0.059684567061463, -0.0600747774027347, 
    -0.0630787865254295, -0.0737055996755283, -0.051466885279211, 
    -0.0621062138908974, -0.0682148892321863, -0.0578636000682197, 
    -0.0666130952380953, -0.0336396669615487, -0.0691853689176648, 
    -0.0717735708576141, -0.0613287213876544, -0.0666130952380953, 
    -0.103157803868809, -0.0790256078161716, -0.0638714632202752, 
    -0.060555436078001, -0.0573353962803545, -0.0666130952380953, 
    -0.0705769910287396, -0.0622585256462759, -0.0666803685925721, 
    -0.0775087696597424, -0.0698407951251081, -0.0666130952380953, 
    -0.0236293927149242, -0.0540466614893398, -0.0752194990042147, 
    -0.0666672440284781, -0.0574113105337261, -0.0533822608824832, 
    -0.0617348252664779, -0.0666130952380953, -0.0624741104828465, 
    -0.0666130952380953, -0.038470294862207, -0.0726774014469612, 
    -0.0637891269396578, -0.0528329396895187, -0.0685927144557667, 
    -0.0680615838294484, -0.0615647771731056, -0.0639485981679117, 
    -0.0712090090660339, -0.0496861436200308, -0.0573455265753007, 
    -0.080045838985825, -0.0785890888081676, -0.0662250603136048, 
    -0.0700706128882586, -0.0666130952380953, -0.0666130952380953, 
    -0.0569645121454452, -0.0670313328047306, -0.0715392911828899, 
    -0.0666130952380953, -0.0619571864586861, -0.0666130952380953, 
    -0.0755038950702586, -0.0734130928934071, -0.0646113953421032, 
    -0.0666130952380953, -0.0666130952380953, -0.0675231875576984, 
    -0.0538346522721453, -0.0623926829647266, -0.0490947903805721, 
    -0.0575973866861811, -0.0456621134264406, -0.0599978153048358, 
    -0.0610393442896964, -0.0754687944706949, -0.0877437313225145, 
    -0.0597567157574511, -0.0611947385282317, -0.0623934950389134, 
    -0.0593232694999748, -0.0666130952380953, -0.0658393306979867, 
    -0.0626025371933431, -0.0651844236994733, -0.0503314302786132, 
    -0.0558942746318092, -0.0663294164769696, -0.0639932167767273, 
    -0.0666130952380953, -0.0659346087606486, -0.0681847361022162, 
    -0.0659988502460292, -0.054589001637539, -0.0599898517557714, 
    -0.0524123298463824, -0.0613472831234647, -0.0685112777392152, 
    -0.102116827902361, -0.0494797729617759, -0.0941042466314568, 
    -0.0628546450984898, -0.0634305858863815, -0.088495386775959, 
    -0.0536419855601856, -0.0628970227400244, -0.0535913945585027, 
    -0.0628968764703963, -0.0602562081213288, -0.0616049344178184, 
    -0.0672664292350474, -0.0666130952380953, -0.0674430954579592, 
    -0.0642043059758726, -0.0616350726989075, -0.0449016975154325, 
    -0.0530707155691176, -0.0626416627501197, -0.0580217654561587, 
    -0.0666130952380953, -0.0605230349293751, -0.0685025279760314, 
    -0.0529297223881441, -0.0563501665363049, -0.0593174726978507, 
