run_x <-
structure(list(lm_df = structure(list(term = c("maxima_sc", "stretch_sc", 
"x_max_sc", "x_min_sc"), coef = c(0.0888634648872734, 0.023499911274592, 
-0.0742900182609984, -0.022431066819683), p_value = c(0.130390526061482, 
0.0982279243656529, 0.152277719151921, 0.0398345072734412), rand_var = c(3.11129056918818, 
3.11129056918818, 3.11129056918818, 3.11129056918818), mean_rand = c(1.0727034269867, 
1.0727034269867, 1.0727034269867, 1.0727034269867), sim_n = c(78L, 
78L, 78L, 78L)), .Names = c("term", "coef", "p_value", "rand_var", 
"mean_rand", "sim_n"), class = c("tbl_df", "tbl", "data.frame"
), row.names = c(NA, -4L)), lasso_df = structure(list(var = c("maxima", 
"stretch", "x_max", "x_min"), mean = c(-0.0292214737996851, 0.271941220028147, 
0.0103332878221968, -0.304804283150484), prop = c(0.0125, 0.205, 
0.03, 0.0375), rand_var = c(3.11129056918818, 3.11129056918818, 
3.11129056918818, 3.11129056918818), mean_rand = c(1.0727034269867, 
1.0727034269867, 1.0727034269867, 1.0727034269867), sim_n = c(78L, 
78L, 78L, 78L)), .Names = c("var", "mean", "prop", "rand_var", 
"mean_rand", "sim_n"), class = c("tbl_df", "tbl", "data.frame"
), row.names = c(NA, -4L)), summ_stan_df = structure(list(shape1 = 4.45968828408154, 
    shape2 = 2.69932777511194, stretch = 1.94482536056235, x_min = -1.21970281510339, 
    x_max = 3.75809460173411, maxima = 2.6660537232676, rep = 78L), .Names = c("shape1", 
"shape2", "stretch", "x_min", "x_max", "maxima", "rep"), class = c("tbl_df", 
"tbl", "data.frame"), row.names = c(NA, -1L))), .Names = c("lm_df", 
"lasso_df", "summ_stan_df"))
