run_x <-
structure(list(lm_df = structure(list(term = c("maxima_sc", "stretch_sc", 
"x_max_sc", "x_min_sc"), coef = c(-0.0098276332601373, 0.0527174004429632, 
0.0184790371069822, -0.0248312765906641), p_value = c(0.188670702951456, 
0.016349389317706, 0.154158933397647, 0.124346704952619), rand_var = c(1.90020702876473, 
1.90020702876473, 1.90020702876473, 1.90020702876473), mean_rand = c(-0.915778858116757, 
-0.915778858116757, -0.915778858116757, -0.915778858116757), 
    sim_n = c(48L, 48L, 48L, 48L)), .Names = c("term", "coef", 
"p_value", "rand_var", "mean_rand", "sim_n"), class = c("tbl_df", 
"tbl", "data.frame"), row.names = c(NA, -4L)), lasso_df = structure(list(
    var = c("maxima", "stretch", "x_max", "x_min"), mean = c(0.0210290054085619, 
    0.163301975221018, 0.00680570422274083, -0.0377405721974046
    ), prop = c(0.085, 0.1875, 0.015, 0.0175), rand_var = c(1.90020702876473, 
    1.90020702876473, 1.90020702876473, 1.90020702876473), mean_rand = c(-0.915778858116757, 
    -0.915778858116757, -0.915778858116757, -0.915778858116757
    ), sim_n = c(48L, 48L, 48L, 48L)), .Names = c("var", "mean", 
"prop", "rand_var", "mean_rand", "sim_n"), class = c("tbl_df", 
"tbl", "data.frame"), row.names = c(NA, -4L)), summ_stan_df = structure(list(
    shape1 = 3.42267187359124, shape2 = 5.16209391816246, stretch = 1.32739801485857, 
    x_min = 0.293932401951342, x_max = 2.5522668334491, maxima = 1.54792407599865, 
    rep = 48L), .Names = c("shape1", "shape2", "stretch", "x_min", 
"x_max", "maxima", "rep"), class = c("tbl_df", "tbl", "data.frame"
), row.names = c(NA, -1L))), .Names = c("lm_df", "lasso_df", 
"summ_stan_df"))
run_x <-
structure(list(lm_df = structure(list(term = c("maxima_sc", "stretch_sc", 
"x_max_sc", "x_min_sc"), coef = c(-0.0098276332601373, 0.0527174004429632, 
0.0184790371069822, -0.0248312765906641), p_value = c(0.188670702951456, 
0.016349389317706, 0.154158933397647, 0.124346704952619), rand_var = c(1.90020702876473, 
1.90020702876473, 1.90020702876473, 1.90020702876473), mean_rand = c(-0.915778858116757, 
-0.915778858116757, -0.915778858116757, -0.915778858116757), 
    sim_n = c(48L, 48L, 48L, 48L)), .Names = c("term", "coef", 
"p_value", "rand_var", "mean_rand", "sim_n"), class = c("tbl_df", 
"tbl", "data.frame"), row.names = c(NA, -4L)), lasso_df = structure(list(
    var = c("maxima", "stretch", "x_max", "x_min"), mean = c(0.0210290054085619, 
    0.163301975221018, 0.00680570422274083, -0.0377405721974046
    ), prop = c(0.085, 0.1875, 0.015, 0.0175), rand_var = c(1.90020702876473, 
    1.90020702876473, 1.90020702876473, 1.90020702876473), mean_rand = c(-0.915778858116757, 
    -0.915778858116757, -0.915778858116757, -0.915778858116757
    ), sim_n = c(48L, 48L, 48L, 48L)), .Names = c("var", "mean", 
"prop", "rand_var", "mean_rand", "sim_n"), class = c("tbl_df", 
"tbl", "data.frame"), row.names = c(NA, -4L)), summ_stan_df = structure(list(
    shape1 = 3.42267187359124, shape2 = 5.16209391816246, stretch = 1.32739801485857, 
    x_min = 0.293932401951342, x_max = 2.5522668334491, maxima = 1.54792407599865, 
    rep = 48L), .Names = c("shape1", "shape2", "stretch", "x_min", 
"x_max", "maxima", "rep"), class = c("tbl_df", "tbl", "data.frame"
), row.names = c(NA, -1L))), .Names = c("lm_df", "lasso_df", 
"summ_stan_df"))
