run_x <-
structure(list(lm_df = structure(list(term = c("maxima_sc", "stretch_sc", 
"x_max_sc", "x_min_sc"), coef = c(-0.0264989557549124, 0.0599757542328133, 
0.0162552669918379, -0.0207737007776624), p_value = c(0.193912309048035, 
0.00185428576236175, 0.235095857686909, 0.103742665838919), rand_var = c(0.890981739680098, 
0.890981739680098, 0.890981739680098, 0.890981739680098), mean_rand = c(-0.665813148295456, 
-0.665813148295456, -0.665813148295456, -0.665813148295456), 
    sim_n = c(23L, 23L, 23L, 23L)), .Names = c("term", "coef", 
"p_value", "rand_var", "mean_rand", "sim_n"), class = c("tbl_df", 
"tbl", "data.frame"), row.names = c(NA, -4L)), lasso_df = structure(list(
    var = c("maxima", "stretch", "x_max", "x_min"), mean = c(-0.0983323528285761, 
    0.124496288463048, -0.109083166113038, -0.119763981253781
    ), prop = c(0.045, 0.185, 0.0075, 0.0075), rand_var = c(0.890981739680098, 
    0.890981739680098, 0.890981739680098, 0.890981739680098), 
    mean_rand = c(-0.665813148295456, -0.665813148295456, -0.665813148295456, 
    -0.665813148295456), sim_n = c(23L, 23L, 23L, 23L)), .Names = c("var", 
"mean", "prop", "rand_var", "mean_rand", "sim_n"), class = c("tbl_df", 
"tbl", "data.frame"), row.names = c(NA, -4L)), summ_stan_df = structure(list(
    shape1 = 3.39259957650188, shape2 = 4.85642143450886, stretch = 1.31876167237206, 
    x_min = -0.0220977443615401, x_max = 3.63178579190777, maxima = 2.03624093819055, 
    rep = 23L), .Names = c("shape1", "shape2", "stretch", "x_min", 
"x_max", "maxima", "rep"), class = c("tbl_df", "tbl", "data.frame"
), row.names = c(NA, -1L))), .Names = c("lm_df", "lasso_df", 
"summ_stan_df"))
run_x <-
structure(list(lm_df = structure(list(term = c("maxima_sc", "stretch_sc", 
"x_max_sc", "x_min_sc"), coef = c(-0.0264989557549124, 0.0599757542328133, 
0.0162552669918379, -0.0207737007776624), p_value = c(0.193912309048035, 
0.00185428576236175, 0.235095857686909, 0.103742665838919), rand_var = c(0.890981739680098, 
0.890981739680098, 0.890981739680098, 0.890981739680098), mean_rand = c(-0.665813148295456, 
-0.665813148295456, -0.665813148295456, -0.665813148295456), 
    sim_n = c(23L, 23L, 23L, 23L)), .Names = c("term", "coef", 
"p_value", "rand_var", "mean_rand", "sim_n"), class = c("tbl_df", 
"tbl", "data.frame"), row.names = c(NA, -4L)), lasso_df = structure(list(
    var = c("maxima", "stretch", "x_max", "x_min"), mean = c(-0.0983323528285761, 
    0.124496288463048, -0.109083166113038, -0.119763981253781
    ), prop = c(0.045, 0.185, 0.0075, 0.0075), rand_var = c(0.890981739680098, 
    0.890981739680098, 0.890981739680098, 0.890981739680098), 
    mean_rand = c(-0.665813148295456, -0.665813148295456, -0.665813148295456, 
    -0.665813148295456), sim_n = c(23L, 23L, 23L, 23L)), .Names = c("var", 
"mean", "prop", "rand_var", "mean_rand", "sim_n"), class = c("tbl_df", 
"tbl", "data.frame"), row.names = c(NA, -4L)), summ_stan_df = structure(list(
    shape1 = 3.39259957650188, shape2 = 4.85642143450886, stretch = 1.31876167237206, 
    x_min = -0.0220977443615401, x_max = 3.63178579190777, maxima = 2.03624093819055, 
    rep = 23L), .Names = c("shape1", "shape2", "stretch", "x_min", 
"x_max", "maxima", "rep"), class = c("tbl_df", "tbl", "data.frame"
), row.names = c(NA, -1L))), .Names = c("lm_df", "lasso_df", 
"summ_stan_df"))
