run_x <-
structure(list(lm_df = structure(list(term = c("maxima_sc", "stretch_sc", 
"x_max_sc", "x_min_sc"), coef = c(0.130179754118853, 0.0525205215463289, 
-0.0913883134874758, -0.0227517758082842), p_value = c(0.0425015799887685, 
0.0118435017210287, 0.0838987043593069, 0.127477194216333), rand_var = c(2.3448473093461, 
2.3448473093461, 2.3448473093461, 2.3448473093461), mean_rand = c(0.897606499087692, 
0.897606499087692, 0.897606499087692, 0.897606499087692), sim_n = c(59L, 
59L, 59L, 59L)), .Names = c("term", "coef", "p_value", "rand_var", 
"mean_rand", "sim_n"), class = c("tbl_df", "tbl", "data.frame"
), row.names = c(NA, -4L)), lasso_df = structure(list(var = c("maxima", 
"stretch", "x_max", "x_min"), mean = c(1.19398887171633, 0.189025756598741, 
-0.490757749750556, -0.0871425805338697), prop = c(0.2875, 0.145, 
0.0475, 0.07), rand_var = c(2.3448473093461, 2.3448473093461, 
2.3448473093461, 2.3448473093461), mean_rand = c(0.897606499087692, 
0.897606499087692, 0.897606499087692, 0.897606499087692), sim_n = c(59L, 
59L, 59L, 59L)), .Names = c("var", "mean", "prop", "rand_var", 
"mean_rand", "sim_n"), class = c("tbl_df", "tbl", "data.frame"
), row.names = c(NA, -4L)), summ_stan_df = structure(list(shape1 = 4.08691120149806, 
    shape2 = 2.59976970040923, stretch = 1.50401130910789, x_min = -1.30100852403053, 
    x_max = 4.40549510457294, maxima = 3.03939153429619, rep = 59L), .Names = c("shape1", 
"shape2", "stretch", "x_min", "x_max", "maxima", "rep"), class = c("tbl_df", 
"tbl", "data.frame"), row.names = c(NA, -1L))), .Names = c("lm_df", 
"lasso_df", "summ_stan_df"))
run_x <-
structure(list(lm_df = structure(list(term = c("maxima_sc", "stretch_sc", 
"x_max_sc", "x_min_sc"), coef = c(0.130179754118853, 0.0525205215463289, 
-0.0913883134874758, -0.0227517758082842), p_value = c(0.0425015799887685, 
0.0118435017210287, 0.0838987043593069, 0.127477194216333), rand_var = c(2.3448473093461, 
2.3448473093461, 2.3448473093461, 2.3448473093461), mean_rand = c(0.897606499087692, 
0.897606499087692, 0.897606499087692, 0.897606499087692), sim_n = c(59L, 
59L, 59L, 59L)), .Names = c("term", "coef", "p_value", "rand_var", 
"mean_rand", "sim_n"), class = c("tbl_df", "tbl", "data.frame"
), row.names = c(NA, -4L)), lasso_df = structure(list(var = c("maxima", 
"stretch", "x_max", "x_min"), mean = c(1.19398887171633, 0.189025756598741, 
-0.490757749750556, -0.0871425805338697), prop = c(0.2875, 0.145, 
0.0475, 0.07), rand_var = c(2.3448473093461, 2.3448473093461, 
2.3448473093461, 2.3448473093461), mean_rand = c(0.897606499087692, 
0.897606499087692, 0.897606499087692, 0.897606499087692), sim_n = c(59L, 
59L, 59L, 59L)), .Names = c("var", "mean", "prop", "rand_var", 
"mean_rand", "sim_n"), class = c("tbl_df", "tbl", "data.frame"
), row.names = c(NA, -4L)), summ_stan_df = structure(list(shape1 = 4.08691120149806, 
    shape2 = 2.59976970040923, stretch = 1.50401130910789, x_min = -1.30100852403053, 
    x_max = 4.40549510457294, maxima = 3.03939153429619, rep = 59L), .Names = c("shape1", 
"shape2", "stretch", "x_min", "x_max", "maxima", "rep"), class = c("tbl_df", 
"tbl", "data.frame"), row.names = c(NA, -1L))), .Names = c("lm_df", 
"lasso_df", "summ_stan_df"))
run_x <-
structure(list(lasso_df = structure(list(var = c("maxima", "stretch", 
"x_max", "x_min"), mean = c(0.463980304308022, 0.155780606365448, 
-0.639442205824197, -0.118216492628157), prop = c(0.1825, 0.185, 
0.025, 0.07), rand_var = c(2.3448473093461, 2.3448473093461, 
2.3448473093461, 2.3448473093461), mean_rand = c(0.897606499087692, 
0.897606499087692, 0.897606499087692, 0.897606499087692), sim_n = c(59L, 
59L, 59L, 59L)), .Names = c("var", "mean", "prop", "rand_var", 
"mean_rand", "sim_n"), class = c("tbl_df", "tbl", "data.frame"
), row.names = c(NA, -4L)), lasso_depth = structure(list(draw = 1:400, 
    `(Intercept)` = c(-0.0564718438005751, -0.0136965019880061, 
    -0.0630709655422879, -0.0596837003127711, -0.0403766876907685, 
    -0.0621431978469355, -0.0607254811389391, -0.0485112142275726, 
    -0.0534129752548827, -0.0534323276498212, -0.0508258798222489, 
    -0.0532792785659459, -0.0661313210407077, -0.0195016657944094, 
    -0.0685615877001006, -0.0657203689227972, -0.0619776197710936, 
    -0.0560068662964894, -0.0521803628353383, -0.0431730176520425, 
    -0.0602002313485563, -0.0818100730345186, -0.0345710945316868, 
    -0.0964377004448728, -0.0765404390634652, -0.0568926723644306, 
    -0.0666130952380953, -0.174960086702293, -0.0533298310569348, 
    -0.0726558090501811, -0.0599862021713665, -0.0617754761287124, 
    -0.0603811271589698, -0.0894682384641868, -0.062920244185231, 
    -0.090629032640812, -0.0576185935267207, -0.0627556603048624, 
    -0.0666130952380953, -0.0689863479614642, -0.136916499773586, 
    -0.0670821143863306, -0.0487968533160664, -0.0503378482952996, 
    -0.0517082881862126, -0.0598804811035075, -0.0539676977083308, 
    -0.0548979219646762, -0.0180538752503264, -0.0636526221701989, 
    -0.0748355890053136, -0.0589630792007929, -0.038447987508724, 
    -0.0605677128277092, -0.0791654875671636, -0.0654621133379483, 
    -0.0666130952380953, -0.0666130952380953, -0.0526603499364042, 
    -0.0669392700141747, -0.0652709550993347, -0.0264759434730874, 
    -0.0479349090107522, -0.0460258638860094, -0.0260102311143527, 
    -0.0525162540057599, -0.0649046200065899, -0.0666130952380953, 
    -0.0626701751229706, -0.0666130952380953, -0.0657656924023287, 
    -0.0455658247467428, -0.0561614971052718, -0.0564827758248573, 
    -0.0604284977442428, -0.0412529595604118, -0.0602745851023212, 
    -0.107604742577539, -0.0873738082423612, -0.064098306297739, 
    -0.22631547746005, -0.0677446696451555, -0.0515474544256337, 
    -0.0604471022373779, -0.0544634673239044, -0.0666130952380953, 
    -0.035859689853077, -0.0516782061532736, -0.163817543484046, 
    -0.0540471925446531, -0.0615074162517533, -0.0548419665586418, 
    -0.0457218478852931, -0.168994242322184, -0.0487166458757267, 
    -0.067330678414042, -0.0561077524547872, -0.0489936421289988, 
    -0.169261226577082, -0.0586196680257607, -0.0586679440599525, 
    -0.110849967386005, -0.104966915017036, -0.0810676925238326, 
    -0.0558705553123053, -0.0566762619942972, -0.0619379583979348, 
    -0.0484642924477059, -0.176195687384488, -0.0656664441959117, 
    -0.0537458733427946, -0.0666130952380953, -0.0599900101382001, 
    -0.102708013338299, -0.0666130952380953, -0.0511820708059111, 
    -0.115184612514039, -0.0445447283233664, -0.0643464944349612, 
    -0.106298848469835, -0.0608951105064081, -0.0911590072086782, 
    -0.0415797895886941, -0.0798455659677452, -0.156728418934242, 
    -0.0863467911906578, -0.0539414523185185, -0.0666130952380953, 
    -0.153410219548001, -0.0494776117310563, -0.0856515633805308, 
    -0.0529889283886982, -0.039871071007805, -0.0804722920010524, 
    -0.0500977775442228, -0.0283669224848034, -0.0509625727913083, 
    -0.0652121491923212, -0.0666130952380953, -0.0619757537038851, 
    -0.0534323567602391, -0.197836478651461, -0.0478586829376777, 
    -0.115324617371695, -0.0617582124308631, -0.0286820780708537, 
    -0.0225253442836553, -0.0444028029343201, -0.082355911829967, 
    -0.0682224328096666, -0.0734642379749893, -0.0140031171763161, 
    -0.0698783879192255, -0.0747260739697415, -0.00409960474371113, 
    -0.161549211601967, -0.0494748254181805, -0.072473594226935, 
    -0.105463424866487, -0.0601399898189387, -0.179526818973595, 
    -0.116224021706343, -0.0910789547464416, -0.0683281060611368, 
    -0.0619929151598507, -0.0815122423233236, -0.0609116621685279, 
    -0.043861003207661, -0.0563989240277963, -0.0920281751733721, 
    -0.0854303729615217, -0.0630444253165543, -0.0535314300956643, 
    -0.0629292018518934, -0.176451622412118, -0.0727711009167766, 
    -0.0169597011269445, -0.0491463403746475, -0.199322285580609, 
    -0.0115239900244993, -0.0874805929473695, -0.0280633520610137, 
