run_x <-
structure(list(lm_df = structure(list(term = c("maxima_sc", "stretch_sc", 
"x_max_sc", "x_min_sc"), coef = c(0.0557041192420048, 0.0655146675426629, 
-0.00093363170793989, -0.0197962078704136), p_value = c(0.0343716901919503, 
0.00400778034851175, 0.323373800446253, 0.0333811259530222), 
    rand_var = c(1.85797737813911, 1.85797737813911, 1.85797737813911, 
    1.85797737813911), mean_rand = c(0.660177165377107, 0.660177165377107, 
    0.660177165377107, 0.660177165377107), sim_n = c(47L, 47L, 
    47L, 47L)), .Names = c("term", "coef", "p_value", "rand_var", 
"mean_rand", "sim_n"), class = c("tbl_df", "tbl", "data.frame"
), row.names = c(NA, -4L)), lasso_df = structure(list(var = c("maxima", 
"stretch", "x_max", "x_min"), mean = c(0.240322637217905, 0.31483924076715, 
-0.3811127254851, -0.200481293934171), prop = c(0.07, 0.33, 0.0025, 
0.0175), rand_var = c(1.85797737813911, 1.85797737813911, 1.85797737813911, 
1.85797737813911), mean_rand = c(0.660177165377107, 0.660177165377107, 
0.660177165377107, 0.660177165377107), sim_n = c(47L, 47L, 47L, 
47L)), .Names = c("var", "mean", "prop", "rand_var", "mean_rand", 
"sim_n"), class = c("tbl_df", "tbl", "data.frame"), row.names = c(NA, 
-4L)), summ_stan_df = structure(list(shape1 = 3.99093520407225, 
    shape2 = 3.94033248508301, stretch = 1.48533314381277, x_min = -0.59545514833496, 
    x_max = 4.87000900256931, maxima = 3.05433269948719, rep = 47L), .Names = c("shape1", 
"shape2", "stretch", "x_min", "x_max", "maxima", "rep"), class = c("tbl_df", 
"tbl", "data.frame"), row.names = c(NA, -1L))), .Names = c("lm_df", 
"lasso_df", "summ_stan_df"))
run_x <-
structure(list(lm_df = structure(list(term = c("maxima_sc", "stretch_sc", 
"x_max_sc", "x_min_sc"), coef = c(0.0557041192420048, 0.0655146675426629, 
-0.00093363170793989, -0.0197962078704136), p_value = c(0.0343716901919503, 
0.00400778034851175, 0.323373800446253, 0.0333811259530222), 
    rand_var = c(1.85797737813911, 1.85797737813911, 1.85797737813911, 
    1.85797737813911), mean_rand = c(0.660177165377107, 0.660177165377107, 
    0.660177165377107, 0.660177165377107), sim_n = c(47L, 47L, 
    47L, 47L)), .Names = c("term", "coef", "p_value", "rand_var", 
"mean_rand", "sim_n"), class = c("tbl_df", "tbl", "data.frame"
), row.names = c(NA, -4L)), lasso_df = structure(list(var = c("maxima", 
"stretch", "x_max", "x_min"), mean = c(0.240322637217905, 0.31483924076715, 
-0.3811127254851, -0.200481293934171), prop = c(0.07, 0.33, 0.0025, 
0.0175), rand_var = c(1.85797737813911, 1.85797737813911, 1.85797737813911, 
1.85797737813911), mean_rand = c(0.660177165377107, 0.660177165377107, 
0.660177165377107, 0.660177165377107), sim_n = c(47L, 47L, 47L, 
47L)), .Names = c("var", "mean", "prop", "rand_var", "mean_rand", 
"sim_n"), class = c("tbl_df", "tbl", "data.frame"), row.names = c(NA, 
-4L)), summ_stan_df = structure(list(shape1 = 3.99093520407225, 
    shape2 = 3.94033248508301, stretch = 1.48533314381277, x_min = -0.59545514833496, 
    x_max = 4.87000900256931, maxima = 3.05433269948719, rep = 47L), .Names = c("shape1", 
"shape2", "stretch", "x_min", "x_max", "maxima", "rep"), class = c("tbl_df", 
"tbl", "data.frame"), row.names = c(NA, -1L))), .Names = c("lm_df", 
"lasso_df", "summ_stan_df"))
