run_x <-
structure(list(lm_df = structure(list(term = c("maxima_sc", "stretch_sc", 
"x_max_sc", "x_min_sc"), coef = c(0.0469907238532094, 0.0504775178772317, 
0.0415426488988013, -0.0246021966158241), p_value = c(0.0265956828337164, 
0.00257234576858208, 0.0861001129706213, 0.112651948694325), 
    rand_var = c(1.6982141431812, 1.6982141431812, 1.6982141431812, 
    1.6982141431812), mean_rand = c(0.00748234735624642, 0.00748234735624642, 
    0.00748234735624642, 0.00748234735624642), sim_n = c(43L, 
    43L, 43L, 43L)), .Names = c("term", "coef", "p_value", "rand_var", 
"mean_rand", "sim_n"), class = c("tbl_df", "tbl", "data.frame"
), row.names = c(NA, -4L)), lasso_df = structure(list(var = c("maxima", 
"stretch", "x_max", "x_min"), mean = c(0.501249341983822, 0.408960051009217, 
0.138843224410648, -0.118050712978597), prop = c(0.0875, 0.3275, 
0.07, 0.0375), rand_var = c(1.6982141431812, 1.6982141431812, 
1.6982141431812, 1.6982141431812), mean_rand = c(0.00748234735624642, 
0.00748234735624642, 0.00748234735624642, 0.00748234735624642
), sim_n = c(43L, 43L, 43L, 43L)), .Names = c("var", "mean", 
"prop", "rand_var", "mean_rand", "sim_n"), class = c("tbl_df", 
"tbl", "data.frame"), row.names = c(NA, -4L)), summ_stan_df = structure(list(
    shape1 = 3.3420638951286, shape2 = 4.94389462602908, stretch = 2.59179173229744, 
    x_min = -0.0883376760379159, x_max = 4.57374039122776, maxima = 2.51849799074909, 
    rep = 43L), .Names = c("shape1", "shape2", "stretch", "x_min", 
"x_max", "maxima", "rep"), class = c("tbl_df", "tbl", "data.frame"
), row.names = c(NA, -1L))), .Names = c("lm_df", "lasso_df", 
"summ_stan_df"))
run_x <-
structure(list(lm_df = structure(list(term = c("maxima_sc", "stretch_sc", 
"x_max_sc", "x_min_sc"), coef = c(0.0469907238532094, 0.0504775178772317, 
0.0415426488988013, -0.0246021966158241), p_value = c(0.0265956828337164, 
0.00257234576858208, 0.0861001129706213, 0.112651948694325), 
    rand_var = c(1.6982141431812, 1.6982141431812, 1.6982141431812, 
    1.6982141431812), mean_rand = c(0.00748234735624642, 0.00748234735624642, 
    0.00748234735624642, 0.00748234735624642), sim_n = c(43L, 
    43L, 43L, 43L)), .Names = c("term", "coef", "p_value", "rand_var", 
"mean_rand", "sim_n"), class = c("tbl_df", "tbl", "data.frame"
), row.names = c(NA, -4L)), lasso_df = structure(list(var = c("maxima", 
"stretch", "x_max", "x_min"), mean = c(0.501249341983822, 0.408960051009217, 
0.138843224410648, -0.118050712978597), prop = c(0.0875, 0.3275, 
0.07, 0.0375), rand_var = c(1.6982141431812, 1.6982141431812, 
1.6982141431812, 1.6982141431812), mean_rand = c(0.00748234735624642, 
0.00748234735624642, 0.00748234735624642, 0.00748234735624642
), sim_n = c(43L, 43L, 43L, 43L)), .Names = c("var", "mean", 
"prop", "rand_var", "mean_rand", "sim_n"), class = c("tbl_df", 
"tbl", "data.frame"), row.names = c(NA, -4L)), summ_stan_df = structure(list(
    shape1 = 3.3420638951286, shape2 = 4.94389462602908, stretch = 2.59179173229744, 
    x_min = -0.0883376760379159, x_max = 4.57374039122776, maxima = 2.51849799074909, 
    rep = 43L), .Names = c("shape1", "shape2", "stretch", "x_min", 
"x_max", "maxima", "rep"), class = c("tbl_df", "tbl", "data.frame"
), row.names = c(NA, -1L))), .Names = c("lm_df", "lasso_df", 
"summ_stan_df"))
run_x <-
structure(list(lasso_df = structure(list(var = c("maxima", "stretch", 
"x_max", "x_min"), mean = c(0.72187594185398, 0.336666360859863, 
0.241580276040333, 0.0254137498885506), prop = c(0.18, 0.3075, 
0.1275, 0.07), rand_var = c(1.6982141431812, 1.6982141431812, 
1.6982141431812, 1.6982141431812), mean_rand = c(0.00748234735624642, 
0.00748234735624642, 0.00748234735624642, 0.00748234735624642
), sim_n = c(43L, 43L, 43L, 43L)), .Names = c("var", "mean", 
"prop", "rand_var", "mean_rand", "sim_n"), class = c("tbl_df", 
"tbl", "data.frame"), row.names = c(NA, -4L)), lasso_depth = structure(list(
    draw = 1:400, `(Intercept)` = c(-0.0666130952380953, -0.0770296483020785, 
    -0.0666130952380953, -0.191059411082675, -0.0756561319246382, 
    -0.0477911567146932, -0.0407404653385999, -0.0777189898041477, 
    -0.0933736834863825, -0.0666130952380953, -0.0660765843298912, 
    -0.0815684880273782, -0.0909293467028574, -0.121403551100605, 
    -0.140034114272057, -0.0711744173026191, -0.120788883169385, 
    -0.0568066596365238, -0.0814435872446085, -0.0666130952380953, 
    -0.100554393218724, -0.0666130952380953, -0.0618650585616095, 
    -0.0666130952380953, -0.0666130952380953, -0.0713844088763162, 
    -0.0666130952380953, -0.128991226907364, -0.0689291896353811, 
    -0.113457764185187, -0.10522082396766, -0.0630928064962619, 
    -0.056114731054632, -0.0695249400409428, -0.101625487416239, 
    -0.0646856478997675, -0.103389744188473, -0.0934369000028367, 
    -0.0666130952380953, -0.132821816875318, -0.0666130952380953, 
    -0.167928905851189, -0.0666130952380953, -0.096095732662494, 
    -0.0951272798484564, -0.0666130952380953, -0.0812500409499387, 
    -0.098672140039344, -0.0841129699304904, -0.0666130952380953, 
    -0.0666130952380953, -0.0641700560179777, -0.103485077082026, 
    -0.0860076296979631, -0.123625693222667, -0.0862328601808278, 
    -0.0902586354020839, -0.0666130952380953, -0.0501597454555688, 
    -0.0742527685531148, -0.0666130952380953, -0.0671453096226923, 
    -0.083983896865089, -0.10606020603994, -0.0629755691230444, 
    -0.0609054396358262, -0.108127391353036, -0.0734245532390792, 
    -0.0666130952380953, -0.0695674087497522, -0.0664634450624388, 
    -0.0544353693444308, -0.0902287621592036, -0.0667667719606229, 
    -0.129551528423633, -0.0666130952380953, -0.0666130952380953, 
    -0.0666130952380953, -0.0563687971095413, -0.109603865371768, 
    -0.0666130952380953, -0.123368787312825, -0.0828366744876027, 
    -0.114215279933333, -0.0821001896855349, -0.10168291744346, 
    -0.0666130952380953, -0.060726987748449, -0.125752647530607, 
    -0.0666130952380953, -0.0687461452102225, -0.108522836032848, 
    -0.067730933928083, -0.0933506546571102, -0.0643534850034835, 
    -0.0666130952380953, -0.158741462719342, -0.0666130952380953, 
    -0.0666130952380953, -0.0638298537193336, -0.0660699523562296, 
    -0.0905618530934173, -0.0730157621157825, -0.0706453221743554, 
    -0.0732420812635586, -0.0881887797173319, -0.0698731122230196, 
    -0.0666130952380953, -0.0666130952380953, -0.0539658174506848, 
    -0.0666130952380953, -0.0666130952380953, -0.113591152215961, 
    -0.115621114210739, -0.0690328184316082, -0.0666130952380953, 
    -0.0222038888701822, -0.0666130952380953, -0.0710792147864662, 
    -0.0666130952380953, -0.0666130952380953, -0.0460494941504035, 
    -0.0666130952380953, -0.106932150043519, -0.0666130952380953, 
    -0.0619290616116932, -0.0666130952380953, -0.0666130952380953, 
    -0.0552735873440226, -0.0666130952380953, -0.0666130952380953, 
    -0.0223842544047172, -0.0666130952380953, -0.0617505772814278, 
    -0.0666130952380953, -0.0933434966651658, -0.0666130952380953, 
    -0.0488272035206429, -0.0572305191431589, -0.0666130952380953, 
    -0.0666130952380953, -0.0701206701129886, -0.0666130952380953, 
    -0.077539414492527, -0.0666130952380953, -0.0507302863973278, 
    -0.0894782563965938, -0.0666130952380953, -0.0692129277910906, 
    -0.0666130952380953, -0.0657556065791403, -0.0932092727466129, 
    -0.0666130952380953, -0.0659724805945374, -0.0385675195344699, 
    -0.0606407976903238, -0.0571307337860934, -0.0705827244067921, 
    -0.0666130952380953, -0.0850563255492777, -0.0643403009856885, 
    -0.0666130952380953, -0.0356083564954524, -0.0666130952380953, 
    -0.0889564216494915, -0.128132995804452, -0.0666130952380953, 
    -0.0666130952380953, -0.0666130952380953, -0.0666130952380953, 
    -0.0666130952380953, -0.0557325212111427, -0.0577977370099647, 
    -0.0952009424142867, -0.0666130952380953, -0.113144434512419, 
    -0.0795743707305293, -0.0666130952380953, -0.0666130952380953, 
