run_x <-
structure(list(lm_df = structure(list(term = c("maxima_sc", "stretch_sc", 
"x_max_sc", "x_min_sc"), coef = c(0.13291528032998, 0.0504799739907493, 
0.0111574763686403, -0.0100573808641499), p_value = c(0.0271628441335014, 
0.00253379085001984, 0.106464919281809, 0.0786802154756761), 
    rand_var = c(1.49630804198773, 1.49630804198773, 1.49630804198773, 
    1.49630804198773), mean_rand = c(0.277757197102944, 0.277757197102944, 
    0.277757197102944, 0.277757197102944), sim_n = c(38L, 38L, 
    38L, 38L)), .Names = c("term", "coef", "p_value", "rand_var", 
"mean_rand", "sim_n"), class = c("tbl_df", "tbl", "data.frame"
), row.names = c(NA, -4L)), lasso_df = structure(list(var = c("maxima", 
"stretch", "x_max", "x_min"), mean = c(0.524275827490943, 0.237157932030861, 
-0.180401172010161, 0.0112210573744919), prop = c(0.1175, 0.3, 
0.01, 0.03), rand_var = c(1.49630804198773, 1.49630804198773, 
1.49630804198773, 1.49630804198773), mean_rand = c(0.277757197102944, 
0.277757197102944, 0.277757197102944, 0.277757197102944), sim_n = c(38L, 
38L, 38L, 38L)), .Names = c("var", "mean", "prop", "rand_var", 
"mean_rand", "sim_n"), class = c("tbl_df", "tbl", "data.frame"
), row.names = c(NA, -4L)), summ_stan_df = structure(list(shape1 = 3.28485129879245, 
    shape2 = 3.06341202217194, stretch = 1.95549638424184, x_min = -0.380915720902019, 
    x_max = 4.72619147380589, maxima = 3.02774937919657, rep = 38L), .Names = c("shape1", 
"shape2", "stretch", "x_min", "x_max", "maxima", "rep"), class = c("tbl_df", 
"tbl", "data.frame"), row.names = c(NA, -1L))), .Names = c("lm_df", 
"lasso_df", "summ_stan_df"))
run_x <-
structure(list(lm_df = structure(list(term = c("maxima_sc", "stretch_sc", 
"x_max_sc", "x_min_sc"), coef = c(0.13291528032998, 0.0504799739907493, 
0.0111574763686403, -0.0100573808641499), p_value = c(0.0271628441335014, 
0.00253379085001984, 0.106464919281809, 0.0786802154756761), 
    rand_var = c(1.49630804198773, 1.49630804198773, 1.49630804198773, 
    1.49630804198773), mean_rand = c(0.277757197102944, 0.277757197102944, 
    0.277757197102944, 0.277757197102944), sim_n = c(38L, 38L, 
    38L, 38L)), .Names = c("term", "coef", "p_value", "rand_var", 
"mean_rand", "sim_n"), class = c("tbl_df", "tbl", "data.frame"
), row.names = c(NA, -4L)), lasso_df = structure(list(var = c("maxima", 
"stretch", "x_max", "x_min"), mean = c(0.524275827490943, 0.237157932030861, 
-0.180401172010161, 0.0112210573744919), prop = c(0.1175, 0.3, 
0.01, 0.03), rand_var = c(1.49630804198773, 1.49630804198773, 
1.49630804198773, 1.49630804198773), mean_rand = c(0.277757197102944, 
0.277757197102944, 0.277757197102944, 0.277757197102944), sim_n = c(38L, 
38L, 38L, 38L)), .Names = c("var", "mean", "prop", "rand_var", 
"mean_rand", "sim_n"), class = c("tbl_df", "tbl", "data.frame"
), row.names = c(NA, -4L)), summ_stan_df = structure(list(shape1 = 3.28485129879245, 
    shape2 = 3.06341202217194, stretch = 1.95549638424184, x_min = -0.380915720902019, 
    x_max = 4.72619147380589, maxima = 3.02774937919657, rep = 38L), .Names = c("shape1", 
"shape2", "stretch", "x_min", "x_max", "maxima", "rep"), class = c("tbl_df", 
"tbl", "data.frame"), row.names = c(NA, -1L))), .Names = c("lm_df", 
"lasso_df", "summ_stan_df"))
run_x <-
structure(list(lasso_df = structure(list(var = c("maxima", "stretch", 
"x_max", "x_min"), mean = c(0.43485842963408, 0.27416274554253, 
0.030312415294562, 0.076634620388194), prop = c(0.23, 0.385, 
0.055, 0.095), rand_var = c(1.49630804198773, 1.49630804198773, 
1.49630804198773, 1.49630804198773), mean_rand = c(0.277757197102944, 
0.277757197102944, 0.277757197102944, 0.277757197102944), sim_n = c(38L, 
38L, 38L, 38L)), .Names = c("var", "mean", "prop", "rand_var", 
"mean_rand", "sim_n"), class = c("tbl_df", "tbl", "data.frame"
), row.names = c(NA, -4L)), lasso_depth = structure(list(draw = 1:400, 
    `(Intercept)` = c(-0.0726857460492535, -0.0588531490299502, 
    -0.0716931415298046, -0.0666130952380953, -0.0700694774762686, 
    -0.0721029273525566, -0.0472611403203901, -0.0736687386400271, 
    -0.0562540987471259, -0.0559808761309294, -0.0746301464782223, 
    -0.0666130952380953, -0.0580663109220433, -0.0640204541950091, 
    -0.0635578773864729, -0.076049779329316, -0.0641854849985042, 
    -0.0707389699484443, -0.0726836713614267, -0.0716953041583616, 
    -0.074740464096025, -0.0593934970007793, -0.0812901937621847, 
    -0.0703309658216182, -0.06950504726464, -0.0643716379302883, 
    -0.0589660582244663, -0.0585059458355306, -0.067860735817697, 
    -0.0666130952380953, -0.0719397185004124, -0.067853448685909, 
    -0.0507531577744803, -0.0541885759091525, -0.0632205212112435, 
    -0.06833319320835, -0.0656541285826808, -0.0666130952380953, 
    -0.0666130952380953, -0.0666130952380953, -0.0508557491581656, 
    -0.064761347721654, -0.0573007115951958, -0.0729591964557968, 
    -0.0705520743617272, -0.0772398939697814, -0.0666130952380953, 
    -0.0722905263456174, -0.0623165122630036, -0.0719511254500166, 
    -0.0768568739191284, -0.0666130952380953, -0.0380927656826776, 
    -0.0699876789361938, -0.0592976091631371, -0.0790757999126291, 
    -0.0634969298301564, -0.0666130952380953, -0.0731666442257102, 
    -0.0591030682302729, -0.0637007369902347, -0.0665586641051599, 
    -0.0666130952380953, -0.0713338995153347, -0.064047381622065, 
    -0.0701195913603775, -0.063594748701485, -0.0689484905452306, 
    -0.0569714323915696, -0.0666130952380953, -0.0613799657425985, 
    -0.0656132781701861, -0.0693964777530882, -0.0708948795781458, 
    -0.0704539290936269, -0.0553525949503121, -0.0760737158645269, 
    -0.0767334950764055, -0.0666130952380953, -0.0581752091511008, 
    -0.0666130952380953, -0.0712776067513668, -0.0730113560555537, 
    -0.0612474469429926, -0.0666130952380953, -0.0530296239136251, 
    -0.0817975433954256, -0.0436637210889113, -0.0685122456346327, 
    -0.0520188953294986, -0.0697369551434364, -0.0723205968103987, 
    -0.0598532704333982, -0.074658843100201, -0.0526792920729558, 
    -0.0598656131154859, -0.0666130952380953, -0.0636622286126321, 
    -0.0725247680398621, -0.0622695875339289, -0.0903030467078596, 
    -0.108195103833588, -0.111367192422545, -0.0874914461302878, 
    -0.0668803006574183, -0.0666130952380953, -0.0686198260063889, 
    -0.0614838944800705, -0.0563016504522742, -0.0640958849190415, 
    -0.152063872221607, -0.0500123101950617, -0.248495940573106, 
    -0.0666130952380953, -0.0666130952380953, -0.0383560043064998, 
    -0.0689168260283735, -0.0762102422250793, -0.0909476322019155, 
    -0.0668310371069098, -0.116830122610736, -0.057918599230607, 
    -0.176610873025712, -0.176217960005116, -0.0810602892892687, 
    -0.0666130952380953, -0.0666130952380953, -0.0650090468057073, 
    -0.0521000439859883, -0.154274924189831, -0.0666130952380953, 
    -0.126133231819522, -0.063166600801099, -0.0937052133647352, 
    -0.0602669387041024, -0.108449785619832, -0.0818547041836711, 
    -0.0506892172988741, -0.0647965545989392, -0.224915337847232, 
    -0.0666130952380953, -0.0732619599875469, -0.0640059444203189, 
    -0.0599544167231773, -0.111643317316315, -0.0581393323806075, 
    -0.0716066356296844, -0.158512919089619, -0.062183570307958, 
    -0.162622175474877, -0.231526911894562, -0.0660864108215917, 
    -0.0666130952380953, -0.0666130952380953, -0.0608653545574928, 
    -0.0643455475773919, -0.0671367409531019, -0.0652896342826665, 
    -0.084960454598551, -0.0797048713777926, -0.0720987216676209, 
    -0.0789682529373928, -0.131060505482465, -0.0806205196976349, 
    -0.118750042253849, -0.0666130952380953, -0.0660482979027961, 
    -0.0821442097041618, -0.0652183367512032, -0.0806469571979478, 
    -0.0541544448089531, -0.0662312076313569, -0.0666130952380953, 
    -0.0838125439469028, -0.0486816169670228, -0.0801688526575047, 
    -0.144526627160006, -0.0681497639569195, -0.0940053257545222, 
    -0.281272154097269, -0.0659299896420097, -0.183859773143214, 
