run_x <-
structure(list(lm_df = structure(list(term = c("maxima_sc", "stretch_sc", 
"x_max_sc", "x_min_sc"), coef = c(0.0379320052558523, 0.0618148117925832, 
0.0175234685604124, -0.00783045061655691), p_value = c(0.19578190004007, 
0.00556767872618, 0.367535962497168, 0.1153601654845), rand_var = c(2.90671646168033, 
2.90671646168033, 2.90671646168033, 2.90671646168033), mean_rand = c(1.02008729174176, 
1.02008729174176, 1.02008729174176, 1.02008729174176), sim_n = c(73L, 
73L, 73L, 73L)), .Names = c("term", "coef", "p_value", "rand_var", 
"mean_rand", "sim_n"), class = c("tbl_df", "tbl", "data.frame"
), row.names = c(NA, -4L)), lasso_df = structure(list(var = c("maxima", 
"stretch", "x_max", "x_min"), mean = c(0.411314110133494, 0.987235495897185, 
-0.0532220746643159, 0.282567777790941), prop = c(0.05, 0.47, 
0.0175, 0.06), rand_var = c(2.90671646168033, 2.90671646168033, 
2.90671646168033, 2.90671646168033), mean_rand = c(1.02008729174176, 
1.02008729174176, 1.02008729174176, 1.02008729174176), sim_n = c(73L, 
73L, 73L, 73L)), .Names = c("var", "mean", "prop", "rand_var", 
"mean_rand", "sim_n"), class = c("tbl_df", "tbl", "data.frame"
), row.names = c(NA, -4L)), summ_stan_df = structure(list(shape1 = 3.74393528765238, 
    shape2 = 3.02288304754907, stretch = 1.45821035276201, x_min = -0.590819916656178, 
    x_max = 5.23551022111633, maxima = 3.42736791343263, rep = 73L), .Names = c("shape1", 
"shape2", "stretch", "x_min", "x_max", "maxima", "rep"), class = c("tbl_df", 
"tbl", "data.frame"), row.names = c(NA, -1L))), .Names = c("lm_df", 
"lasso_df", "summ_stan_df"))
run_x <-
structure(list(lm_df = structure(list(term = c("maxima_sc", "stretch_sc", 
"x_max_sc", "x_min_sc"), coef = c(0.0379320052558523, 0.0618148117925832, 
0.0175234685604124, -0.00783045061655691), p_value = c(0.19578190004007, 
0.00556767872618, 0.367535962497168, 0.1153601654845), rand_var = c(2.90671646168033, 
2.90671646168033, 2.90671646168033, 2.90671646168033), mean_rand = c(1.02008729174176, 
1.02008729174176, 1.02008729174176, 1.02008729174176), sim_n = c(73L, 
73L, 73L, 73L)), .Names = c("term", "coef", "p_value", "rand_var", 
"mean_rand", "sim_n"), class = c("tbl_df", "tbl", "data.frame"
), row.names = c(NA, -4L)), lasso_df = structure(list(var = c("maxima", 
"stretch", "x_max", "x_min"), mean = c(0.411314110133494, 0.987235495897185, 
-0.0532220746643159, 0.282567777790941), prop = c(0.05, 0.47, 
0.0175, 0.06), rand_var = c(2.90671646168033, 2.90671646168033, 
2.90671646168033, 2.90671646168033), mean_rand = c(1.02008729174176, 
1.02008729174176, 1.02008729174176, 1.02008729174176), sim_n = c(73L, 
73L, 73L, 73L)), .Names = c("var", "mean", "prop", "rand_var", 
"mean_rand", "sim_n"), class = c("tbl_df", "tbl", "data.frame"
), row.names = c(NA, -4L)), summ_stan_df = structure(list(shape1 = 3.74393528765238, 
    shape2 = 3.02288304754907, stretch = 1.45821035276201, x_min = -0.590819916656178, 
    x_max = 5.23551022111633, maxima = 3.42736791343263, rep = 73L), .Names = c("shape1", 
"shape2", "stretch", "x_min", "x_max", "maxima", "rep"), class = c("tbl_df", 
"tbl", "data.frame"), row.names = c(NA, -1L))), .Names = c("lm_df", 
"lasso_df", "summ_stan_df"))
run_x <-
structure(list(lasso_df = structure(list(var = c("maxima", "stretch", 
"x_max", "x_min"), mean = c(0.468443534477724, 0.369234996867465, 
-0.373357523302334, -0.161811830114079), prop = c(0.44, 0.435, 
0.05, 0.105), rand_var = c(2.90671646168033, 2.90671646168033, 
2.90671646168033, 2.90671646168033), mean_rand = c(1.02008729174176, 
1.02008729174176, 1.02008729174176, 1.02008729174176), sim_n = c(73L, 
73L, 73L, 73L)), .Names = c("var", "mean", "prop", "rand_var", 
"mean_rand", "sim_n"), class = c("tbl_df", "tbl", "data.frame"
), row.names = c(NA, -4L)), lasso_depth = structure(list(draw = 1:400, 
    `(Intercept)` = c(-0.0696042775854085, -0.0688435676179352, 
    -0.0545743164106825, -0.0563077393525398, -0.064388234681775, 
    -0.0683004041183889, -0.0648203289454406, -0.0688223774599152, 
    -0.065493245516196, -0.0727987596066551, -0.0666130952380953, 
    -0.0682229641968938, -0.0588202098059328, -0.0601258805789374, 
    -0.0569003719365704, -0.0735329577778443, -0.0616400306471264, 
    -0.061831419175012, -0.0600670567855782, -0.0631452007285328, 
    -0.0454620259940997, -0.0546403057268539, -0.0534002865403887, 
    -0.0523466878697499, -0.0551105724565715, -0.0582199919877632, 
    -0.0680934436432232, -0.0666130952380953, -0.0658518046719636, 
    -0.0600406356386336, -0.0559524476747313, -0.0611473565392454, 
    -0.0670434397310698, -0.0638009897684565, -0.068254211416947, 
    -0.0637949865285084, -0.0422825724569546, -0.0777746878880548, 
    -0.0458718500432933, -0.0650080542499272, -0.0611616170248322, 
    -0.0617155414942604, -0.063515069656917, -0.0622553899666508, 
    -0.0542989974334765, -0.0616148762427795, -0.0497195792687872, 
    -0.0753997741795078, -0.0488892427898564, -0.0664798909957206, 
    -0.0473876978590588, -0.0633489915467253, -0.0525557701815902, 
    -0.0514216539467749, -0.0511673626313757, -0.0462025012943744, 
    -0.0586551020001748, -0.0595043077095415, -0.0593026244976424, 
    -0.0591065477548274, -0.0666305851854763, -0.0803507761246616, 
    -0.0538486276093936, -0.0638313298428135, -0.0551513378200899, 
    -0.0608230938712128, -0.0500883440186458, -0.039803384055245, 
    -0.0666130952380953, -0.0575233982242608, -0.0589835723778008, 
    -0.0602747334300959, -0.0536114803147089, -0.0590963806449789, 
    -0.0457526086523573, -0.0643341731662943, -0.0393718199734729, 
    -0.0602756534242597, -0.0609791795456675, -0.0639029907656197, 
    -0.0602687076118454, -0.0595627255042415, -0.048368623212683, 
    -0.0517796911488232, -0.0592731471633625, -0.0494087355019885, 
    -0.0623572852531405, -0.063305868103186, -0.0646229158832212, 
    -0.0686005913990126, -0.0607158186027431, -0.0516241822020429, 
    -0.0560729163441125, -0.0568310903225858, -0.0711541803800555, 
    -0.0506217584556014, -0.0596950674859862, -0.0539609648637821, 
    -0.0667751988151429, -0.0608533191836858, -0.0489205918302054, 
    -0.0341982859917922, -0.0823120882070962, -0.0978193096769133, 
    -0.0445034009143828, -0.0407615329583171, -0.122765655253921, 
    -0.143613346934411, -0.0636388501072476, -0.0444976494298039, 
    -0.0681389475551846, -0.0318727580552215, -0.0480128001693354, 
    -0.0363784617095219, -0.0533388496582985, -0.0532586578498751, 
    -0.0542573563833078, -0.0591827849731128, -0.0475114686442831, 
    -0.0483395089443052, -0.0620729917716464, -0.0463463372162514, 
    -0.0587128068074061, -0.0581614496173203, -0.0505927464495923, 
    -0.0557819315252845, -0.0460779240237206, -0.0479643652707107, 
    -0.0790761187592785, -0.0518908077098705, -0.0585256031996128, 
    -0.0629093827966903, -0.0618886001285081, -0.0526334267768259, 
    -0.0595751245337156, -0.0998194231564981, -0.0617510101034141, 
    -0.0565062242723765, -0.0459038717002647, -0.0547305842614349, 
    -0.0268996902070944, -0.0572185577149889, -0.0799219161223296, 
    -0.0860310620382918, -0.0520507256183249, -0.0619361992068034, 
    -0.051854528161187, -0.0330380687596248, -0.0233462544769225, 
    -0.0581080627371613, -0.0581387096206004, -0.0728024718689542, 
    -0.0571380254059903, -0.0387902344331943, -0.132235679601824, 
    -0.0606597848796033, -0.0881203108720851, -0.0581580659523899, 
    -0.0488259321106396, -0.0650138368814352, -0.0550360847078668, 
    -0.0649271235669946, -0.111647957121677, -0.0468659415413311, 
    -0.05589829763975, -0.0503987385329277, -0.0438329042507136, 
    -0.0861498346667433, -0.0558137606690599, -0.0545330692909231, 
    -0.0535857175881352, -0.0525588086788136, -0.0619465536854604, 
    -0.0555548246914486, -0.0685401763735457, -0.0421880420578358, 
    -0.0664929231524424, -0.0490489351135286, -0.04649740546081, 
    -0.0449731110262141, -0.0519913763035955, -0.0578381167753415, 
