run_x <-
structure(list(lm_df = structure(list(term = c("maxima_sc", "stretch_sc", 
"x_max_sc", "x_min_sc"), coef = c(0.01076463927636, 0.0637472458651373, 
-0.0169288614512228, -0.00632835193967239), p_value = c(0.221959467019657, 
0.00143111043375708, 0.148116017368273, 0.195746368319401), rand_var = c(0.850574967558402, 
0.850574967558402, 0.850574967558402, 0.850574967558402), mean_rand = c(-0.63955970101715, 
-0.63955970101715, -0.63955970101715, -0.63955970101715), sim_n = c(22L, 
22L, 22L, 22L)), .Names = c("term", "coef", "p_value", "rand_var", 
"mean_rand", "sim_n"), class = c("tbl_df", "tbl", "data.frame"
), row.names = c(NA, -4L)), lasso_df = structure(list(var = c("maxima", 
"stretch", "x_max", "x_min"), mean = c(-0.0578691339369168, 0.376936061164159, 
-0.173400839783168, -0.00898014541706166), prop = c(0.0375, 0.4475, 
0.005, 0.0625), rand_var = c(0.850574967558402, 0.850574967558402, 
0.850574967558402, 0.850574967558402), mean_rand = c(-0.63955970101715, 
-0.63955970101715, -0.63955970101715, -0.63955970101715), sim_n = c(22L, 
22L, 22L, 22L)), .Names = c("var", "mean", "prop", "rand_var", 
"mean_rand", "sim_n"), class = c("tbl_df", "tbl", "data.frame"
), row.names = c(NA, -4L)), summ_stan_df = structure(list(shape1 = 3.13288532091848, 
    shape2 = 4.77909069751997, stretch = 0.886217808808128, x_min = -0.0573796110720164, 
    x_max = 3.71681649832419, maxima = 1.96763358761328, rep = 22L), .Names = c("shape1", 
"shape2", "stretch", "x_min", "x_max", "maxima", "rep"), class = c("tbl_df", 
"tbl", "data.frame"), row.names = c(NA, -1L))), .Names = c("lm_df", 
"lasso_df", "summ_stan_df"))
run_x <-
structure(list(lm_df = structure(list(term = c("maxima_sc", "stretch_sc", 
"x_max_sc", "x_min_sc"), coef = c(0.01076463927636, 0.0637472458651373, 
-0.0169288614512228, -0.00632835193967239), p_value = c(0.221959467019657, 
0.00143111043375708, 0.148116017368273, 0.195746368319401), rand_var = c(0.850574967558402, 
0.850574967558402, 0.850574967558402, 0.850574967558402), mean_rand = c(-0.63955970101715, 
-0.63955970101715, -0.63955970101715, -0.63955970101715), sim_n = c(22L, 
22L, 22L, 22L)), .Names = c("term", "coef", "p_value", "rand_var", 
"mean_rand", "sim_n"), class = c("tbl_df", "tbl", "data.frame"
), row.names = c(NA, -4L)), lasso_df = structure(list(var = c("maxima", 
"stretch", "x_max", "x_min"), mean = c(-0.0578691339369168, 0.376936061164159, 
-0.173400839783168, -0.00898014541706166), prop = c(0.0375, 0.4475, 
0.005, 0.0625), rand_var = c(0.850574967558402, 0.850574967558402, 
0.850574967558402, 0.850574967558402), mean_rand = c(-0.63955970101715, 
-0.63955970101715, -0.63955970101715, -0.63955970101715), sim_n = c(22L, 
22L, 22L, 22L)), .Names = c("var", "mean", "prop", "rand_var", 
"mean_rand", "sim_n"), class = c("tbl_df", "tbl", "data.frame"
), row.names = c(NA, -4L)), summ_stan_df = structure(list(shape1 = 3.13288532091848, 
    shape2 = 4.77909069751997, stretch = 0.886217808808128, x_min = -0.0573796110720164, 
    x_max = 3.71681649832419, maxima = 1.96763358761328, rep = 22L), .Names = c("shape1", 
"shape2", "stretch", "x_min", "x_max", "maxima", "rep"), class = c("tbl_df", 
"tbl", "data.frame"), row.names = c(NA, -1L))), .Names = c("lm_df", 
"lasso_df", "summ_stan_df"))
run_x <-
structure(list(lasso_df = structure(list(var = c("maxima", "stretch", 
"x_max", "x_min"), mean = c(0.0430863305256348, 0.476194747366954, 
-0.195249896165439, -0.000410117865839554), prop = c(0.0425, 
0.4825, 0.005, 0.0725), rand_var = c(0.850574967558402, 0.850574967558402, 
0.850574967558402, 0.850574967558402), mean_rand = c(-0.63955970101715, 
-0.63955970101715, -0.63955970101715, -0.63955970101715), sim_n = c(22L, 
22L, 22L, 22L)), .Names = c("var", "mean", "prop", "rand_var", 
"mean_rand", "sim_n"), class = c("tbl_df", "tbl", "data.frame"
), row.names = c(NA, -4L)), lasso_depth = structure(list(draw = 1:400, 
    `(Intercept)` = c(-0.0619454988162133, -0.0665475540916243, 
    -0.0691744170099531, -0.0602531773488921, -0.062174454610164, 
    -0.0628254509398089, -0.0575621716848892, -0.0572567130000012, 
    -0.0675126546595833, -0.0605229122812961, -0.0660012162888379, 
    -0.0616166783351116, -0.0828184803744778, -0.0619674106899032, 
    -0.0670574583954969, -0.0755540881588925, -0.0883924711692341, 
    -0.0653644125771429, -0.0715841580267425, -0.0561932158922009, 
    -0.0871636108177928, -0.0626269322476934, -0.0662349836085128, 
    -0.0325792176814998, -0.0732260393112151, -0.0963959000588396, 
    -0.0572104706449471, -0.0725966579802256, -0.0646977899827863, 
    -0.0642012267687491, -0.0717120690849152, -0.0581125730742566, 
    -0.0587338906315052, -0.0800746309540529, -0.0666130952380953, 
    -0.0567096922919245, -0.0602711269245684, -0.0517873204503379, 
    -0.0594716990655057, -0.0669803259248365, -0.0677317848762228, 
    -0.0663109205680002, -0.0448285619145283, -0.0451957942552277, 
    -0.0597408533068544, -0.0451097527945488, -0.0693947998406887, 
    -0.0745546190982726, -0.0583077407367113, -0.0654467850734495, 
    -0.0736872392786126, -0.0553326210908303, -0.0613040606526545, 
    -0.0693919456253549, -0.0754236924023566, -0.0597383757191049, 
    -0.0650077030869028, -0.0696753845712796, -0.0834609006692313, 
    -0.061726793891846, -0.0563576253252092, -0.0584012216178123, 
    -0.072996289550518, -0.0627677361734034, -0.0488035274046235, 
    -0.0647352576585671, -0.0645625380308634, -0.0670832477348798, 
    -0.100499921774557, -0.0595834542472974, -0.0698974794175732, 
    -0.0594324609651629, -0.0534680813160889, -0.06105056457324, 
    -0.0628041067570856, -0.0803151803155955, -0.0530108032844288, 
    -0.0387001190166482, -0.0662748848333388, -0.0385105994587104, 
    -0.0644384932485712, -0.0686543177175003, -0.0650013237536979, 
    -0.0682190182471008, -0.0677467453037223, -0.0654088183539107, 
    -0.0786547761468643, -0.0623936791990844, -0.0700681581346571, 
    -0.0587361472088591, -0.0670093460724715, -0.0712868604797637, 
    -0.0661525928891418, -0.0707588277077422, -0.0419417656439194, 
    -0.0704344396355469, -0.0623848663727743, -0.0602544127951385, 
    -0.0659834767803245, -0.0603874620718716, -0.0871438915756082, 
    -0.0636330338800149, -0.0796626158349566, -0.0684191842491933, 
    -0.0428667188491616, -0.0663437499584798, -0.0595570963680849, 
    -0.0638744715558785, -0.0625957757423395, -0.0685606986912683, 
    -0.0645868320435849, -0.0451473417218663, -0.054838375780797, 
    -0.0726634703531626, -0.0659504916322511, -0.0676340239434681, 
    -0.0693885941852058, -0.0580922410497371, -0.0661165490985019, 
    -0.0575221646505818, -0.0635283729947449, -0.0587843822714065, 
    -0.0781505636083058, -0.0567605158976098, -0.0606578855175005, 
    -0.05868518150091, -0.0694536536047945, -0.0693450894792421, 
    -0.0586637314177757, -0.0694470625504505, -0.0591092671552786, 
    -0.0798857592025261, -0.0625039832707077, -0.0583252989743661, 
    -0.0653153615302784, -0.0463912206230268, -0.071441508733606, 
    -0.0445722570528777, -0.043094134105212, -0.0810171625037229, 
    -0.0571350413420679, -0.0719679763932974, -0.0590190437310263, 
    -0.0729636602687329, -0.07001611599658, -0.0570260392336756, 
    -0.0599633923813878, -0.057059610981073, -0.0566353716631378, 
    -0.0726564231939082, -0.0739550610973139, -0.0556423208827092, 
    -0.0503088165664853, -0.0768725047553264, -0.0771712681577074, 
    -0.0698680076768868, -0.0685774995824877, -0.0587658211058643, 
    -0.0706480288454321, -0.0600615702002661, -0.0606081189567811, 
    -0.0644192081062382, -0.0463950585694197, -0.0697162809250741, 
    -0.0711452308694243, -0.0695611474735638, -0.052836607174342, 
    -0.0704628847220819, -0.0641718214519646, -0.0612040057763487, 
    -0.057436941483352, -0.0677032533857443, -0.0645777130498415, 
    -0.0717980564755762, -0.0629677472326798, -0.0664369998013991, 
    -0.0414760451262782, -0.0653831608085506, -0.0676064556492378, 
