run_x <-
structure(list(lm_df = structure(list(term = c("maxima_sc", "stretch_sc", 
"x_max_sc", "x_min_sc"), coef = c(0.136511072411504, 0.0436608738286414, 
0.0472064029860727, -0.0228208106906749), p_value = c(0.0219427081575217, 
0.00564131658183657, 0.0963969934136946, 0.155235222310179), 
    rand_var = c(2.46450069220663, 2.46450069220663, 2.46450069220663, 
    2.46450069220663), mean_rand = c(0.285674650515662, 0.285674650515662, 
    0.285674650515662, 0.285674650515662), sim_n = c(62L, 62L, 
    62L, 62L)), .Names = c("term", "coef", "p_value", "rand_var", 
"mean_rand", "sim_n"), class = c("tbl_df", "tbl", "data.frame"
), row.names = c(NA, -4L)), lasso_df = structure(list(var = c("maxima", 
"stretch", "x_max", "x_min"), mean = c(1.09189647639919, 0.375809808608621, 
0.119390343459884, -0.103975769826299), prop = c(0.1775, 0.2, 
0.06, 0.035), rand_var = c(2.46450069220663, 2.46450069220663, 
2.46450069220663, 2.46450069220663), mean_rand = c(0.285674650515662, 
0.285674650515662, 0.285674650515662, 0.285674650515662), sim_n = c(62L, 
62L, 62L, 62L)), .Names = c("var", "mean", "prop", "rand_var", 
"mean_rand", "sim_n"), class = c("tbl_df", "tbl", "data.frame"
), row.names = c(NA, -4L)), summ_stan_df = structure(list(shape1 = 3.28067345612607, 
    shape2 = 4.80054567994603, stretch = 1.71208445993983, x_min = -0.481979734469401, 
    x_max = 5.02859979628651, maxima = 2.47774308036591, rep = 62L), .Names = c("shape1", 
"shape2", "stretch", "x_min", "x_max", "maxima", "rep"), class = c("tbl_df", 
"tbl", "data.frame"), row.names = c(NA, -1L))), .Names = c("lm_df", 
"lasso_df", "summ_stan_df"))
run_x <-
structure(list(lm_df = structure(list(term = c("maxima_sc", "stretch_sc", 
"x_max_sc", "x_min_sc"), coef = c(0.136511072411504, 0.0436608738286414, 
0.0472064029860727, -0.0228208106906749), p_value = c(0.0219427081575217, 
0.00564131658183657, 0.0963969934136946, 0.155235222310179), 
    rand_var = c(2.46450069220663, 2.46450069220663, 2.46450069220663, 
    2.46450069220663), mean_rand = c(0.285674650515662, 0.285674650515662, 
    0.285674650515662, 0.285674650515662), sim_n = c(62L, 62L, 
    62L, 62L)), .Names = c("term", "coef", "p_value", "rand_var", 
"mean_rand", "sim_n"), class = c("tbl_df", "tbl", "data.frame"
), row.names = c(NA, -4L)), lasso_df = structure(list(var = c("maxima", 
"stretch", "x_max", "x_min"), mean = c(1.09189647639919, 0.375809808608621, 
0.119390343459884, -0.103975769826299), prop = c(0.1775, 0.2, 
0.06, 0.035), rand_var = c(2.46450069220663, 2.46450069220663, 
2.46450069220663, 2.46450069220663), mean_rand = c(0.285674650515662, 
0.285674650515662, 0.285674650515662, 0.285674650515662), sim_n = c(62L, 
62L, 62L, 62L)), .Names = c("var", "mean", "prop", "rand_var", 
"mean_rand", "sim_n"), class = c("tbl_df", "tbl", "data.frame"
), row.names = c(NA, -4L)), summ_stan_df = structure(list(shape1 = 3.28067345612607, 
    shape2 = 4.80054567994603, stretch = 1.71208445993983, x_min = -0.481979734469401, 
    x_max = 5.02859979628651, maxima = 2.47774308036591, rep = 62L), .Names = c("shape1", 
"shape2", "stretch", "x_min", "x_max", "maxima", "rep"), class = c("tbl_df", 
"tbl", "data.frame"), row.names = c(NA, -1L))), .Names = c("lm_df", 
"lasso_df", "summ_stan_df"))
run_x <-
structure(list(lasso_df = structure(list(var = c("maxima", "stretch", 
"x_max", "x_min"), mean = c(0.325035124437302, 0.46611844546003, 
0.109025852197025, -0.162681015818011), prop = c(0.17, 0.2325, 
0.0425, 0.02), rand_var = c(2.46450069220663, 2.46450069220663, 
2.46450069220663, 2.46450069220663), mean_rand = c(0.285674650515662, 
0.285674650515662, 0.285674650515662, 0.285674650515662), sim_n = c(62L, 
62L, 62L, 62L)), .Names = c("var", "mean", "prop", "rand_var", 
"mean_rand", "sim_n"), class = c("tbl_df", "tbl", "data.frame"
), row.names = c(NA, -4L)), lasso_depth = structure(list(draw = 1:400, 
    `(Intercept)` = c(-0.0455400291925919, -0.0666130952380953, 
    -0.0523592407390431, -0.0666130952380953, -0.0666130952380953, 
    -0.0666130952380953, -0.0732154959382197, -0.0454020374199112, 
    -0.0666130952380953, -0.021237608435707, -0.0730966255135352, 
    -0.0261554384398132, -0.0666130952380953, -0.0869437609383875, 
    -0.0447728762951916, -0.0666130952380953, -0.070279364913227, 
    -0.0289452437934715, -0.0666130952380953, -0.0666130952380953, 
    -0.0666130952380953, -0.0979638474157113, -0.0666130952380953, 
    -0.0666130952380953, -0.086980813631452, -0.0666130952380953, 
    -0.063380497543499, -0.0472087212188573, -0.0737707591698836, 
    -0.0666130952380953, -0.0654703913636737, -0.0666130952380953, 
    -0.0666130952380953, -0.0666130952380953, -0.0380227692905214, 
    -0.0969774876824881, -0.0790493099997653, -0.043733878802826, 
    -0.0708458275512089, -0.0586373468290878, -0.0666130952380953, 
    -0.0731231969912829, -0.0653326183008646, -0.0670298776386211, 
    -0.0666130952380953, -0.0874913937130609, -0.0666130952380953, 
    -0.0327430081346929, -0.0666130952380953, -0.0666130952380953, 
    -0.0530828233633455, -0.0451487352000285, -0.0666130952380953, 
    -0.0666130952380953, -0.062553162444901, -0.0532929006929961, 
    -0.0606036706001009, -0.0367310764462891, -0.0664738493917985, 
    -0.0666130952380953, -0.0594324935440364, -0.0666130952380953, 
    -0.0352945252712837, -0.0666130952380953, -0.0666130952380953, 
    -0.0635282812701167, -0.0666130952380953, -0.0666130952380953, 
    -0.0632692633747056, -0.0666130952380953, -0.0452237881905355, 
    -0.0789950090183161, -0.0760087574873783, -0.0666130952380953, 
    -0.0666130952380953, -0.0780571434477545, -0.038099120355898, 
    -0.0666130952380953, -0.0737118959897192, -0.0666130952380953, 
    -0.0702187838196275, -0.0596244039016263, -0.0666130952380953, 
    -0.0924314979953514, -0.0560455965868969, -0.0838260835860137, 
    -0.0666130952380953, -0.0622116716843258, -0.0666130952380953, 
    -0.0162672418378604, -0.0666130952380953, -0.0410928151185259, 
    -0.0666130952380953, -0.0556216497245123, -0.0688514670023082, 
    -0.0666130952380953, -0.0567326994896573, -0.0458925256033073, 
    -0.0653129560303562, -0.0389556688052337, -0.0666130952380953, 
    -0.0666130952380953, -0.0339464402832651, -0.0666130952380953, 
    -0.0666130952380953, -0.0410317163816934, -0.0666130952380953, 
    -0.0666130952380953, -0.0666130952380953, -0.0666130952380953, 
    -0.0185316667535502, -0.0565920995713693, -0.00541171273309136, 
    0.00476445596090298, -0.0666130952380953, -0.0513092453700327, 
    -0.0584141131947467, -0.0303808698071402, -0.0666130952380953, 
    -0.0666130952380953, -0.0141154667948551, -0.0666130952380953, 
    -0.054403577815973, -0.0589175420798277, -0.0235867825306295, 
    -0.0651946074452582, -0.0666130952380953, -0.0671010430409794, 
    -0.0666130952380953, -0.0112906180582962, -0.0582209299514265, 
    -0.0571587535121517, -0.0861833506112969, -0.0714399863529553, 
    -0.0685517229506091, -0.0666130952380953, -0.0666130952380953, 
    -0.0526071808667935, -0.0655800685408257, -0.0666130952380953, 
    -0.0612618615073134, -0.0666130952380953, -0.061985458575465, 
    -0.0666130952380953, -0.0558825282367867, -0.0666130952380953, 
    -0.0666130952380953, -0.0781012697000981, -0.0518313813131469, 
    -0.0666130952380953, -0.0549275457491826, -0.0480988687936684, 
    -0.0666130952380953, -0.0666130952380953, -0.0688343018458293, 
    -0.0254899597914634, -0.0351340210165579, -0.0677620774676268, 
    -0.0604317897051625, -0.0666130952380953, -0.0666130952380953, 
    -0.0571699520800495, -0.0666130952380953, -0.0666130952380953, 
    -0.0540980720920072, -0.0666130952380953, -0.0666130952380953, 
    -0.0666130952380953, -0.0708029980683529, -0.0799633493644784, 
    -0.0535212646878311, -0.0666130952380953, -0.0814700946861306, 
    -0.0668110774877393, -0.0285211774571787, -0.0666130952380953, 
    -0.0666130952380953, -0.0666130952380953, -0.0315402280636629, 
