run_x <-
structure(list(lm_df = structure(list(term = c("maxima_sc", "stretch_sc", 
"x_max_sc", "x_min_sc"), coef = c(0.00920246870071149, 0.0421099540138494, 
-0.0163546009625329, -0.000609901957039251), p_value = c(0.0274649316840555, 
0.00312402381835123, 0.0439790883110359, 0.094612018743691), 
    rand_var = c(3.73355675919569, 3.73355675919569, 3.73355675919569, 
    3.73355675919569), mean_rand = c(-1.17576809138546, -1.17576809138546, 
    -1.17576809138546, -1.17576809138546), sim_n = c(93L, 93L, 
    93L, 93L)), .Names = c("term", "coef", "p_value", "rand_var", 
"mean_rand", "sim_n"), class = c("tbl_df", "tbl", "data.frame"
), row.names = c(NA, -4L)), lasso_df = structure(list(var = c("maxima", 
"stretch", "x_max", "x_min"), mean = c(0.196196435865184, 0.363116044166706, 
-0.301290938441884, -0.00749636778560817), prop = c(0.045, 0.3, 
0.015, 0.1), rand_var = c(3.73355675919569, 3.73355675919569, 
3.73355675919569, 3.73355675919569), mean_rand = c(-1.17576809138546, 
-1.17576809138546, -1.17576809138546, -1.17576809138546), sim_n = c(93L, 
93L, 93L, 93L)), .Names = c("var", "mean", "prop", "rand_var", 
"mean_rand", "sim_n"), class = c("tbl_df", "tbl", "data.frame"
), row.names = c(NA, -4L)), summ_stan_df = structure(list(shape1 = 3.9179969967184, 
    shape2 = 4.78653186825535, stretch = 1.16649797160452, x_min = -1.25962649525383, 
    x_max = 2.2432655344825, maxima = 0.909940761368243, rep = 93L), .Names = c("shape1", 
"shape2", "stretch", "x_min", "x_max", "maxima", "rep"), class = c("tbl_df", 
"tbl", "data.frame"), row.names = c(NA, -1L))), .Names = c("lm_df", 
"lasso_df", "summ_stan_df"))
run_x <-
structure(list(lm_df = structure(list(term = c("maxima_sc", "stretch_sc", 
"x_max_sc", "x_min_sc"), coef = c(0.00920246870071149, 0.0421099540138494, 
-0.0163546009625329, -0.000609901957039251), p_value = c(0.0274649316840555, 
0.00312402381835123, 0.0439790883110359, 0.094612018743691), 
    rand_var = c(3.73355675919569, 3.73355675919569, 3.73355675919569, 
    3.73355675919569), mean_rand = c(-1.17576809138546, -1.17576809138546, 
    -1.17576809138546, -1.17576809138546), sim_n = c(93L, 93L, 
    93L, 93L)), .Names = c("term", "coef", "p_value", "rand_var", 
"mean_rand", "sim_n"), class = c("tbl_df", "tbl", "data.frame"
), row.names = c(NA, -4L)), lasso_df = structure(list(var = c("maxima", 
"stretch", "x_max", "x_min"), mean = c(0.196196435865184, 0.363116044166706, 
-0.301290938441884, -0.00749636778560817), prop = c(0.045, 0.3, 
0.015, 0.1), rand_var = c(3.73355675919569, 3.73355675919569, 
3.73355675919569, 3.73355675919569), mean_rand = c(-1.17576809138546, 
-1.17576809138546, -1.17576809138546, -1.17576809138546), sim_n = c(93L, 
93L, 93L, 93L)), .Names = c("var", "mean", "prop", "rand_var", 
"mean_rand", "sim_n"), class = c("tbl_df", "tbl", "data.frame"
), row.names = c(NA, -4L)), summ_stan_df = structure(list(shape1 = 3.9179969967184, 
    shape2 = 4.78653186825535, stretch = 1.16649797160452, x_min = -1.25962649525383, 
    x_max = 2.2432655344825, maxima = 0.909940761368243, rep = 93L), .Names = c("shape1", 
"shape2", "stretch", "x_min", "x_max", "maxima", "rep"), class = c("tbl_df", 
"tbl", "data.frame"), row.names = c(NA, -1L))), .Names = c("lm_df", 
"lasso_df", "summ_stan_df"))
