run_x <-
structure(list(lm_df = structure(list(term = c("maxima_sc", "stretch_sc", 
"x_max_sc", "x_min_sc"), coef = c(0.0341065346677439, 0.065350490695286, 
-0.00705349426979303, -0.00547487423678148), p_value = c(0.0522339010455266, 
0.00869475137377029, 0.344772610260889, 0.220682205352683), rand_var = c(0.204586661996959, 
0.204586661996959, 0.204586661996959, 0.204586661996959), mean_rand = c(0.302499444475115, 
0.302499444475115, 0.302499444475115, 0.302499444475115), sim_n = c(6L, 
6L, 6L, 6L)), .Names = c("term", "coef", "p_value", "rand_var", 
"mean_rand", "sim_n"), class = c("tbl_df", "tbl", "data.frame"
), row.names = c(NA, -4L)), lasso_df = structure(list(var = c("maxima", 
"stretch", "x_max", "x_min"), mean = c(-0.0366343413573841, 0.0324663744216075, 
-0.0156532659384847, -0.0522248747584537), prop = c(0.015, 0.045, 
0.0175, 0.0275), rand_var = c(0.204586661996959, 0.204586661996959, 
0.204586661996959, 0.204586661996959), mean_rand = c(0.302499444475115, 
0.302499444475115, 0.302499444475115, 0.302499444475115), sim_n = c(6L, 
6L, 6L, 6L)), .Names = c("var", "mean", "prop", "rand_var", "mean_rand", 
"sim_n"), class = c("tbl_df", "tbl", "data.frame"), row.names = c(NA, 
-4L)), summ_stan_df = structure(list(shape1 = 4.05166145085642, 
    shape2 = 2.59747474941759, stretch = 0.874967278942346, x_min = -1.57795883982119, 
    x_max = 4.96687189148977, maxima = 3.36852120735825, rep = 6L), .Names = c("shape1", 
"shape2", "stretch", "x_min", "x_max", "maxima", "rep"), class = c("tbl_df", 
"tbl", "data.frame"), row.names = c(NA, -1L))), .Names = c("lm_df", 
"lasso_df", "summ_stan_df"))
run_x <-
structure(list(lm_df = structure(list(term = c("maxima_sc", "stretch_sc", 
"x_max_sc", "x_min_sc"), coef = c(0.0341065346677439, 0.065350490695286, 
-0.00705349426979303, -0.00547487423678148), p_value = c(0.0522339010455266, 
0.00869475137377029, 0.344772610260889, 0.220682205352683), rand_var = c(0.204586661996959, 
0.204586661996959, 0.204586661996959, 0.204586661996959), mean_rand = c(0.302499444475115, 
0.302499444475115, 0.302499444475115, 0.302499444475115), sim_n = c(6L, 
6L, 6L, 6L)), .Names = c("term", "coef", "p_value", "rand_var", 
"mean_rand", "sim_n"), class = c("tbl_df", "tbl", "data.frame"
), row.names = c(NA, -4L)), lasso_df = structure(list(var = c("maxima", 
"stretch", "x_max", "x_min"), mean = c(-0.0366343413573841, 0.0324663744216075, 
-0.0156532659384847, -0.0522248747584537), prop = c(0.015, 0.045, 
0.0175, 0.0275), rand_var = c(0.204586661996959, 0.204586661996959, 
0.204586661996959, 0.204586661996959), mean_rand = c(0.302499444475115, 
0.302499444475115, 0.302499444475115, 0.302499444475115), sim_n = c(6L, 
6L, 6L, 6L)), .Names = c("var", "mean", "prop", "rand_var", "mean_rand", 
"sim_n"), class = c("tbl_df", "tbl", "data.frame"), row.names = c(NA, 
-4L)), summ_stan_df = structure(list(shape1 = 4.05166145085642, 
    shape2 = 2.59747474941759, stretch = 0.874967278942346, x_min = -1.57795883982119, 
    x_max = 4.96687189148977, maxima = 3.36852120735825, rep = 6L), .Names = c("shape1", 
"shape2", "stretch", "x_min", "x_max", "maxima", "rep"), class = c("tbl_df", 
"tbl", "data.frame"), row.names = c(NA, -1L))), .Names = c("lm_df", 
"lasso_df", "summ_stan_df"))
run_x <-
structure(list(lasso_df = structure(list(var = c("maxima", "stretch", 
"x_max", "x_min"), mean = c(-0.00211328537809521, 0.0312940969501021, 
0.0276560201254089, -0.0503810099957773), prop = c(0.0125, 0.0225, 
0.0125, 0.01), rand_var = c(0.204586661996959, 0.204586661996959, 
0.204586661996959, 0.204586661996959), mean_rand = c(0.302499444475115, 
0.302499444475115, 0.302499444475115, 0.302499444475115), sim_n = c(6L, 
6L, 6L, 6L)), .Names = c("var", "mean", "prop", "rand_var", "mean_rand", 
"sim_n"), class = c("tbl_df", "tbl", "data.frame"), row.names = c(NA, 
-4L)), lasso_depth = structure(list(draw = 1:400, `(Intercept)` = c(-0.0757809706292654, 
-0.0625835553189387, -0.0981891730302478, -0.0777799591057482, 
-0.0920363125085035, -0.0666130952380953, -0.0617019017176223, 
-0.0623546459666845, -0.0641135374838083, -0.0574940135792989, 
-0.0494687368259438, -0.0666753904619493, -0.0641765417341754, 
-0.0743560335210773, -0.0665311749647485, -0.063671075962411, 
-0.0665741721429257, -0.0667721045581458, -0.0654045452656598, 
-0.0668495895850393, -0.0660796422813911, -0.0697563415782533, 
-0.0647531303762167, -0.0394286868631754, -0.0666130952380953, 
-0.0415341376132617, -0.0617730884098656, -0.0482096374917886, 
-0.06908307152959, -0.0635591910785821, -0.065198774130296, -0.0658724061850304, 
-0.0589891353293245, -0.061699527949077, -0.0659185510973645, 
-0.061363493336413, -0.0461467114460541, -0.0607895355890417, 
-0.0563778792906414, -0.0816299025989389, -0.0646774705730616, 
-0.0690263465753338, -0.0522565313700041, -0.0599487098579065, 
-0.0624647539398444, -0.0693181123422227, -0.0684809644969182, 
-0.0516809010144435, -0.065669025824063, -0.0611282219673323, 
-0.0646592247232958, -0.0629328471770682, -0.0666130952380953, 
-0.0544986177836969, -0.0645861409159709, -0.0666130952380953, 
-0.0622988703760648, -0.0762677312362245, -0.0511890486735214, 
-0.0713191836391312, -0.0540015252964255, -0.0708080193245118, 
-0.0633931294446518, -0.0651627524559715, -0.0614657760755072, 
-0.0617470894724352, -0.0643925031846964, -0.0666130952380953, 
-0.0630892847078766, -0.0787080109056762, -0.0628409247564268, 
-0.0630091130603327, -0.0587743987755101, -0.0666046115445079, 
-0.0616129653680473, -0.0851467843881691, -0.0650978455395113, 
-0.0655522202999109, -0.0765676014376954, -0.0616585740813154, 
-0.0541065555616702, -0.0618363055328089, -0.0624147050333889, 
-0.051935466491681, -0.0666130952380953, -0.0636897108983369, 
-0.0657093490334496, -0.0606409577928267, -0.0712339297606108, 
-0.0675345888937019, -0.0712848045071517, -0.065363386647715, 
-0.0647464634848713, -0.0666130952380953, -0.0666130952380953, 
-0.0667524299140288, -0.0615596397794532, -0.0666130952380953, 
-0.0690369969249849, -0.0642537455498357, -0.0588231531069071, 
-0.0717759842393536, -0.0424300060877808, -0.0615649494324661, 
-0.0640406959142334, -0.0588705553007696, -0.0678956222719445, 
-0.055165218166838, -0.0904752508000859, -0.0655583797147027, 
-0.0858911102317751, -0.0673732951942318, -0.0733965314586264, 
-0.065390517931421, -0.0600111996006257, -0.0694450302629632, 
-0.0636778133125708, -0.0645258677689412, -0.0622884531243293, 
-0.060640058754892, -0.0640504202431893, -0.0546992761669527, 
-0.0651944598211438, -0.0525009703336899, -0.0626787617749926, 
-0.0605256884343648, -0.0676024418594753, -0.0757077205187843, 
-0.0605324572016521, -0.058139791338356, -0.0714578520457136, 
-0.0705543190898471, -0.0758043911569947, -0.0576509742166913, 
-0.0641627700842531, -0.0663452209991667, -0.0609477611015796, 
-0.0673196643803028, -0.0649745223479663, -0.0592804678379462, 
-0.0634124031442038, -0.0671267757005543, -0.0605977205053937, 
-0.0620858796692709, -0.0366387237007165, -0.0807162905533149, 
-0.0659241690457772, -0.0674666442097627, -0.0424113427291547, 
-0.0610447854287697, -0.0640415426889153, -0.0696752530497226, 
-0.0735236898510274, -0.0622746908609864, -0.0800242118311839, 
-0.0608751646741686, -0.0648974607064657, -0.0669352899712693, 
-0.0348311523792695, -0.0711430300657793, -0.0616184630516095, 
-0.0589716336832575, -0.0581604092691873, -0.0606284157906669, 
-0.0678443422607569, -0.067464253064034, -0.0596932904832538, 
-0.0652743175200811, -0.0826201772457495, -0.0661635982545314, 
-0.0657349410274471, -0.0650467896773165, -0.0565587011221995, 
-0.0581989496831968, -0.0645916903981328, -0.069234228038986, 
0.00664590783610469, -0.066952326036839, -0.0855305933266279, 
-0.0657009980936198, -0.0541060231493103, -0.0672534649797758, 
-0.0641083087940263, -0.0559327039328854, -0.0724935126253803, 
-0.0620016686730091, -0.0821692952439235, -0.0596455724371164, 
-0.0590811928476307, -0.0928468845203537, -0.0629688202263836, 
