run_x <-
structure(list(lm_df = structure(list(term = c("maxima_sc", "stretch_sc", 
"x_max_sc", "x_min_sc"), coef = c(0.0633493389146919, 0.0373063296665607, 
-0.0530551814024197, -0.0282514239041837), p_value = c(0.15621783711733, 
0.00226095963269408, 0.138504366409641, 0.015627867041132), rand_var = c(2.58648852371873, 
2.58648852371873, 2.58648852371873, 2.58648852371873), mean_rand = c(-0.265758318354183, 
-0.265758318354183, -0.265758318354183, -0.265758318354183), 
    sim_n = c(65L, 65L, 65L, 65L)), .Names = c("term", "coef", 
"p_value", "rand_var", "mean_rand", "sim_n"), class = c("tbl_df", 
"tbl", "data.frame"), row.names = c(NA, -4L)), lasso_df = structure(list(
    var = c("maxima", "stretch", "x_max", "x_min"), mean = c(0.324216022183134, 
    0.196466809904611, 0.203989892268315, 0.0655693294494724), 
    prop = c(0.05, 0.1975, 0.0975, 0.0375), rand_var = c(2.58648852371873, 
    2.58648852371873, 2.58648852371873, 2.58648852371873), mean_rand = c(-0.265758318354183, 
    -0.265758318354183, -0.265758318354183, -0.265758318354183
    ), sim_n = c(65L, 65L, 65L, 65L)), .Names = c("var", "mean", 
"prop", "rand_var", "mean_rand", "sim_n"), class = c("tbl_df", 
"tbl", "data.frame"), row.names = c(NA, -4L)), summ_stan_df = structure(list(
    shape1 = 4.23812226041885, shape2 = 3.01538127196449, stretch = 3.66399279041343, 
    x_min = -0.662622842574646, x_max = 3.84851090582025, maxima = 2.71155649388847, 
    rep = 65L), .Names = c("shape1", "shape2", "stretch", "x_min", 
"x_max", "maxima", "rep"), class = c("tbl_df", "tbl", "data.frame"
), row.names = c(NA, -1L))), .Names = c("lm_df", "lasso_df", 
"summ_stan_df"))
run_x <-
structure(list(lm_df = structure(list(term = c("maxima_sc", "stretch_sc", 
"x_max_sc", "x_min_sc"), coef = c(0.0633493389146919, 0.0373063296665607, 
-0.0530551814024197, -0.0282514239041837), p_value = c(0.15621783711733, 
0.00226095963269408, 0.138504366409641, 0.015627867041132), rand_var = c(2.58648852371873, 
2.58648852371873, 2.58648852371873, 2.58648852371873), mean_rand = c(-0.265758318354183, 
-0.265758318354183, -0.265758318354183, -0.265758318354183), 
    sim_n = c(65L, 65L, 65L, 65L)), .Names = c("term", "coef", 
"p_value", "rand_var", "mean_rand", "sim_n"), class = c("tbl_df", 
"tbl", "data.frame"), row.names = c(NA, -4L)), lasso_df = structure(list(
    var = c("maxima", "stretch", "x_max", "x_min"), mean = c(0.324216022183134, 
    0.196466809904611, 0.203989892268315, 0.0655693294494724), 
    prop = c(0.05, 0.1975, 0.0975, 0.0375), rand_var = c(2.58648852371873, 
    2.58648852371873, 2.58648852371873, 2.58648852371873), mean_rand = c(-0.265758318354183, 
    -0.265758318354183, -0.265758318354183, -0.265758318354183
    ), sim_n = c(65L, 65L, 65L, 65L)), .Names = c("var", "mean", 
"prop", "rand_var", "mean_rand", "sim_n"), class = c("tbl_df", 
"tbl", "data.frame"), row.names = c(NA, -4L)), summ_stan_df = structure(list(
    shape1 = 4.23812226041885, shape2 = 3.01538127196449, stretch = 3.66399279041343, 
    x_min = -0.662622842574646, x_max = 3.84851090582025, maxima = 2.71155649388847, 
    rep = 65L), .Names = c("shape1", "shape2", "stretch", "x_min", 
"x_max", "maxima", "rep"), class = c("tbl_df", "tbl", "data.frame"
), row.names = c(NA, -1L))), .Names = c("lm_df", "lasso_df", 
"summ_stan_df"))
run_x <-
structure(list(lasso_df = structure(list(var = c("maxima", "stretch", 
"x_max", "x_min"), mean = c(0.563330383206273, 0.139584618580519, 
0.275162027280918, 0.134845336802896), prop = c(0.065, 0.1575, 
0.195, 0.0625), rand_var = c(2.58648852371873, 2.58648852371873, 
2.58648852371873, 2.58648852371873), mean_rand = c(-0.265758318354183, 
-0.265758318354183, -0.265758318354183, -0.265758318354183), 
    sim_n = c(65L, 65L, 65L, 65L)), .Names = c("var", "mean", 
"prop", "rand_var", "mean_rand", "sim_n"), class = c("tbl_df", 
"tbl", "data.frame"), row.names = c(NA, -4L)), lasso_depth = structure(list(
    draw = 1:400, `(Intercept)` = c(-0.109510722537232, -0.108781326580469, 
    -0.0876848795536061, -0.0666130952380953, -0.0909371115043409, 
    -0.0589553134669048, -0.0473689808291137, -0.0666130952380953, 
    -0.0719301795911545, -0.0595555454922223, -0.0756555948950361, 
    -0.102349543049378, -0.0666130952380953, -0.0932178510219031, 
    -0.0607725214129976, -0.0666130952380953, -0.0666130952380953, 
    -0.0583883347327913, -0.0741454663438033, -0.0836073450703731, 
    -0.0646990217795671, -0.0742060424166315, -0.0530956221782563, 
    -0.0666130952380953, -0.0311946623073005, -0.073184361371202, 
    -0.0666130952380953, -0.0673392891719922, -0.0666130952380953, 
    -0.0666130952380953, -0.0912628278283086, -0.0666130952380953, 
    -0.0725340794670888, -0.0677812432040718, -0.0666130952380953, 
    -0.10923842264135, -0.0816239548940787, -0.0872561663031932, 
    -0.0719225487571584, -0.0627769784914664, -0.0932868516446744, 
    -0.0807398461001781, -0.0666130952380953, -0.0411283329074813, 
    -0.0666130952380953, -0.0666130952380953, -0.0666130952380953, 
    -0.0729790038423224, -0.0887447019683295, -0.076397171545943, 
    -0.0666130952380953, -0.0666130952380953, -0.0812339744253096, 
    -0.07664916738418, -0.0761473004568228, -0.0435107410748651, 
    -0.0666130952380953, -0.0640554209709317, -0.0577685466990517, 
    -0.064580282847186, -0.0678197313495433, -0.0666130952380953, 
    -0.0791854104947228, -0.067788974162424, -0.0666130952380953, 
    -0.0666130952380953, -0.0793570304360828, -0.054116067325945, 
    -0.0888406345941292, -0.0692848499384205, -0.0666130952380953, 
    -0.0728798726959026, -0.0666130952380953, -0.0657681527236892, 
    -0.0764670521468792, -0.0666130952380953, -0.0836828864023604, 
    -0.07016497213985, -0.0666130952380953, -0.0666130952380953, 
    -0.0890757142129429, -0.0675290764946809, -0.0823418037224253, 
    -0.0666130952380953, -0.06766666397293, -0.0879045380222798, 
    -0.0865960623936254, -0.0670270024550004, -0.054520475783527, 
    -0.0787953061419977, -0.0599703945785392, -0.0666130952380953, 
    -0.089532577697476, -0.0879195742691571, -0.0947425718667295, 
    -0.0666130952380953, -0.0662832112391278, -0.0666130952380953, 
    -0.0666130952380953, -0.0979811864453145, -0.069473518269666, 
    -0.0827341652410372, -0.0642264711730652, -0.0824993202779532, 
    -0.129036073646474, -0.0640254317193209, -0.0700208929615395, 
    -0.075603850820821, -0.108825252850581, -0.0755615718039586, 
    -0.0723156890573365, -0.0698912006248814, -0.100476094418069, 
    -0.0990276663777469, -0.0708430403262067, -0.0741848797995305, 
    -0.0959785533648386, -0.0942537393667821, -0.0485519574292453, 
    -0.0720543172702116, -0.0846052901134844, -0.0680533845721945, 
    -0.0941848421089113, -0.084328347846096, -0.144522790164561, 
    -0.0730111513138094, -0.0920458022580987, -0.0704943245656326, 
    -0.120628830275024, -0.0714425332639785, -0.0810212290459123, 
    -0.0946768569605604, -0.0846624555999659, -0.0905303221908665, 
    -0.103086045162041, -0.0800858223621396, -0.0855754484783114, 
    -0.0870201833869285, -0.0858677622387736, -0.0709480697100663, 
    -0.0808159658111877, -0.0589780219829557, -0.0835431165887191, 
    -0.0749140761123473, -0.0863576605956151, -0.079085941944502, 
    -0.0916543454076852, -0.0689787647385404, -0.0763565943438484, 
    -0.0910858250826665, -0.0690423551728215, -0.080417498780486, 
    -0.0540850812313269, -0.0917729778329651, -0.0768592583338667, 
    -0.0701562655165103, -0.0769217189403165, -0.0721418964101657, 
    -0.0666130952380953, -0.083819744516852, -0.0506629726557283, 
    -0.0870962952000576, -0.0975559352169553, -0.111960445050963, 
    -0.0648102532129515, -0.0996372662326267, -0.0958334266273492, 
    -0.0666130952380953, -0.102652775760427, -0.0906522505954469, 
    -0.0925758558870875, -0.070068112593008, -0.0693184593756713, 
    -0.0597006596546795, -0.070462571607237, -0.0876648162858039, 
    -0.0788486484558789, -0.0888766053864495, -0.0863503659671041, 
