run_x <-
structure(list(lm_df = structure(list(term = c("maxima_sc", "stretch_sc", 
"x_max_sc", "x_min_sc"), coef = c(0.026381517886931, 0.054825171875049, 
-0.0234997384542367, -0.0361717035743767), p_value = c(0.106486077877084, 
0.0124856663442819, 0.10361227582019, 0.0629916910737224), rand_var = c(1.01198544941544, 
1.01198544941544, 1.01198544941544, 1.01198544941544), mean_rand = c(-0.330519941032892, 
-0.330519941032892, -0.330519941032892, -0.330519941032892), 
    sim_n = c(26L, 26L, 26L, 26L)), .Names = c("term", "coef", 
"p_value", "rand_var", "mean_rand", "sim_n"), class = c("tbl_df", 
"tbl", "data.frame"), row.names = c(NA, -4L)), lasso_df = structure(list(
    var = c("maxima", "stretch", "x_max", "x_min"), mean = c(0.0469488553645891, 
    0.0339316134181323, -0.259507673951984, -0.283224110928239
    ), prop = c(0.03, 0.085, 0.01, 0.0025), rand_var = c(1.01198544941544, 
    1.01198544941544, 1.01198544941544, 1.01198544941544), mean_rand = c(-0.330519941032892, 
    -0.330519941032892, -0.330519941032892, -0.330519941032892
    ), sim_n = c(26L, 26L, 26L, 26L)), .Names = c("var", "mean", 
"prop", "rand_var", "mean_rand", "sim_n"), class = c("tbl_df", 
"tbl", "data.frame"), row.names = c(NA, -4L)), summ_stan_df = structure(list(
    shape1 = 3.44825822293856, shape2 = 4.51476038532686, stretch = 0.942375033280765, 
    x_min = -0.0190981550582603, x_max = 3.64360375400044, maxima = 2.08858233795251, 
    rep = 26L), .Names = c("shape1", "shape2", "stretch", "x_min", 
"x_max", "maxima", "rep"), class = c("tbl_df", "tbl", "data.frame"
), row.names = c(NA, -1L))), .Names = c("lm_df", "lasso_df", 
"summ_stan_df"))
run_x <-
structure(list(lm_df = structure(list(term = c("maxima_sc", "stretch_sc", 
"x_max_sc", "x_min_sc"), coef = c(0.026381517886931, 0.054825171875049, 
-0.0234997384542367, -0.0361717035743767), p_value = c(0.106486077877084, 
0.0124856663442819, 0.10361227582019, 0.0629916910737224), rand_var = c(1.01198544941544, 
1.01198544941544, 1.01198544941544, 1.01198544941544), mean_rand = c(-0.330519941032892, 
-0.330519941032892, -0.330519941032892, -0.330519941032892), 
    sim_n = c(26L, 26L, 26L, 26L)), .Names = c("term", "coef", 
"p_value", "rand_var", "mean_rand", "sim_n"), class = c("tbl_df", 
"tbl", "data.frame"), row.names = c(NA, -4L)), lasso_df = structure(list(
    var = c("maxima", "stretch", "x_max", "x_min"), mean = c(0.0469488553645891, 
    0.0339316134181323, -0.259507673951984, -0.283224110928239
    ), prop = c(0.03, 0.085, 0.01, 0.0025), rand_var = c(1.01198544941544, 
    1.01198544941544, 1.01198544941544, 1.01198544941544), mean_rand = c(-0.330519941032892, 
    -0.330519941032892, -0.330519941032892, -0.330519941032892
    ), sim_n = c(26L, 26L, 26L, 26L)), .Names = c("var", "mean", 
"prop", "rand_var", "mean_rand", "sim_n"), class = c("tbl_df", 
"tbl", "data.frame"), row.names = c(NA, -4L)), summ_stan_df = structure(list(
    shape1 = 3.44825822293856, shape2 = 4.51476038532686, stretch = 0.942375033280765, 
    x_min = -0.0190981550582603, x_max = 3.64360375400044, maxima = 2.08858233795251, 
    rep = 26L), .Names = c("shape1", "shape2", "stretch", "x_min", 
"x_max", "maxima", "rep"), class = c("tbl_df", "tbl", "data.frame"
), row.names = c(NA, -1L))), .Names = c("lm_df", "lasso_df", 
"summ_stan_df"))
