run_x <-
structure(list(lm_df = structure(list(term = c("maxima_sc", "stretch_sc", 
"x_max_sc", "x_min_sc"), coef = c(0.034196558622618, 0.0319837024300851, 
0.0515897492270904, -0.0369330868991469), p_value = c(0.189752705458789, 
0.0216594618470673, 0.116188820226549, 0.0471521270539767), rand_var = c(2.26333110817508, 
2.26333110817508, 2.26333110817508, 2.26333110817508), mean_rand = c(0.141253513046861, 
0.141253513046861, 0.141253513046861, 0.141253513046861), sim_n = c(57L, 
57L, 57L, 57L)), .Names = c("term", "coef", "p_value", "rand_var", 
"mean_rand", "sim_n"), class = c("tbl_df", "tbl", "data.frame"
), row.names = c(NA, -4L)), lasso_df = structure(list(var = c("maxima", 
"stretch", "x_max", "x_min"), mean = c(1.04693667503672, 0.239882982538798, 
-0.0936739939615642, -0.00203736347939213), prop = c(0.2825, 
0.2425, 0.05, 0.0775), rand_var = c(2.26333110817508, 2.26333110817508, 
2.26333110817508, 2.26333110817508), mean_rand = c(0.141253513046861, 
0.141253513046861, 0.141253513046861, 0.141253513046861), sim_n = c(57L, 
57L, 57L, 57L)), .Names = c("var", "mean", "prop", "rand_var", 
"mean_rand", "sim_n"), class = c("tbl_df", "tbl", "data.frame"
), row.names = c(NA, -4L)), summ_stan_df = structure(list(shape1 = 4.2275094871839, 
    shape2 = 3.76061471799443, stretch = 3.09353752544225, x_min = -0.839186805776684, 
    x_max = 4.13727481156894, maxima = 2.60355590861297, rep = 57L), .Names = c("shape1", 
"shape2", "stretch", "x_min", "x_max", "maxima", "rep"), class = c("tbl_df", 
"tbl", "data.frame"), row.names = c(NA, -1L))), .Names = c("lm_df", 
"lasso_df", "summ_stan_df"))
run_x <-
structure(list(lm_df = structure(list(term = c("maxima_sc", "stretch_sc", 
"x_max_sc", "x_min_sc"), coef = c(0.034196558622618, 0.0319837024300851, 
0.0515897492270904, -0.0369330868991469), p_value = c(0.189752705458789, 
0.0216594618470673, 0.116188820226549, 0.0471521270539767), rand_var = c(2.26333110817508, 
2.26333110817508, 2.26333110817508, 2.26333110817508), mean_rand = c(0.141253513046861, 
0.141253513046861, 0.141253513046861, 0.141253513046861), sim_n = c(57L, 
57L, 57L, 57L)), .Names = c("term", "coef", "p_value", "rand_var", 
"mean_rand", "sim_n"), class = c("tbl_df", "tbl", "data.frame"
), row.names = c(NA, -4L)), lasso_df = structure(list(var = c("maxima", 
"stretch", "x_max", "x_min"), mean = c(1.04693667503672, 0.239882982538798, 
-0.0936739939615642, -0.00203736347939213), prop = c(0.2825, 
0.2425, 0.05, 0.0775), rand_var = c(2.26333110817508, 2.26333110817508, 
2.26333110817508, 2.26333110817508), mean_rand = c(0.141253513046861, 
0.141253513046861, 0.141253513046861, 0.141253513046861), sim_n = c(57L, 
57L, 57L, 57L)), .Names = c("var", "mean", "prop", "rand_var", 
"mean_rand", "sim_n"), class = c("tbl_df", "tbl", "data.frame"
), row.names = c(NA, -4L)), summ_stan_df = structure(list(shape1 = 4.2275094871839, 
    shape2 = 3.76061471799443, stretch = 3.09353752544225, x_min = -0.839186805776684, 
    x_max = 4.13727481156894, maxima = 2.60355590861297, rep = 57L), .Names = c("shape1", 
"shape2", "stretch", "x_min", "x_max", "maxima", "rep"), class = c("tbl_df", 
"tbl", "data.frame"), row.names = c(NA, -1L))), .Names = c("lm_df", 
"lasso_df", "summ_stan_df"))
run_x <-
structure(list(lasso_df = structure(list(var = c("maxima", "stretch", 
"x_max", "x_min"), mean = c(0.0733850129251783, 0.0805004580275526, 
-0.0489259061339001, 0.0446955530268164), prop = c(0.0425, 0.0925, 
0.01, 0.085), rand_var = c(2.26333110817508, 2.26333110817508, 
2.26333110817508, 2.26333110817508), mean_rand = c(0.141253513046861, 
0.141253513046861, 0.141253513046861, 0.141253513046861), sim_n = c(57L, 
57L, 57L, 57L)), .Names = c("var", "mean", "prop", "rand_var", 
"mean_rand", "sim_n"), class = c("tbl_df", "tbl", "data.frame"
), row.names = c(NA, -4L)), lasso_depth = structure(list(draw = 1:400, 
    `(Intercept)` = c(-0.0615837296557972, -0.0484566227351765, 
    -0.0634457133041195, -0.0874418669161071, -0.063189789151571, 
    -0.0648683389006982, -0.0637662237919418, -0.0661057747407715, 
    -0.0541349171323618, -0.0663565209494024, -0.0656072417373156, 
    -0.0196356655529469, -0.0892216611817535, -0.0632228038839609, 
    -0.0647193340043776, -0.0631128711752625, -0.0718050633069433, 
    -0.0644268341570404, -0.0693668323278273, -0.0836572204431264, 
    -0.067108614786901, -0.0696304149411681, -0.0647764272850638, 
    -0.0590235822123241, -0.083132098548015, -0.0645349467635858, 
    -0.0481588634195965, -0.0953592695855381, -0.0667749670166072, 
    -0.0148639739633258, -0.0642846124841348, -0.0734277625072789, 
    -0.0660472346221288, -0.0726603129801353, -0.0859482973709833, 
    -0.0583996885413447, -0.0724962358029683, -0.0792614508791371, 
    -0.0548537772042522, -0.0629414796666545, -0.0666130952380953, 
    -0.0659963858554455, -0.0576280389153923, -0.0662539406791903, 
    -0.0216048458634875, -0.0689468422542296, -0.0610859947414373, 
    -0.0815774747786351, -0.141622536892412, -0.0663697031980252, 
    -0.0939045938321794, -0.0965479598452434, -0.071018297958479, 
    -0.0664019723694439, -0.0740461378663761, -0.0658228772753598, 
    -0.0745161891701038, -0.0703610181634365, -0.0689825457114413, 
    -0.0666130952380953, -0.0652707783556362, -0.0667769572151154, 
    -0.0686673688856404, -0.0688188233932887, -0.0394447768705481, 
    -0.0698885438611788, -0.148319264232553, -0.0628664402950121, 
    -0.0487523269368218, -0.0649071597285536, -0.0681591412500402, 
    -0.0666130952380953, -0.0638080651100314, -0.0663240065464034, 
    -0.0757359064866179, -0.0807252724493849, -0.0649970848730183, 
    -0.0669165150088668, -0.0658152566905603, -0.0790163276382313, 
    -0.0786171694705783, -0.066030211717683, -0.0742976988198111, 
    -0.0663747979362274, -0.0829505238355499, -0.0770982574574349, 
    -0.0626488086384796, -0.0606463764380164, -0.0729984225397244, 
    -0.0788684491421937, -0.0679009719914482, -0.0646640787430845, 
    -0.0633492358184285, -0.0810070155273811, -0.0514904447141768, 
    -0.0579907124505821, -0.0616590953960225, -0.061462853094499, 
    -0.0716325580468297, -0.0669368808879184, -0.0553354034370416, 
    -0.0813445451744833, -0.0415762610370006, -0.0275296412105715, 
    -0.0666130952380953, -0.0381145489277485, -0.0666130952380953, 
    -0.0942573647615942, -0.0160179148692345, -0.0602441003841776, 
    -0.0666130952380953, -0.0666130952380953, -0.0692313652740634, 
    -0.0397993453918572, -0.060370088712128, -0.0270480043387178, 
    -0.0666130952380953, -0.0666130952380953, -0.0666130952380953, 
    -0.0651985215995055, -0.0666130952380953, -0.0491163553958508, 
    -0.0868258389837939, -0.0560641976283911, -0.0204334403225725, 
    -0.0666130952380953, -0.0669807914068208, -0.0666130952380953, 
    -0.0602231786477224, -0.0666130952380953, -0.0666130952380953, 
    0.0029565214021466, -0.068312552138087, -0.0580225100107563, 
    -0.0552291745719785, -0.0757413711931178, -0.068226343034083, 
    -0.0666130952380953, -0.0666130952380953, -0.0877907496525545, 
    -0.0666130952380953, -0.0720991489444589, -0.0666130952380953, 
    -0.0666130952380953, -0.0686211502401185, -0.0730867777480485, 
    -0.0666130952380953, -0.0619277876225667, -0.0666130952380953, 
    -0.0619355677320466, -0.0666130952380953, -0.0666130952380953, 
    -0.0644143617074649, -0.0964592730049893, -0.0666130952380953, 
    -0.0666130952380953, -0.064467240031078, -0.0666130952380953, 
    -0.0583284516617681, -0.0233349966196307, -0.0427313617347459, 
    -0.0632646019767647, -0.0657172717843554, -0.0598153102596216, 
    -0.0666130952380953, -0.0453065919723861, -0.0445183420832883, 
    -0.0652893818707005, -0.0666130952380953, -0.0286644474699741, 
    -0.0666130952380953, -0.0964478721751904, -0.0666130952380953, 
    -0.0299230248088866, -0.0302349837456533, 0.00374816138414005, 
    -0.034313072008863, -0.0479112298198836, 0.0268089055507835, 
    -0.0402055462841252, -0.0784450090581396, -0.0666130952380953, 
