run_x <-
structure(list(lm_df = structure(list(term = c("maxima_sc", "stretch_sc", 
"x_max_sc", "x_min_sc"), coef = c(0.0568822527584466, 0.0547689024260631, 
-0.00540891843319852, -0.0101228154884774), p_value = c(0.140769946711395, 
0.0195346301389414, 0.325304318860069, 0.152759482273117), rand_var = c(2.14247197084675, 
2.14247197084675, 2.14247197084675, 2.14247197084675), mean_rand = c(0.897236113549371, 
0.897236113549371, 0.897236113549371, 0.897236113549371), sim_n = c(54L, 
54L, 54L, 54L)), .Names = c("term", "coef", "p_value", "rand_var", 
"mean_rand", "sim_n"), class = c("tbl_df", "tbl", "data.frame"
), row.names = c(NA, -4L)), lasso_df = structure(list(var = c("maxima", 
"stretch", "x_max", "x_min"), mean = c(0.128692711276445, 0.0280119192178868, 
-0.00651766249930851, -0.156575295370824), prop = c(0.0475, 0.055, 
0.0375, 0.01), rand_var = c(2.14247197084675, 2.14247197084675, 
2.14247197084675, 2.14247197084675), mean_rand = c(0.897236113549371, 
0.897236113549371, 0.897236113549371, 0.897236113549371), sim_n = c(54L, 
54L, 54L, 54L)), .Names = c("var", "mean", "prop", "rand_var", 
"mean_rand", "sim_n"), class = c("tbl_df", "tbl", "data.frame"
), row.names = c(NA, -4L)), summ_stan_df = structure(list(shape1 = 4.00795864361457, 
    shape2 = 2.57919388682493, stretch = 1.20272865826336, x_min = -0.871748652568802, 
    x_max = 4.89045298961502, maxima = 3.42626384463634, rep = 54L), .Names = c("shape1", 
"shape2", "stretch", "x_min", "x_max", "maxima", "rep"), class = c("tbl_df", 
"tbl", "data.frame"), row.names = c(NA, -1L))), .Names = c("lm_df", 
"lasso_df", "summ_stan_df"))
