run_x <-
structure(list(lm_df = structure(list(term = c("maxima_sc", "stretch_sc", 
"x_max_sc", "x_min_sc"), coef = c(0.0484903128481354, 0.0473222290313117, 
-0.0572463200230847, -0.0738729084214771), p_value = c(0.191312269413367, 
0.0124427666759552, 0.195355779512882, 0.0437587742585173), rand_var = c(2.06228174343822, 
2.06228174343822, 2.06228174343822, 2.06228174343822), mean_rand = c(-0.809219968998975, 
-0.809219968998975, -0.809219968998975, -0.809219968998975), 
    sim_n = c(52L, 52L, 52L, 52L)), .Names = c("term", "coef", 
"p_value", "rand_var", "mean_rand", "sim_n"), class = c("tbl_df", 
"tbl", "data.frame"), row.names = c(NA, -4L)), lasso_df = structure(list(
    var = c("maxima", "stretch", "x_max", "x_min"), mean = c(0.00973528199036926, 
    0.0992971530324777, -0.196241386998494, -0.166334736499647
    ), prop = c(0.075, 0.1575, 0.0375, 0.005), rand_var = c(2.06228174343822, 
    2.06228174343822, 2.06228174343822, 2.06228174343822), mean_rand = c(-0.809219968998975, 
    -0.809219968998975, -0.809219968998975, -0.809219968998975
    ), sim_n = c(52L, 52L, 52L, 52L)), .Names = c("var", "mean", 
"prop", "rand_var", "mean_rand", "sim_n"), class = c("tbl_df", 
"tbl", "data.frame"), row.names = c(NA, -4L)), summ_stan_df = structure(list(
    shape1 = 4.79371738708005, shape2 = 3.31661988512558, stretch = 1.52387227556673, 
    x_min = -0.139991011767832, x_max = 2.19867341179302, maxima = 1.55623331880165, 
    rep = 52L), .Names = c("shape1", "shape2", "stretch", "x_min", 
"x_max", "maxima", "rep"), class = c("tbl_df", "tbl", "data.frame"
), row.names = c(NA, -1L))), .Names = c("lm_df", "lasso_df", 
"summ_stan_df"))
run_x <-
structure(list(lm_df = structure(list(term = c("maxima_sc", "stretch_sc", 
"x_max_sc", "x_min_sc"), coef = c(0.0484903128481354, 0.0473222290313117, 
-0.0572463200230847, -0.0738729084214771), p_value = c(0.191312269413367, 
0.0124427666759552, 0.195355779512882, 0.0437587742585173), rand_var = c(2.06228174343822, 
2.06228174343822, 2.06228174343822, 2.06228174343822), mean_rand = c(-0.809219968998975, 
-0.809219968998975, -0.809219968998975, -0.809219968998975), 
    sim_n = c(52L, 52L, 52L, 52L)), .Names = c("term", "coef", 
"p_value", "rand_var", "mean_rand", "sim_n"), class = c("tbl_df", 
"tbl", "data.frame"), row.names = c(NA, -4L)), lasso_df = structure(list(
    var = c("maxima", "stretch", "x_max", "x_min"), mean = c(0.00973528199036926, 
    0.0992971530324777, -0.196241386998494, -0.166334736499647
    ), prop = c(0.075, 0.1575, 0.0375, 0.005), rand_var = c(2.06228174343822, 
    2.06228174343822, 2.06228174343822, 2.06228174343822), mean_rand = c(-0.809219968998975, 
    -0.809219968998975, -0.809219968998975, -0.809219968998975
    ), sim_n = c(52L, 52L, 52L, 52L)), .Names = c("var", "mean", 
"prop", "rand_var", "mean_rand", "sim_n"), class = c("tbl_df", 
"tbl", "data.frame"), row.names = c(NA, -4L)), summ_stan_df = structure(list(
    shape1 = 4.79371738708005, shape2 = 3.31661988512558, stretch = 1.52387227556673, 
    x_min = -0.139991011767832, x_max = 2.19867341179302, maxima = 1.55623331880165, 
    rep = 52L), .Names = c("shape1", "shape2", "stretch", "x_min", 
"x_max", "maxima", "rep"), class = c("tbl_df", "tbl", "data.frame"
), row.names = c(NA, -1L))), .Names = c("lm_df", "lasso_df", 
"summ_stan_df"))
run_x <-
structure(list(lasso_df = structure(list(var = c("maxima", "stretch", 
"x_max", "x_min"), mean = c(0.280964562462048, 0.0987666917400176, 
-0.0740794633618151, -0.032485580554905), prop = c(0.1775, 0.1375, 
0.0425, 0.075), rand_var = c(2.06228174343822, 2.06228174343822, 
2.06228174343822, 2.06228174343822), mean_rand = c(-0.809219968998975, 
-0.809219968998975, -0.809219968998975, -0.809219968998975), 
    sim_n = c(52L, 52L, 52L, 52L)), .Names = c("var", "mean", 
"prop", "rand_var", "mean_rand", "sim_n"), class = c("tbl_df", 
"tbl", "data.frame"), row.names = c(NA, -4L)), lasso_depth = structure(list(
    draw = 1:400, `(Intercept)` = c(-0.0666130952380953, -0.0691393496034602, 
    -0.0666130952380953, -0.0666130952380953, -0.073801283754274, 
    -0.0666130952380953, -0.0666130952380953, -0.0639702461214431, 
    -0.0666130952380953, -0.0666130952380953, -0.0666130952380953, 
    -0.0853489275056467, -0.0666130952380953, -0.0666130952380953, 
    -0.0666130952380953, -0.0666130952380953, -0.0666130952380953, 
    -0.0666130952380953, -0.0666130952380953, -0.0666130952380953, 
    -0.0666130952380953, -0.0639854095614014, -0.0666130952380953, 
    -0.0678610968684759, -0.0666130952380953, -0.0685447724865625, 
    -0.0666130952380953, -0.0741566380594098, -0.0666130952380953, 
    -0.0666130952380953, -0.0666130952380953, -0.0666130952380953, 
    -0.0851878269597195, -0.0666130952380953, -0.0766989861862935, 
    -0.0666130952380953, -0.0727093641350395, -0.0691302210152741, 
    -0.0666130952380953, -0.0666130952380953, -0.0666130952380953, 
    -0.0666130952380953, -0.109433463804036, -0.0666130952380953, 
    -0.0666130952380953, -0.0582797314644237, -0.0666130952380953, 
    -0.0666130952380953, -0.0666130952380953, -0.0666130952380953, 
    -0.0666130952380953, -0.0795183763958693, -0.0666130952380953, 
    -0.0570363326800482, -0.0666130952380953, -0.0666130952380953, 
    -0.0666130952380953, -0.0611721008316315, -0.0666130952380953, 
    -0.0666130952380953, -0.0710544386888753, -0.0666130952380953, 
    -0.0666130952380953, -0.0663976104541574, -0.0578744711957184, 
    -0.0666130952380953, -0.0666130952380953, -0.0666130952380953, 
    -0.0666130952380953, -0.0666130952380953, -0.0656166207805368, 
    -0.0607478517278261, -0.0666130952380953, -0.0666130952380953, 
    -0.0711888147235148, -0.0666130952380953, -0.0773325041214743, 
    -0.137991586512991, -0.0666130952380953, -0.0728065496300834, 
    -0.0713617204355897, -0.0666130952380953, -0.0666130952380953, 
    -0.0666130952380953, -0.0666130952380953, -0.0666130952380953, 
    -0.0666130952380953, -0.0666130952380953, -0.0666130952380953, 
    -0.0666130952380953, -0.0608545345828372, -0.0329645804275475, 
    -0.0666130952380953, -0.0666130952380953, -0.0666130952380953, 
    -0.0666130952380953, -0.0666130952380953, -0.076788801728798, 
    -0.0666130952380953, -0.0666130952380953, -0.0666130952380953, 
    -0.0666130952380953, -0.0659410007397181, -0.072808132705913, 
    -0.0666130952380953, -0.0666130952380953, -0.0660811913589061, 
    -0.0666130952380953, -0.0666130952380953, -0.0666130952380953, 
    -0.073182196083152, -0.0666130952380953, -0.0824352548571518, 
    -0.0666130952380953, -0.0666130952380953, -0.0666130952380953, 
    -0.0666130952380953, -0.0666130952380953, -0.068646413745805, 
    -0.066157800224562, -0.0666130952380953, -0.0657758037529566, 
    -0.0666130952380953, -0.0666130952380953, -0.0666130952380953, 
    -0.0738140369704145, -0.0491119321116106, -0.0430489110030638, 
    -0.0666130952380953, -0.0666130952380953, -0.0666130952380953, 
    -0.0666130952380953, -0.0666130952380953, -0.0666130952380953, 
    -0.0808736893179443, -0.0340002303722034, -0.0666130952380953, 
    -0.0687817956231523, -0.0666130952380953, -0.0666130952380953, 
    -0.0577494594342009, -0.0704113448319072, -0.0667977856091011, 
    -0.0666130952380953, -0.0666130952380953, -0.0666130952380953, 
    -0.0666130952380953, -0.0645775929197471, -0.0645874242264709, 
    -0.0665772712528826, -0.0666130952380953, -0.0666130952380953, 
    -0.0666130952380953, -0.0666130952380953, -0.0666130952380953, 
    -0.0666130952380953, -0.0666130952380953, -0.115685739338768, 
    -0.0666130952380953, -0.0666130952380953, -0.0666130952380953, 
    -0.0666130952380953, -0.0423036602560243, -0.0849362721599551, 
    -0.0666130952380953, -0.0666130952380953, -0.0666130952380953, 
    -0.0666130952380953, -0.0666130952380953, -0.0743222402897162, 
    -0.0666130952380953, -0.0529995830978245, -0.0666130952380953, 
    -0.036116611280067, -0.0666130952380953, -0.0666130952380953, 
