run_x <-
structure(list(lm_df = structure(list(term = c("maxima_sc", "stretch_sc", 
"x_max_sc", "x_min_sc"), coef = c(0.0393846676026492, 0.0609932516809294, 
-0.0113054238213708, -0.0686157654130424), p_value = c(0.192191710674156, 
0.00777727160316747, 0.217027054724701, 0.0504673333253015), 
    rand_var = c(2.1027792052686, 2.1027792052686, 2.1027792052686, 
    2.1027792052686), mean_rand = c(-0.835791156983647, -0.835791156983647, 
    -0.835791156983647, -0.835791156983647), sim_n = c(53L, 53L, 
    53L, 53L)), .Names = c("term", "coef", "p_value", "rand_var", 
"mean_rand", "sim_n"), class = c("tbl_df", "tbl", "data.frame"
), row.names = c(NA, -4L)), lasso_df = structure(list(var = c("maxima", 
"stretch", "x_max", "x_min"), mean = c(0.143068553143617, 0.369014437302115, 
-0.304310058568981, -0.32043460360601), prop = c(0.0625, 0.335, 
0.01, 0.01), rand_var = c(2.1027792052686, 2.1027792052686, 2.1027792052686, 
2.1027792052686), mean_rand = c(-0.835791156983647, -0.835791156983647, 
-0.835791156983647, -0.835791156983647), sim_n = c(53L, 53L, 
53L, 53L)), .Names = c("var", "mean", "prop", "rand_var", "mean_rand", 
"sim_n"), class = c("tbl_df", "tbl", "data.frame"), row.names = c(NA, 
-4L)), summ_stan_df = structure(list(shape1 = 4.16773411089568, 
    shape2 = 4.19602438521293, stretch = 1.93165967115302, x_min = 0.213110731908891, 
    x_max = 2.12343401942697, maxima = 1.46087994994093, rep = 53L), .Names = c("shape1", 
"shape2", "stretch", "x_min", "x_max", "maxima", "rep"), class = c("tbl_df", 
"tbl", "data.frame"), row.names = c(NA, -1L))), .Names = c("lm_df", 
"lasso_df", "summ_stan_df"))
run_x <-
structure(list(lm_df = structure(list(term = c("maxima_sc", "stretch_sc", 
"x_max_sc", "x_min_sc"), coef = c(0.0393846676026492, 0.0609932516809294, 
-0.0113054238213708, -0.0686157654130424), p_value = c(0.192191710674156, 
0.00777727160316747, 0.217027054724701, 0.0504673333253015), 
    rand_var = c(2.1027792052686, 2.1027792052686, 2.1027792052686, 
    2.1027792052686), mean_rand = c(-0.835791156983647, -0.835791156983647, 
    -0.835791156983647, -0.835791156983647), sim_n = c(53L, 53L, 
    53L, 53L)), .Names = c("term", "coef", "p_value", "rand_var", 
"mean_rand", "sim_n"), class = c("tbl_df", "tbl", "data.frame"
), row.names = c(NA, -4L)), lasso_df = structure(list(var = c("maxima", 
"stretch", "x_max", "x_min"), mean = c(0.143068553143617, 0.369014437302115, 
-0.304310058568981, -0.32043460360601), prop = c(0.0625, 0.335, 
0.01, 0.01), rand_var = c(2.1027792052686, 2.1027792052686, 2.1027792052686, 
2.1027792052686), mean_rand = c(-0.835791156983647, -0.835791156983647, 
-0.835791156983647, -0.835791156983647), sim_n = c(53L, 53L, 
53L, 53L)), .Names = c("var", "mean", "prop", "rand_var", "mean_rand", 
"sim_n"), class = c("tbl_df", "tbl", "data.frame"), row.names = c(NA, 
-4L)), summ_stan_df = structure(list(shape1 = 4.16773411089568, 
    shape2 = 4.19602438521293, stretch = 1.93165967115302, x_min = 0.213110731908891, 
    x_max = 2.12343401942697, maxima = 1.46087994994093, rep = 53L), .Names = c("shape1", 
"shape2", "stretch", "x_min", "x_max", "maxima", "rep"), class = c("tbl_df", 
"tbl", "data.frame"), row.names = c(NA, -1L))), .Names = c("lm_df", 
"lasso_df", "summ_stan_df"))
run_x <-
structure(list(lasso_df = structure(list(var = c("maxima", "stretch", 
"x_max", "x_min"), mean = c(0.086555106327273, 0.242265028665853, 
-0.19444347379066, -0.170760337405447), prop = c(0.015, 0.315, 
0.0225, 0.0525), rand_var = c(2.1027792052686, 2.1027792052686, 
2.1027792052686, 2.1027792052686), mean_rand = c(-0.835791156983647, 
-0.835791156983647, -0.835791156983647, -0.835791156983647), 
    sim_n = c(53L, 53L, 53L, 53L)), .Names = c("var", "mean", 
"prop", "rand_var", "mean_rand", "sim_n"), class = c("tbl_df", 
"tbl", "data.frame"), row.names = c(NA, -4L)), lasso_depth = structure(list(
    draw = 1:400, `(Intercept)` = c(-0.0666130952380953, -0.0666130952380953, 
    -0.0666130952380953, -0.0381152641336939, -0.0666130952380953, 
    -0.0666130952380953, -0.0457460734257554, -0.0666130952380953, 
    -0.0116134036601926, -0.0666130952380953, -0.0549627032560213, 
    -0.0666130952380953, -0.0638202171297724, -0.0666130952380953, 
    -0.0666130952380953, -0.0666130952380953, -0.0377024352989556, 
    -0.07094741696123, -0.0666130952380953, -0.079408367120164, 
    -0.0436416074373594, -0.0697366258930705, -0.0561678143175457, 
    -0.0666130952380953, -0.0666130952380953, -0.0666130952380953, 
    -0.0577274272256278, -0.0666130952380953, -0.0547742251776993, 
    -0.0684886900341329, -0.0317480537768501, -0.0727858067578168, 
    -0.0666130952380953, -0.0701935706617768, -0.0666130952380953, 
    -0.0335112978661074, -0.070203333108866, -0.146881288589993, 
    -0.0666130952380953, 0.190623273357434, -0.0666130952380953, 
    -0.0666130952380953, -0.0666130952380953, -0.0570917102774749, 
    -0.0666130952380953, -0.0666130952380953, -0.0674795341071245, 
    -0.0666130952380953, -0.0586961945692765, -0.0675032526958095, 
    -0.0660672669051658, -0.0666130952380953, -0.061178389925726, 
    -0.0600909482857926, -0.0666130952380953, -0.0445270458120225, 
    -0.0666130952380953, -0.0666130952380953, -0.0666130952380953, 
    -0.0666130952380953, -0.0666130952380953, -0.0505765025382596, 
    -0.0597532427752207, -0.0666130952380953, -0.0666130952380953, 
    -0.0666130952380953, -0.0425678364138129, -0.0666130952380953, 
    -0.109728394342788, -0.0551683232165394, -0.0666130952380953, 
    -0.0666953778352708, -0.0578736471652069, -0.0666130952380953, 
    -0.0666130952380953, -0.0420841126455728, -0.0666130952380953, 
    -0.0666130952380953, -0.0666130952380953, -0.0544589640476425, 
    -0.0666130952380953, 0.0132532330214114, -0.146951454313786, 
    -0.0666130952380953, -0.0729145894432675, -0.0666130952380953, 
    -0.0666130952380953, -0.0666130952380953, -0.0666130952380953, 
    -0.0666130952380953, -0.0666130952380953, -0.0321427217379231, 
    -0.0666130952380953, -0.032174157853516, -0.0714758201855181, 
    -0.0590453365126927, -0.0246050355273415, -0.0663753582299613, 
    -0.0666130952380953, -0.0666130952380953, -0.0781275881864763, 
    -0.0835235001252559, -0.0637998828255669, -0.0650677984230722, 
    -0.0480045436773226, -0.0777514386583739, -0.0724407260603042, 
    -0.071386484477421, -0.0666130952380953, -0.0412488152928473, 
    -0.0676541740399546, -0.0684401347672787, -0.0658542651065548, 
    -0.0635100487634078, -0.0456951950821136, -0.0907872274778133, 
    -0.0636906083607648, -0.0666130952380953, -0.0836237883496469, 
    -0.0697630359105421, -0.0440907184969707, -0.0682043103118853, 
    -0.03891259587305, -0.0817535354809933, -0.0784546960860016, 
    -0.0658300774117876, -0.0752829227952668, -0.0779814690226787, 
    -0.0652229621440562, -0.0653217336824808, -0.0619794815747062, 
    -0.0666130952380953, -0.0559227797583559, -0.0677928735046156, 
    -0.0602084753806016, -0.0570080598717882, -0.0665565455291185, 
    -0.0759356247135497, -0.0637179576160939, -0.0792534204824234, 
    -0.0639618166693755, -0.0626111310655744, -0.0691412259478218, 
    -0.0761846958756503, -0.07399244016954, -0.0463200619761424, 
    -0.0892185440965891, -0.0796455569166939, -0.0688303805150828, 
    -0.0666130952380953, -0.0744091525094389, -0.0714770992389713, 
    -0.085062927699904, -0.0679588709943958, -0.067218899154453, 
    -0.0542877106260117, -0.069205681814566, -0.0828282670360625, 
    -0.0615882672602742, -0.0687182761276621, -0.0522071079644437, 
    -0.0452699802485685, -0.0710343561928534, -0.0565560886957519, 
    -0.0733727660541775, -0.0555256904298984, -0.0741783991517803, 
    -0.0683681521478436, -0.0646385369399717, -0.0540681783296918, 
    -0.071043000684588, -0.0709742805401812, -0.14210423926219, 
    -0.0791248783574383, -0.0717515481264498, -0.0663038362400805, 
    -0.0531112036348655, -0.0787554180644748, -0.0752007126060535, 
