run_x <-
structure(list(lm_df = structure(list(term = c("maxima_sc", "stretch_sc", 
"x_max_sc", "x_min_sc"), coef = c(0.0394306325568309, 0.0568840037698542, 
-0.00987652184189153, -0.0111670501625431), p_value = c(0.0922149574249666, 
0.00213641842176328, 0.178316908803792, 0.0333947301797593), 
    rand_var = c(2.62601207244567, 2.62601207244567, 2.62601207244567, 
    2.62601207244567), mean_rand = c(0.952595154025343, 0.952595154025343, 
    0.952595154025343, 0.952595154025343), sim_n = c(66L, 66L, 
    66L, 66L)), .Names = c("term", "coef", "p_value", "rand_var", 
"mean_rand", "sim_n"), class = c("tbl_df", "tbl", "data.frame"
), row.names = c(NA, -4L)), lasso_df = structure(list(var = c("maxima", 
"stretch", "x_max", "x_min"), mean = c(0.248537648097605, 0.135972162076126, 
-0.114192720460413, -0.232981166828032), prop = c(0.0725, 0.215, 
0.0125, 0.0425), rand_var = c(2.62601207244567, 2.62601207244567, 
2.62601207244567, 2.62601207244567), mean_rand = c(0.952595154025343, 
0.952595154025343, 0.952595154025343, 0.952595154025343), sim_n = c(66L, 
66L, 66L, 66L)), .Names = c("var", "mean", "prop", "rand_var", 
"mean_rand", "sim_n"), class = c("tbl_df", "tbl", "data.frame"
), row.names = c(NA, -4L)), summ_stan_df = structure(list(shape1 = 3.6668053047051, 
    shape2 = 2.90381616737781, stretch = 1.25244441208647, x_min = -1.00209025985484, 
    x_max = 4.70313853549769, maxima = 2.96723859005738, rep = 66L), .Names = c("shape1", 
"shape2", "stretch", "x_min", "x_max", "maxima", "rep"), class = c("tbl_df", 
"tbl", "data.frame"), row.names = c(NA, -1L))), .Names = c("lm_df", 
"lasso_df", "summ_stan_df"))
run_x <-
structure(list(lm_df = structure(list(term = c("maxima_sc", "stretch_sc", 
"x_max_sc", "x_min_sc"), coef = c(0.0394306325568309, 0.0568840037698542, 
-0.00987652184189153, -0.0111670501625431), p_value = c(0.0922149574249666, 
0.00213641842176328, 0.178316908803792, 0.0333947301797593), 
    rand_var = c(2.62601207244567, 2.62601207244567, 2.62601207244567, 
    2.62601207244567), mean_rand = c(0.952595154025343, 0.952595154025343, 
    0.952595154025343, 0.952595154025343), sim_n = c(66L, 66L, 
    66L, 66L)), .Names = c("term", "coef", "p_value", "rand_var", 
"mean_rand", "sim_n"), class = c("tbl_df", "tbl", "data.frame"
), row.names = c(NA, -4L)), lasso_df = structure(list(var = c("maxima", 
"stretch", "x_max", "x_min"), mean = c(0.248537648097605, 0.135972162076126, 
-0.114192720460413, -0.232981166828032), prop = c(0.0725, 0.215, 
0.0125, 0.0425), rand_var = c(2.62601207244567, 2.62601207244567, 
2.62601207244567, 2.62601207244567), mean_rand = c(0.952595154025343, 
0.952595154025343, 0.952595154025343, 0.952595154025343), sim_n = c(66L, 
66L, 66L, 66L)), .Names = c("var", "mean", "prop", "rand_var", 
"mean_rand", "sim_n"), class = c("tbl_df", "tbl", "data.frame"
), row.names = c(NA, -4L)), summ_stan_df = structure(list(shape1 = 3.6668053047051, 
    shape2 = 2.90381616737781, stretch = 1.25244441208647, x_min = -1.00209025985484, 
    x_max = 4.70313853549769, maxima = 2.96723859005738, rep = 66L), .Names = c("shape1", 
"shape2", "stretch", "x_min", "x_max", "maxima", "rep"), class = c("tbl_df", 
"tbl", "data.frame"), row.names = c(NA, -1L))), .Names = c("lm_df", 
"lasso_df", "summ_stan_df"))
run_x <-
structure(list(lasso_df = structure(list(var = c("maxima", "stretch", 
"x_max", "x_min"), mean = c(0.655785883082405, 0.063000212556431, 
-0.160521219769148, 0.1016695150803), prop = c(0.2775, 0.2775, 
0.0075, 0.235), rand_var = c(2.62601207244567, 2.62601207244567, 
2.62601207244567, 2.62601207244567), mean_rand = c(0.952595154025343, 
0.952595154025343, 0.952595154025343, 0.952595154025343), sim_n = c(66L, 
66L, 66L, 66L)), .Names = c("var", "mean", "prop", "rand_var", 
"mean_rand", "sim_n"), class = c("tbl_df", "tbl", "data.frame"
), row.names = c(NA, -4L)), lasso_depth = structure(list(draw = 1:400, 
    `(Intercept)` = c(-0.0480584342958826, -0.0496138263698505, 
    -0.0415013675880833, -0.0426836631261067, -0.0407492546764453, 
    -0.0526564443077681, -0.0477431473374494, -0.0372541020843811, 
    -0.0449086690537848, -0.0414407886297002, -0.0481742930028849, 
    -0.0407326963736366, -0.0500599445476339, -0.0438281588172444, 
    -0.0486802710399072, -0.0468834754284525, -0.0652614976090235, 
    -0.0430355410700242, -0.0454265605688936, -0.0429610324113637, 
    -0.0467216648363262, -0.0437640910615141, -0.0510665497338018, 
    -0.0419799375119785, -0.0393400491819342, -0.046057278409282, 
    -0.0582254592209658, -0.0453202545484413, -0.0394013197375702, 
    -0.0476086975011186, -0.0706481941475419, -0.0436523043496364, 
    -0.0568744729589407, -0.0503628422370214, -0.0421332514369614, 
    -0.0464139781455503, -0.0454508970556454, -0.0625819068718313, 
    -0.0439366451769337, -0.0579045839159308, -0.0512697055801793, 
    -0.0415660077300218, -0.0469096533717959, -0.0584085665686224, 
    -0.0569197821235299, -0.0399855259082169, -0.049779371013263, 
    -0.0439657606796426, -0.0481816115995351, -0.0453181958214597, 
    -0.0428451142556876, -0.0452486481917418, -0.0561184088424661, 
    -0.0565284159908693, -0.0438340889094612, -0.0608100125504259, 
    -0.0447514406470167, -0.0376574434066484, -0.0426672085105681, 
    -0.0449947541286082, -0.046899071557111, -0.0431681061143492, 
    -0.0429079562194253, -0.040524494136949, -0.0498441605013114, 
    -0.0437207458262121, -0.0504915907293258, -0.0666130952380953, 
    -0.0552539807444547, -0.0545737647693412, -0.0484952990956218, 
    -0.0484062431825032, -0.0445858270955024, -0.0482656776976167, 
    -0.0440951184751938, -0.0419619448305237, -0.0574864822608545, 
    -0.0408063027384227, -0.0445985770896243, -0.0454974954273355, 
    -0.035344888800204, -0.0452164467032616, -0.0453193496479997, 
    -0.0523424236796261, -0.060421912266742, -0.0514142310740821, 
    -0.0509841135527823, -0.0504770458775916, -0.0438008905631067, 
    -0.0499995558925891, -0.0500085114179088, -0.0470426883617265, 
    -0.0383263928237962, -0.0646124504939224, -0.0384083597987903, 
    -0.0509006184099297, -0.059437435256818, -0.0416434556288683, 
    -0.044087301154122, -0.0439985065625082, -0.0523617183468265, 
    -0.0580112596547464, -0.0568818699847617, -0.0634140098705955, 
    -0.0471408636670047, -0.0655077071908872, -0.0412062162560106, 
    -0.0666130952380953, -0.0783187588312728, -0.0513134734501391, 
    -0.130796285657035, -0.0741173468905651, -0.0558345114737226, 
    -0.246940888156603, -0.092372498733893, -0.0543896323397845, 
    -0.194053248227516, -0.0573807603222347, -0.0607670219964134, 
    -0.0625255528332473, -0.13491392753145, -0.0558931297229124, 
    -0.188172043768055, -0.126757684058163, -0.0667558982790899, 
    -0.0883244787462825, -0.0487657199624262, -0.111149654788356, 
    -0.190171484945855, -0.0602896972972104, -0.104712308560232, 
    -0.0563073625611525, -0.067546651032967, -0.189554815716404, 
    -0.313660619731786, -0.127444409419895, -0.0600746651051799, 
    -0.0527770096962462, -0.101644073169402, -0.0668648874183834, 
    -0.0624667552906867, -0.0611231173558264, -0.0628581291085495, 
    -0.144258849019126, -0.0637660366846497, -0.0586715011536497, 
    -0.072054342211946, -0.100649027346086, -0.239812934073092, 
    -0.0505177945624771, -0.0995521932280278, -0.23681767457882, 
    -0.053791382542603, -0.0453510921766778, -0.0598641857186728, 
    -0.119985126659005, -0.125865217340375, -0.0531480797500984, 
    -0.0593925923996049, -0.0615451701784302, -0.0701419660995569, 
    -0.0713941171763968, -0.0933042208666263, -0.0474912508490823, 
    -0.140654630173138, -0.0596860828832246, -0.0983745559486691, 
    -0.0567992981682157, -0.0666130952380953, -0.050675839076449, 
    -0.197478050125701, -0.150484911828917, -0.102925395416124, 
    -0.0914627369203134, -0.0651741695894721, -0.161084732490674, 
    -0.157343610325779, -0.0674014910906256, -0.0880838425447295, 
    -0.0666130952380953, -0.190987457079245, -0.0585793303062793, 
