run_x <-
structure(list(lm_df = structure(list(term = c("maxima_sc", "stretch_sc", 
"x_max_sc", "x_min_sc"), coef = c(0.0495925017743518, 0.0707290944891291, 
-0.00636734738251587, -0.0126758776407411), p_value = c(0.0120799146566547, 
0.00127220916676257, 0.254640084161074, 0.0997347179415873), 
    rand_var = c(0.285334154453139, 0.285334154453139, 0.285334154453139, 
    0.285334154453139), mean_rand = c(0.153968211895102, 0.153968211895102, 
    0.153968211895102, 0.153968211895102), sim_n = c(8L, 8L, 
    8L, 8L)), .Names = c("term", "coef", "p_value", "rand_var", 
"mean_rand", "sim_n"), class = c("tbl_df", "tbl", "data.frame"
), row.names = c(NA, -4L)), lasso_df = structure(list(var = c("maxima", 
"stretch", "x_max", "x_min"), mean = c(0.0796628711167294, 0.224934077294826, 
-0.0294059180498972, 0.0132900157827909), prop = c(0.0625, 0.1975, 
0.005, 0.0175), rand_var = c(0.285334154453139, 0.285334154453139, 
0.285334154453139, 0.285334154453139), mean_rand = c(0.153968211895102, 
0.153968211895102, 0.153968211895102, 0.153968211895102), sim_n = c(8L, 
8L, 8L, 8L)), .Names = c("var", "mean", "prop", "rand_var", "mean_rand", 
"sim_n"), class = c("tbl_df", "tbl", "data.frame"), row.names = c(NA, 
-4L)), summ_stan_df = structure(list(shape1 = 3.51479057747131, 
    shape2 = 3.20469124746862, stretch = 1.0722643465082, x_min = -0.745972808813363, 
    x_max = 4.82660424566708, maxima = 2.99909735007522, rep = 8L), .Names = c("shape1", 
"shape2", "stretch", "x_min", "x_max", "maxima", "rep"), class = c("tbl_df", 
"tbl", "data.frame"), row.names = c(NA, -1L))), .Names = c("lm_df", 
"lasso_df", "summ_stan_df"))
