run_x <-
structure(list(lm_df = structure(list(term = c("maxima_sc", "stretch_sc", 
"x_max_sc", "x_min_sc"), coef = c(0.0177602458261061, 0.0585874887360213, 
-0.0145264192032132, -0.0106846587195757), p_value = c(0.328229918143839, 
0.00588835955527922, 0.371984164868883, 0.408253341177088), rand_var = c(3.06092744820441, 
3.06092744820441, 3.06092744820441, 3.06092744820441), mean_rand = c(-1.06980592823611, 
-1.06980592823611, -1.06980592823611, -1.06980592823611), sim_n = c(77L, 
77L, 77L, 77L)), .Names = c("term", "coef", "p_value", "rand_var", 
"mean_rand", "sim_n"), class = c("tbl_df", "tbl", "data.frame"
), row.names = c(NA, -4L)), lasso_df = structure(list(var = c("maxima", 
"stretch", "x_max", "x_min"), mean = c(0.450186222647215, 0.695755562127852, 
-0.180309038968156, 0.189618752764232), prop = c(0.1025, 0.52, 
0.01, 0.13), rand_var = c(3.06092744820441, 3.06092744820441, 
3.06092744820441, 3.06092744820441), mean_rand = c(-1.06980592823611, 
-1.06980592823611, -1.06980592823611, -1.06980592823611), sim_n = c(77L, 
77L, 77L, 77L)), .Names = c("var", "mean", "prop", "rand_var", 
"mean_rand", "sim_n"), class = c("tbl_df", "tbl", "data.frame"
), row.names = c(NA, -4L)), summ_stan_df = structure(list(shape1 = 3.00291361306838, 
    shape2 = 5.37051910181472, stretch = 0.887148269562641, x_min = 0.441552125167288, 
    x_max = 1.97727595652387, maxima = 1.23420336671476, rep = 77L), .Names = c("shape1", 
"shape2", "stretch", "x_min", "x_max", "maxima", "rep"), class = c("tbl_df", 
"tbl", "data.frame"), row.names = c(NA, -1L))), .Names = c("lm_df", 
"lasso_df", "summ_stan_df"))
run_x <-
structure(list(lm_df = structure(list(term = c("maxima_sc", "stretch_sc", 
"x_max_sc", "x_min_sc"), coef = c(0.0177602458261061, 0.0585874887360213, 
-0.0145264192032132, -0.0106846587195757), p_value = c(0.328229918143839, 
0.00588835955527922, 0.371984164868883, 0.408253341177088), rand_var = c(3.06092744820441, 
3.06092744820441, 3.06092744820441, 3.06092744820441), mean_rand = c(-1.06980592823611, 
-1.06980592823611, -1.06980592823611, -1.06980592823611), sim_n = c(77L, 
77L, 77L, 77L)), .Names = c("term", "coef", "p_value", "rand_var", 
"mean_rand", "sim_n"), class = c("tbl_df", "tbl", "data.frame"
), row.names = c(NA, -4L)), lasso_df = structure(list(var = c("maxima", 
"stretch", "x_max", "x_min"), mean = c(0.450186222647215, 0.695755562127852, 
-0.180309038968156, 0.189618752764232), prop = c(0.1025, 0.52, 
0.01, 0.13), rand_var = c(3.06092744820441, 3.06092744820441, 
3.06092744820441, 3.06092744820441), mean_rand = c(-1.06980592823611, 
-1.06980592823611, -1.06980592823611, -1.06980592823611), sim_n = c(77L, 
77L, 77L, 77L)), .Names = c("var", "mean", "prop", "rand_var", 
"mean_rand", "sim_n"), class = c("tbl_df", "tbl", "data.frame"
), row.names = c(NA, -4L)), summ_stan_df = structure(list(shape1 = 3.00291361306838, 
    shape2 = 5.37051910181472, stretch = 0.887148269562641, x_min = 0.441552125167288, 
    x_max = 1.97727595652387, maxima = 1.23420336671476, rep = 77L), .Names = c("shape1", 
"shape2", "stretch", "x_min", "x_max", "maxima", "rep"), class = c("tbl_df", 
"tbl", "data.frame"), row.names = c(NA, -1L))), .Names = c("lm_df", 
"lasso_df", "summ_stan_df"))
run_x <-
structure(list(lasso_df = structure(list(var = c("maxima", "stretch", 
"x_max", "x_min"), mean = c(0.262129086049557, 0.6682620358382, 
-0.311870893881347, 0.0624394726590927), prop = c(0.11, 0.49, 
0.0125, 0.135), rand_var = c(3.06092744820441, 3.06092744820441, 
3.06092744820441, 3.06092744820441), mean_rand = c(-1.06980592823611, 
-1.06980592823611, -1.06980592823611, -1.06980592823611), sim_n = c(77L, 
77L, 77L, 77L)), .Names = c("var", "mean", "prop", "rand_var", 
"mean_rand", "sim_n"), class = c("tbl_df", "tbl", "data.frame"
), row.names = c(NA, -4L)), lasso_depth = structure(list(draw = 1:400, 
    `(Intercept)` = c(-0.0798686421955503, -0.0530741749194098, 
    -0.057052597035858, -0.0647617527517844, -0.0660695781957326, 
    -0.0685670720263835, -0.061903506927797, -0.0680812576326582, 
    -0.0710265186416074, -0.0666130952380953, -0.063654379089779, 
    -0.0624248203183934, -0.0502395695693183, -0.0614075528394603, 
    -0.0573990403922685, -0.0822520361271876, -0.0705868563361254, 
    -0.0583295726316011, -0.0578058570532876, -0.0664745948377495, 
    -0.0666130952380953, -0.064034582447174, -0.0619074826768015, 
    -0.0666837635238415, -0.0621541975424902, -0.0736265474927486, 
    -0.0632228939040439, -0.0535553773024345, -0.0810435200260805, 
    -0.0595005688429621, -0.0580995665426116, -0.0677789669859273, 
    -0.0695176307651339, -0.0644503262711542, -0.0636594573727783, 
    -0.063181182384976, -0.0577129893668357, -0.0583830642449995, 
    -0.0666130952380953, -0.0608741014862477, -0.0678934429687408, 
    -0.0745110979076993, -0.0786978567405449, -0.0625086835182212, 
    -0.0657059210730694, -0.0678661550480962, -0.062775309488237, 
    -0.0666130952380953, -0.0633733875543809, -0.0714153957560696, 
    -0.0748530259931081, -0.0563127732407514, -0.0676203361654663, 
    -0.0666130952380953, -0.0633629930705861, -0.0659630883685201, 
    -0.0722880356038402, -0.069119976826036, -0.0666130952380953, 
    -0.068560777290759, -0.0291761560980353, -0.0426471052239315, 
    -0.0641607219724586, -0.0698658118041682, -0.059627143273977, 
    -0.0693856667082702, -0.0686321687273111, -0.0666130952380953, 
    -0.0666130952380953, -0.0556366078055872, -0.0726953694384845, 
    -0.0668146137725364, -0.059880508389865, -0.0618198222348807, 
    -0.0653311616936241, -0.0666130952380953, -0.0666130952380953, 
    -0.0663158605855681, -0.0644500445705911, -0.0567860339267127, 
    -0.0716975381900342, -0.060802465528458, -0.0658231705473187, 
    -0.0703408439886044, -0.0666172419619822, -0.0646603307108239, 
    -0.074189307339895, -0.0666130952380953, -0.0715250311261621, 
    -0.0649304472303325, -0.0615828900468761, -0.0777381191016502, 
    -0.0673114323741519, -0.0613734642251628, -0.0636205083010092, 
    -0.0676866846779685, -0.0701553744388907, -0.0549098920569897, 
    -0.0666130952380953, -0.0666130952380953, -0.0636951296074695, 
    -0.0795103992330115, -0.0680581859682945, -0.067350069115769, 
    -0.0666130952380953, -0.0568270348909091, -0.0636391798970655, 
    -0.0682080433684828, -0.062432013187398, -0.0529444209535101, 
    -0.0638559634283226, -0.06831564302345, -0.0633757880264475, 
    -0.0699746811210241, -0.0434601392770113, -0.0467023757098701, 
    -0.0668323938137143, -0.058846614695272, -0.0670131161923676, 
    -0.0666130952380953, -0.0562805870695987, -0.26846704925563, 
    -0.0479319046177372, -0.0666130952380953, -0.0695324320398228, 
    -0.0592945368202306, -0.052010774422554, -0.061385114134219, 
    -0.0666130952380953, -0.0615892619603062, -0.0666130952380953, 
    -0.0533430379812666, -0.066106982151735, -0.0718539388247819, 
    -0.0607787721069909, -0.0687439699128675, -0.0481321749667243, 
    -0.0596479656463169, -0.0595592120287268, -0.0389731114195436, 
    -0.0666734938328874, -0.0572054780595376, -0.058471896910515, 
    -0.0605670446323856, -0.0676641856260904, -0.0624167028381265, 
    -0.0666130952380953, -0.0612201739496487, -0.059771233648919, 
    -0.0560764034294539, -0.0633194141592996, -0.0666130952380953, 
    -0.0666794570057335, -0.0579936816911718, -0.0737267069432365, 
    -0.0608462293675907, -0.0661762176908741, -0.0577133385184165, 
    -0.00654581840872874, -0.0666130952380953, -0.0719694191082846, 
    -0.0692694594579379, -0.0726766686894242, -0.0763657974914642, 
    -0.0452050394620036, -0.0666130952380953, -0.0666130952380953, 
    -0.0690513311979078, -0.0727628528708228, -0.0444871554041514, 
    -0.0601421519207342, -0.0610703098033316, -0.0638569479664826, 
    -0.0665057556423757, -0.0575706006208559, -0.0547618172931983, 
    -0.0636119835242261, -0.0549274362113768, -0.0478640403117061, 
    -0.0588638328203999, -0.0666130952380953, -0.0707950968551733, 
