run_x <-
structure(list(lm_df = structure(list(term = c("maxima_sc", "stretch_sc", 
"x_max_sc", "x_min_sc"), coef = c(0.034693490133426, 0.057345400928966, 
-0.0149244945986253, -0.0293557892294848), p_value = c(0.0303765186192226, 
0.00376041160965769, 0.100759249183293, 0.0542687836960507), 
    rand_var = c(0.729410705048873, 0.729410705048873, 0.729410705048873, 
    0.729410705048873), mean_rand = c(-0.244088364662764, -0.244088364662764, 
    -0.244088364662764, -0.244088364662764), sim_n = c(19L, 19L, 
    19L, 19L)), .Names = c("term", "coef", "p_value", "rand_var", 
"mean_rand", "sim_n"), class = c("tbl_df", "tbl", "data.frame"
), row.names = c(NA, -4L)), lasso_df = structure(list(var = c("maxima", 
"stretch", "x_max", "x_min"), mean = c(0.225252380263272, 0.122370118963015, 
-0.00443006016777057, -0.204738362430189), prop = c(0.14, 0.085, 
0.0675, 0.0075), rand_var = c(0.729410705048873, 0.729410705048873, 
0.729410705048873, 0.729410705048873), mean_rand = c(-0.244088364662764, 
-0.244088364662764, -0.244088364662764, -0.244088364662764), 
    sim_n = c(19L, 19L, 19L, 19L)), .Names = c("var", "mean", 
"prop", "rand_var", "mean_rand", "sim_n"), class = c("tbl_df", 
"tbl", "data.frame"), row.names = c(NA, -4L)), summ_stan_df = structure(list(
    shape1 = 3.42293932624954, shape2 = 3.84484237020213, stretch = 0.875102988889356, 
    x_min = -0.290537354565167, x_max = 4.21840337735747, maxima = 2.42722456260872, 
    rep = 19L), .Names = c("shape1", "shape2", "stretch", "x_min", 
"x_max", "maxima", "rep"), class = c("tbl_df", "tbl", "data.frame"
), row.names = c(NA, -1L))), .Names = c("lm_df", "lasso_df", 
"summ_stan_df"))
run_x <-
structure(list(lm_df = structure(list(term = c("maxima_sc", "stretch_sc", 
"x_max_sc", "x_min_sc"), coef = c(0.034693490133426, 0.057345400928966, 
-0.0149244945986253, -0.0293557892294848), p_value = c(0.0303765186192226, 
0.00376041160965769, 0.100759249183293, 0.0542687836960507), 
    rand_var = c(0.729410705048873, 0.729410705048873, 0.729410705048873, 
    0.729410705048873), mean_rand = c(-0.244088364662764, -0.244088364662764, 
    -0.244088364662764, -0.244088364662764), sim_n = c(19L, 19L, 
    19L, 19L)), .Names = c("term", "coef", "p_value", "rand_var", 
"mean_rand", "sim_n"), class = c("tbl_df", "tbl", "data.frame"
), row.names = c(NA, -4L)), lasso_df = structure(list(var = c("maxima", 
"stretch", "x_max", "x_min"), mean = c(0.225252380263272, 0.122370118963015, 
-0.00443006016777057, -0.204738362430189), prop = c(0.14, 0.085, 
0.0675, 0.0075), rand_var = c(0.729410705048873, 0.729410705048873, 
0.729410705048873, 0.729410705048873), mean_rand = c(-0.244088364662764, 
-0.244088364662764, -0.244088364662764, -0.244088364662764), 
    sim_n = c(19L, 19L, 19L, 19L)), .Names = c("var", "mean", 
"prop", "rand_var", "mean_rand", "sim_n"), class = c("tbl_df", 
"tbl", "data.frame"), row.names = c(NA, -4L)), summ_stan_df = structure(list(
    shape1 = 3.42293932624954, shape2 = 3.84484237020213, stretch = 0.875102988889356, 
    x_min = -0.290537354565167, x_max = 4.21840337735747, maxima = 2.42722456260872, 
    rep = 19L), .Names = c("shape1", "shape2", "stretch", "x_min", 
"x_max", "maxima", "rep"), class = c("tbl_df", "tbl", "data.frame"
), row.names = c(NA, -1L))), .Names = c("lm_df", "lasso_df", 
"summ_stan_df"))
run_x <-
structure(list(lasso_df = structure(list(var = c("maxima", "stretch", 
"x_max", "x_min"), mean = c(0.228642708958414, 0.0422113584482163, 
-0.0805218887962687, -0.248666991178345), prop = c(0.14, 0.0675, 
0.0425, 0.0025), rand_var = c(0.729410705048873, 0.729410705048873, 
0.729410705048873, 0.729410705048873), mean_rand = c(-0.244088364662764, 
-0.244088364662764, -0.244088364662764, -0.244088364662764), 
    sim_n = c(19L, 19L, 19L, 19L)), .Names = c("var", "mean", 
"prop", "rand_var", "mean_rand", "sim_n"), class = c("tbl_df", 
"tbl", "data.frame"), row.names = c(NA, -4L)), lasso_depth = structure(list(
    draw = 1:400, `(Intercept)` = c(-0.0795346626232657, -0.0661612863933762, 
    -0.0381907411767562, -0.0606439572579447, -0.061699824764483, 
    -0.0680770366990014, -0.0583002582168738, -0.0398613604144077, 
    -0.0664249600422933, -0.0666130952380953, -0.0728851789333392, 
    -0.0565753076617983, -0.0263704488546445, -0.0276724382428979, 
    -0.0666130952380953, -0.0495757009051495, -0.0666130952380953, 
    -0.100474415036952, -0.0634170151442252, -0.0569905564018099, 
    -0.047766371421436, -0.0622071643898382, -0.0482098086088377, 
    -0.0669431399125604, -0.0470026183169836, -0.0666130952380953, 
    -0.0657663410564425, -0.0675417534215038, -0.0275508244430734, 
    -0.05777351958393, -0.0639911536212527, -0.0478855761694209, 
    -0.0238509433244067, -0.0502856412615233, -0.0713682689952586, 
    -0.0819151735901638, -0.0480238491432251, -0.0677371758002009, 
    -0.0620165613162061, -0.0358425676290998, -0.0514242164974648, 
    -0.0680425791822475, -0.063358861236297, -0.0636456388087307, 
    -0.0666130952380953, -0.0559956671283215, -0.0666130952380953, 
    -0.0552147952217209, -0.052370025775588, -0.0507699513621457, 
    -0.0672453072928924, -0.0558424515569456, -0.0666130952380953, 
    -0.0826730287827981, 0.0381846937141718, -0.0228770915021076, 
    -0.0735104588447308, -0.0664981107040813, -0.0637539610282385, 
    -0.0568662418157412, -0.0666130952380953, -0.04702956336355, 
    -0.0499611153522867, -0.0544136688561446, -0.0540333377343902, 
    -0.0608141948956266, -0.0518715408873428, -0.0794270680143818, 
    -0.0540947735536335, -0.0789572218490566, -0.0666130952380953, 
    -0.0471165014286687, -0.0535750844509035, -0.034513967474728, 
    -0.0666130952380953, -0.0639402707926924, -0.0589305791665983, 
    -0.0667267130776145, -0.0666130952380953, -0.0458660433118554, 
    -0.0542468105218119, -0.0379954430099532, -0.0503720733644653, 
    -0.0666130952380953, -0.067676597796969, -0.0698893354202141, 
    -0.0552909880354944, -0.0400367734605035, -0.0640578487626137, 
    -0.0835136505898321, -0.0360749526597535, -0.0539639099082904, 
    -0.0708509693053771, -0.0666130952380953, -0.052550918043227, 
    -0.038945745243231, -0.0666130952380953, -0.0666130952380953, 
    -0.0509817064133104, -0.0666130952380953, -0.0356306003267481, 
    -0.030931658632381, -0.05304058304372, -0.0494520491750401, 
    -0.0605174044614219, -0.0540398573481876, -0.0724014764391353, 
    -0.0684496014741791, -0.0532107852959647, -0.0653992456775793, 
    -0.0666130952380953, -0.076438757928497, -0.0666540524495505, 
    -0.0712197528187214, -0.040181524748575, -0.0666130952380953, 
    -0.0666130952380953, -0.0599643615841559, -0.0347137396977358, 
    -0.0666130952380953, -0.0608678394162264, -0.0550918152778081, 
    -0.0729486820042197, -0.0388695789675835, -0.0553714556396042, 
    -0.0814920283532821, -0.0595844875563645, -0.0699038505808488, 
    -0.0666130952380953, -0.0324895494850633, -0.0699176942909168, 
    -0.0602623538578914, -0.0498445738556764, -0.0794702515080465, 
    -0.0398820578288749, -0.0632972804658623, -0.0666130952380953, 
    -0.0528602127543081, -0.0603474993361785, -0.0690718227733141, 
    -0.083940460324789, -0.0666130952380953, -0.0770580549046008, 
    -0.0666130952380953, -0.0691989905890757, -0.0659606439976887, 
    -0.0885717371557124, -0.0666130952380953, -0.0687360127891334, 
    -0.0666130952380953, -0.0686851796983052, -0.0666130952380953, 
    -0.0501500002075355, -0.0666130952380953, -0.061207557368645, 
    -0.0643768571807966, -0.0618588791785609, -0.0612185300413556, 
    -0.0559309083021683, -0.0666130952380953, -0.0558250890413398, 
    -0.0573399880979443, -0.07231532569595, -0.0658676954457459, 
    -0.0571495786470159, -0.0666130952380953, -0.0607163514977559, 
    -0.0562824499653379, -0.063357731751754, -0.0731166765925707, 
    -0.0666130952380953, -0.069873365829603, -0.0693898981175836, 
    -0.0706862218193341, -0.0547015111300062, -0.0609767593499152, 
