run_x <-
structure(list(lm_df = structure(list(term = c("maxima_sc", "stretch_sc", 
"x_max_sc", "x_min_sc"), coef = c(-0.000541069783383579, 0.0642110620413432, 
0.00462206838130554, -0.0212057777142638), p_value = c(0.065101494364963, 
0.00128151701448777, 0.227481774630611, 0.143694908598731), rand_var = c(3.2068976778052, 
3.2068976778052, 3.2068976778052, 3.2068976778052), mean_rand = c(-1.1172086617325, 
-1.1172086617325, -1.1172086617325, -1.1172086617325), sim_n = c(80L, 
80L, 80L, 80L)), .Names = c("term", "coef", "p_value", "rand_var", 
"mean_rand", "sim_n"), class = c("tbl_df", "tbl", "data.frame"
), row.names = c(NA, -4L)), lasso_df = structure(list(var = c("maxima", 
"stretch", "x_max", "x_min"), mean = c(0.128900524522431, 0.581263549982267, 
-0.183097106039547, -0.0882420186980063), prop = c(0.0825, 0.445, 
0.015, 0.065), rand_var = c(3.2068976778052, 3.2068976778052, 
3.2068976778052, 3.2068976778052), mean_rand = c(-1.1172086617325, 
-1.1172086617325, -1.1172086617325, -1.1172086617325), sim_n = c(80L, 
80L, 80L, 80L)), .Names = c("var", "mean", "prop", "rand_var", 
"mean_rand", "sim_n"), class = c("tbl_df", "tbl", "data.frame"
), row.names = c(NA, -4L)), summ_stan_df = structure(list(shape1 = 3.09464736193445, 
    shape2 = 5.16455177240859, stretch = 1.13764485474611, x_min = 0.318207292542289, 
    x_max = 1.87604144790247, maxima = 1.14327958867062, rep = 80L), .Names = c("shape1", 
"shape2", "stretch", "x_min", "x_max", "maxima", "rep"), class = c("tbl_df", 
"tbl", "data.frame"), row.names = c(NA, -1L))), .Names = c("lm_df", 
"lasso_df", "summ_stan_df"))
run_x <-
structure(list(lm_df = structure(list(term = c("maxima_sc", "stretch_sc", 
"x_max_sc", "x_min_sc"), coef = c(-0.000541069783383579, 0.0642110620413432, 
0.00462206838130554, -0.0212057777142638), p_value = c(0.065101494364963, 
0.00128151701448777, 0.227481774630611, 0.143694908598731), rand_var = c(3.2068976778052, 
3.2068976778052, 3.2068976778052, 3.2068976778052), mean_rand = c(-1.1172086617325, 
-1.1172086617325, -1.1172086617325, -1.1172086617325), sim_n = c(80L, 
80L, 80L, 80L)), .Names = c("term", "coef", "p_value", "rand_var", 
"mean_rand", "sim_n"), class = c("tbl_df", "tbl", "data.frame"
), row.names = c(NA, -4L)), lasso_df = structure(list(var = c("maxima", 
"stretch", "x_max", "x_min"), mean = c(0.128900524522431, 0.581263549982267, 
-0.183097106039547, -0.0882420186980063), prop = c(0.0825, 0.445, 
0.015, 0.065), rand_var = c(3.2068976778052, 3.2068976778052, 
3.2068976778052, 3.2068976778052), mean_rand = c(-1.1172086617325, 
-1.1172086617325, -1.1172086617325, -1.1172086617325), sim_n = c(80L, 
80L, 80L, 80L)), .Names = c("var", "mean", "prop", "rand_var", 
"mean_rand", "sim_n"), class = c("tbl_df", "tbl", "data.frame"
), row.names = c(NA, -4L)), summ_stan_df = structure(list(shape1 = 3.09464736193445, 
    shape2 = 5.16455177240859, stretch = 1.13764485474611, x_min = 0.318207292542289, 
    x_max = 1.87604144790247, maxima = 1.14327958867062, rep = 80L), .Names = c("shape1", 
"shape2", "stretch", "x_min", "x_max", "maxima", "rep"), class = c("tbl_df", 
"tbl", "data.frame"), row.names = c(NA, -1L))), .Names = c("lm_df", 
"lasso_df", "summ_stan_df"))
run_x <-
structure(list(lasso_df = structure(list(var = c("maxima", "stretch", 
"x_max", "x_min"), mean = c(0.129744715768752, 0.402910140861078, 
-0.125999168722787, -0.0498548100407976), prop = c(0.09, 0.4625, 
0.0125, 0.0875), rand_var = c(3.2068976778052, 3.2068976778052, 
3.2068976778052, 3.2068976778052), mean_rand = c(-1.1172086617325, 
-1.1172086617325, -1.1172086617325, -1.1172086617325), sim_n = c(80L, 
80L, 80L, 80L)), .Names = c("var", "mean", "prop", "rand_var", 
"mean_rand", "sim_n"), class = c("tbl_df", "tbl", "data.frame"
), row.names = c(NA, -4L)), lasso_depth = structure(list(draw = 1:400, 
    `(Intercept)` = c(-0.0763983394248233, -0.0688195534703076, 
    -0.0760903386655152, -0.0639783313759214, -0.0713557051684549, 
    -0.0666130952380953, -0.0659605548037279, -0.0646110381629332, 
    -0.0666130952380953, -0.0635740096013813, -0.0698539653799564, 
    -0.0956736428043512, -0.0618657470352701, -0.0698298599375387, 
    -0.0568943497194197, -0.0574820085380191, -0.0721779466367755, 
    -0.0847010625870683, -0.0902581618214458, -0.063925509110598, 
    -0.0587827181092964, -0.0665575841741917, -0.0471907965927631, 
    -0.0523568589217328, -0.0690872986305157, -0.0517311679133633, 
    -0.0847446083493829, -0.0536754293233357, -0.0551288109413138, 
    -0.0515289123798952, -0.0468417108277483, -0.0671344992736192, 
    -0.0531649170208752, -0.0347318590264385, -0.0655131751090532, 
    -0.0729143476959477, -0.0666130952380953, -0.0622452697899288, 
    -0.0576208200780658, -0.0725244252818058, -0.0726713377949452, 
    -0.0420369854112364, -0.0709857725373311, -0.0367777506860214, 
    -0.0721601715471027, -0.0630404875114891, -0.0676107263123596, 
    -0.0558000473842322, -0.0900062556878662, -0.0569985125344974, 
    -0.0686614195976828, -0.0666130952380953, -0.0666130952380953, 
    -0.0666130952380953, -0.0684329296213237, -0.0453663980012018, 
    -0.0554431466014538, -0.0594554743314744, -0.0666130952380953, 
    -0.0400269500838018, -0.0889259615121326, -0.0700964265348552, 
    -0.0540027160805926, -0.0713677246107871, -0.0666130952380953, 
    -0.0666130952380953, -0.0517649175716622, -0.0634776968458119, 
    -0.044132464609544, -0.0623882344778486, -0.0792477353849422, 
    -0.0624780259516099, -0.0589885194428345, -0.0722839291674239, 
    -0.0528726459446826, -0.0646702948949109, -0.0737119438044311, 
    -0.0563858557881975, -0.0696011926645248, -0.0645080652107288, 
    -0.0882153988123285, -0.0483882841466778, -0.0707299184731371, 
    -0.069883544292384, -0.0724947814256319, -0.0617414649031394, 
    -0.06309002002908, -0.0717371454130293, -0.0666130952380953, 
    -0.0667306886392227, -0.0457976995817564, -0.0737465415683324, 
    -0.0629883201535618, -0.0666130952380953, -0.0619904589900154, 
    -0.0560910089076379, -0.0690524035326738, -0.0666130952380953, 
    -0.066688039956948, -0.0666999272286845, -0.057817670852542, 
    -0.0431846280366982, -0.0399092068812941, -0.0640209632699599, 
    -0.07669421247319, -0.0649448562339005, -0.0908550194709447, 
    -0.0610150453670678, -0.062687898438755, -0.0677066324589731, 
    -0.0761499138635358, -0.0616768336030945, -0.0588941584194434, 
    -0.0680313179101892, -0.0731969855615022, -0.0652533630237764, 
    -0.00722127869745995, -0.0715889067119096, -0.0675481107642849, 
    -0.0691244906206404, -0.0553264259243194, -0.0682753064213051, 
    -0.0630434624792495, -0.0709360020871512, -0.0511433349712018, 
    -0.0800608996604675, -0.06361425631313, -0.0666130952380953, 
    -0.0666130952380953, -0.062854062779103, -0.0753382090922341, 
    -0.0701280415553137, -0.0526593690706291, -0.0716020619637483, 
    -0.0547540347895591, -0.0734431512320745, -0.0666130952380953, 
    -0.0660820190256753, -0.0719801977453325, -0.064664251773762, 
    -0.067768559812798, -0.056306476683271, -0.0390369133495212, 
    -0.0684719893925534, -0.0666130952380953, -0.0552254041722486, 
    -0.0626022759116421, -0.0675847498776671, -0.0585952540325655, 
    -0.0775759722490634, -0.0858734754738138, -0.045065612829147, 
    -0.0537592419575389, -0.0749195606993602, -0.0510122330563806, 
    -0.0827478106886247, -0.0541272085246697, -0.0522275673896836, 
    -0.0490770477258878, -0.0709298151939889, -0.0666484761072524, 
    -0.0143196789825103, -0.063202693585092, -0.0720594078771042, 
    -0.0673541732034497, -0.0318972220209153, -0.0741125333542219, 
    -0.0625354539856858, -0.0334629196456179, -0.0611255990741422, 
    -0.0716540675190208, -0.0919832092228093, -0.071432225367411, 
    -0.0663741462132423, -0.056427883237648, -0.0524951780090793, 
    -0.0666130952380953, -0.0525222005531629, -0.0606268137705881, 
    -0.0608880108237314, -0.0548011895295456, -0.0662838327461689, 
