run_x <-
structure(list(lm_df = structure(list(term = c("maxima_sc", "stretch_sc", 
"x_max_sc", "x_min_sc"), coef = c(0.0576085470720022, 0.082342430524876, 
-0.00879974689398574, -0.0228734006763702), p_value = c(0.0294228297621733, 
0.00421723327205393, 0.170262101767118, 0.0963719244894114), 
    rand_var = c(0.52756235028275, 0.52756235028275, 0.52756235028275, 
    0.52756235028275), mean_rand = c(0.269114777296712, 0.269114777296712, 
    0.269114777296712, 0.269114777296712), sim_n = c(14L, 14L, 
    14L, 14L)), .Names = c("term", "coef", "p_value", "rand_var", 
"mean_rand", "sim_n"), class = c("tbl_df", "tbl", "data.frame"
), row.names = c(NA, -4L)), lasso_df = structure(list(var = c("maxima", 
"stretch", "x_max", "x_min"), mean = c(0.237368598398251, 0.137309764068662, 
-0.25817350368597, -0.473646751624195), prop = c(0.0825, 0.145, 
0, 0), rand_var = c(0.52756235028275, 0.52756235028275, 0.52756235028275, 
0.52756235028275), mean_rand = c(0.269114777296712, 0.269114777296712, 
0.269114777296712, 0.269114777296712), sim_n = c(14L, 14L, 14L, 
14L)), .Names = c("var", "mean", "prop", "rand_var", "mean_rand", 
"sim_n"), class = c("tbl_df", "tbl", "data.frame"), row.names = c(NA, 
-4L)), summ_stan_df = structure(list(shape1 = 3.58154011631493, 
    shape2 = 3.16116713560979, stretch = 0.927412693496094, x_min = -0.413433057728128, 
    x_max = 4.63937315933275, maxima = 2.93987185013222, rep = 14L), .Names = c("shape1", 
"shape2", "stretch", "x_min", "x_max", "maxima", "rep"), class = c("tbl_df", 
"tbl", "data.frame"), row.names = c(NA, -1L))), .Names = c("lm_df", 
"lasso_df", "summ_stan_df"))
