run_x <-
structure(list(lm_df = structure(list(term = c("maxima_sc", "stretch_sc", 
"x_max_sc", "x_min_sc"), coef = c(-0.0136406044640526, 0.0287262872985568, 
-0.0319181866751144, -0.0458525240921533), p_value = c(0.35226425338396, 
0.0768353952022089, 0.271398938504543, 0.246105465108456), rand_var = c(3.23594922307636, 
3.23594922307636, 3.23594922307636, 3.23594922307636), mean_rand = c(-1.09394087614509, 
-1.09394087614509, -1.09394087614509, -1.09394087614509), sim_n = c(81L, 
81L, 81L, 81L)), .Names = c("term", "coef", "p_value", "rand_var", 
"mean_rand", "sim_n"), class = c("tbl_df", "tbl", "data.frame"
), row.names = c(NA, -4L)), lasso_df = structure(list(var = c("maxima", 
"stretch", "x_max", "x_min"), mean = c(0.00134051008171558, -0.0288962286363687, 
-0.144635528146029, -0.0470497085335486), prop = c(0.005, 0.0325, 
0, 0.0275), rand_var = c(3.23594922307636, 3.23594922307636, 
3.23594922307636, 3.23594922307636), mean_rand = c(-1.09394087614509, 
-1.09394087614509, -1.09394087614509, -1.09394087614509), sim_n = c(81L, 
81L, 81L, 81L)), .Names = c("var", "mean", "prop", "rand_var", 
"mean_rand", "sim_n"), class = c("tbl_df", "tbl", "data.frame"
), row.names = c(NA, -4L)), summ_stan_df = structure(list(shape1 = 3.87852425432261, 
    shape2 = 4.90001048603886, stretch = 1.05741006684134, x_min = 0.445380469018523, 
    x_max = 1.73986660929472, maxima = 1.22801729100681, rep = 81L), .Names = c("shape1", 
"shape2", "stretch", "x_min", "x_max", "maxima", "rep"), class = c("tbl_df", 
"tbl", "data.frame"), row.names = c(NA, -1L))), .Names = c("lm_df", 
"lasso_df", "summ_stan_df"))
run_x <-
structure(list(lm_df = structure(list(term = c("maxima_sc", "stretch_sc", 
"x_max_sc", "x_min_sc"), coef = c(-0.0136406044640526, 0.0287262872985568, 
-0.0319181866751144, -0.0458525240921533), p_value = c(0.35226425338396, 
0.0768353952022089, 0.271398938504543, 0.246105465108456), rand_var = c(3.23594922307636, 
3.23594922307636, 3.23594922307636, 3.23594922307636), mean_rand = c(-1.09394087614509, 
-1.09394087614509, -1.09394087614509, -1.09394087614509), sim_n = c(81L, 
81L, 81L, 81L)), .Names = c("term", "coef", "p_value", "rand_var", 
"mean_rand", "sim_n"), class = c("tbl_df", "tbl", "data.frame"
), row.names = c(NA, -4L)), lasso_df = structure(list(var = c("maxima", 
"stretch", "x_max", "x_min"), mean = c(0.00134051008171558, -0.0288962286363687, 
-0.144635528146029, -0.0470497085335486), prop = c(0.005, 0.0325, 
0, 0.0275), rand_var = c(3.23594922307636, 3.23594922307636, 
3.23594922307636, 3.23594922307636), mean_rand = c(-1.09394087614509, 
-1.09394087614509, -1.09394087614509, -1.09394087614509), sim_n = c(81L, 
81L, 81L, 81L)), .Names = c("var", "mean", "prop", "rand_var", 
"mean_rand", "sim_n"), class = c("tbl_df", "tbl", "data.frame"
), row.names = c(NA, -4L)), summ_stan_df = structure(list(shape1 = 3.87852425432261, 
    shape2 = 4.90001048603886, stretch = 1.05741006684134, x_min = 0.445380469018523, 
    x_max = 1.73986660929472, maxima = 1.22801729100681, rep = 81L), .Names = c("shape1", 
"shape2", "stretch", "x_min", "x_max", "maxima", "rep"), class = c("tbl_df", 
"tbl", "data.frame"), row.names = c(NA, -1L))), .Names = c("lm_df", 
"lasso_df", "summ_stan_df"))
run_x <-
structure(list(lasso_df = structure(list(var = c("maxima", "stretch", 
"x_max", "x_min"), mean = c(-0.259168085009685, -0.0240633111883121, 
0.428894122559294, 0.167640439198622), prop = c(0.025, 0.045, 
0.01, 0.0275), rand_var = c(3.23594922307636, 3.23594922307636, 
3.23594922307636, 3.23594922307636), mean_rand = c(-1.09394087614509, 
-1.09394087614509, -1.09394087614509, -1.09394087614509), sim_n = c(81L, 
81L, 81L, 81L)), .Names = c("var", "mean", "prop", "rand_var", 
"mean_rand", "sim_n"), class = c("tbl_df", "tbl", "data.frame"
), row.names = c(NA, -4L)), lasso_depth = structure(list(draw = 1:400, 
    `(Intercept)` = c(-0.057863177155505, -0.0666130952380953, 
    -0.0493567394036689, -0.0666130952380953, -0.0604494113809872, 
    -0.0666130952380953, -0.0862368424309886, -0.0666130952380953, 
    -0.0666130952380953, -0.0666130952380953, -0.0666130952380953, 
    -0.0605233682271586, -0.0666130952380953, -0.0666130952380953, 
    -0.0666130952380953, -0.0666130952380953, -0.0666130952380953, 
    -0.0661675667893852, -0.0663183525373226, -0.0666130952380953, 
    -0.0666130952380953, -0.047590186724284, -0.0666130952380953, 
    -0.0666130952380953, -0.0666130952380953, -0.0524147816884011, 
    -0.0666130952380953, -0.0666130952380953, -0.0666130952380953, 
    -0.0666130952380953, -0.0665988514984898, -0.0666130952380953, 
    -0.0541547758238231, -0.0666130952380953, -0.064903680947104, 
    -0.0666130952380953, -0.0666130952380953, -0.0666130952380953, 
    -0.0666130952380953, -0.0666130952380953, -0.0666130952380953, 
    -0.0666130952380953, -0.0666130952380953, -0.0617331803965232, 
    -0.0666130952380953, -0.0666130952380953, -0.0666130952380953, 
    -0.0666130952380953, -0.0666130952380953, -0.0666130952380953, 
    -0.0666130952380953, -0.0666130952380953, -0.0666130952380953, 
    -0.0666130952380953, -0.0666130952380953, -0.0666130952380953, 
    -0.0666130952380953, -0.0666130952380953, -0.0666130952380953, 
    -0.0666130952380953, -0.0666130952380953, -0.0666130952380953, 
    -0.0666130952380953, -0.0666130952380953, -0.0735537989692586, 
    -0.0666130952380953, -0.0389303353881629, -0.0499809962864119, 
    -0.0666130952380953, -0.0666130952380953, -0.0693248819076518, 
    -0.0648606449465658, -0.0666130952380953, -0.0666130952380953, 
    -0.0639400144701592, -0.0666130952380953, -0.0666130952380953, 
    -0.0423837145195348, -0.0666130952380953, -0.0666130952380953, 
    -0.0666130952380953, -0.0666130952380953, -0.0666130952380953, 
    -0.0666130952380953, -0.0666130952380953, -0.0674744018439306, 
    -0.0666130952380953, -0.0666130952380953, -0.0399470624718318, 
    -0.0666130952380953, -0.0666130952380953, -0.0666130952380953, 
    -0.0475320722497437, -0.0437524809203395, -0.070585250799281, 
    -0.0666130952380953, -0.0537451679767004, -0.0393251312136666, 
    -0.0666130952380953, -0.0666130952380953, -0.0666130952380953, 
    -0.0666130952380953, -0.0666130952380953, -0.0544613997818343, 
    -0.0764319496837231, -0.0666130952380953, -0.060953849040306, 
    -0.0220214848471593, -0.0517619792169398, -0.0546139971657972, 
    -0.0666130952380953, -0.0666130952380953, -0.0666130952380953, 
    -0.0666130952380953, -0.0575360740186194, -0.00709384799029926, 
    -0.0666130952380953, -0.0666130952380953, -0.042630158834274, 
    -0.0666130952380953, -0.0666130952380953, -0.0666130952380953, 
    -0.0666130952380953, -0.0704086298286545, -0.0666130952380953, 
    -0.0549340695628063, -0.0666130952380953, -0.0666130952380953, 
    -0.0206963573582714, -0.0666130952380953, -0.0666130952380953, 
    -0.0666130952380953, -0.0670858114887833, -0.0651770652854509, 
    -0.0666130952380953, -0.011740764104068, -0.0666130952380953, 
    -0.0666130952380953, -0.0666130952380953, -0.0187468901775808, 
    -0.0666130952380953, -0.0363098917353157, -0.0666130952380953, 
    -0.0666130952380953, -0.0565018350727592, -0.0666130952380953, 
    -0.0666130952380953, -0.0666130952380953, -0.0666130952380953, 
    -0.0169809770649314, -0.0666130952380953, -0.0666130952380953, 
    -0.0842622738094677, -0.0666130952380953, -0.0391863162023174, 
    -0.0666130952380953, -0.0290461862479968, -0.0666130952380953, 
    -0.0666130952380953, -0.0662115945292608, -0.0666130952380953, 
    -0.0666130952380953, -0.0666130952380953, -0.0666130952380953, 
    -0.0666130952380953, -0.0666130952380953, -0.0574583693742746, 
    -0.0069611927617025, -0.0171761094727762, -0.0666130952380953, 
    -0.0666130952380953, -0.0417049945916479, -0.0666130952380953, 
    -0.0666130952380953, -0.0630737500641857, -0.0666130952380953, 
    -0.0668078500286813, -0.0384520574438777, -0.0539570192154684, 
    -0.0666130952380953, -0.0612019448845837, -0.0666130952380953, 
