run_x <-
structure(list(lm_df = structure(list(term = c("maxima_sc", "stretch_sc", 
"x_max_sc", "x_min_sc"), coef = c(0.0430903361301524, 0.0772449106651102, 
-0.02698320001418, -0.0175793117654713), p_value = c(0.019239348475719, 
0.00212350880662509, 0.0464672827276642, 0.104026021224487), 
    rand_var = c(0.44681662017689, 0.44681662017689, 0.44681662017689, 
    0.44681662017689), mean_rand = c(-0.0834505973384791, -0.0834505973384791, 
    -0.0834505973384791, -0.0834505973384791), sim_n = c(12L, 
    12L, 12L, 12L)), .Names = c("term", "coef", "p_value", "rand_var", 
"mean_rand", "sim_n"), class = c("tbl_df", "tbl", "data.frame"
), row.names = c(NA, -4L)), lasso_df = structure(list(var = c("maxima", 
"stretch", "x_max", "x_min"), mean = c(0.118979822714625, 0.219829986259041, 
-0.332135779704223, -0.298841174713009), prop = c(0.05, 0.195, 
0, 0.0075), rand_var = c(0.44681662017689, 0.44681662017689, 
0.44681662017689, 0.44681662017689), mean_rand = c(-0.0834505973384791, 
-0.0834505973384791, -0.0834505973384791, -0.0834505973384791
), sim_n = c(12L, 12L, 12L, 12L)), .Names = c("var", "mean", 
"prop", "rand_var", "mean_rand", "sim_n"), class = c("tbl_df", 
"tbl", "data.frame"), row.names = c(NA, -4L)), summ_stan_df = structure(list(
    shape1 = 3.39560203467921, shape2 = 3.93836575686647, stretch = 0.836256453223329, 
    x_min = -0.283058700349731, x_max = 4.36680096069014, maxima = 2.49876861424436, 
    rep = 12L), .Names = c("shape1", "shape2", "stretch", "x_min", 
"x_max", "maxima", "rep"), class = c("tbl_df", "tbl", "data.frame"
), row.names = c(NA, -1L))), .Names = c("lm_df", "lasso_df", 
"summ_stan_df"))
run_x <-
structure(list(lm_df = structure(list(term = c("maxima_sc", "stretch_sc", 
"x_max_sc", "x_min_sc"), coef = c(0.0430903361301524, 0.0772449106651102, 
-0.02698320001418, -0.0175793117654713), p_value = c(0.019239348475719, 
0.00212350880662509, 0.0464672827276642, 0.104026021224487), 
    rand_var = c(0.44681662017689, 0.44681662017689, 0.44681662017689, 
    0.44681662017689), mean_rand = c(-0.0834505973384791, -0.0834505973384791, 
    -0.0834505973384791, -0.0834505973384791), sim_n = c(12L, 
    12L, 12L, 12L)), .Names = c("term", "coef", "p_value", "rand_var", 
"mean_rand", "sim_n"), class = c("tbl_df", "tbl", "data.frame"
), row.names = c(NA, -4L)), lasso_df = structure(list(var = c("maxima", 
"stretch", "x_max", "x_min"), mean = c(0.118979822714625, 0.219829986259041, 
-0.332135779704223, -0.298841174713009), prop = c(0.05, 0.195, 
0, 0.0075), rand_var = c(0.44681662017689, 0.44681662017689, 
0.44681662017689, 0.44681662017689), mean_rand = c(-0.0834505973384791, 
-0.0834505973384791, -0.0834505973384791, -0.0834505973384791
), sim_n = c(12L, 12L, 12L, 12L)), .Names = c("var", "mean", 
"prop", "rand_var", "mean_rand", "sim_n"), class = c("tbl_df", 
"tbl", "data.frame"), row.names = c(NA, -4L)), summ_stan_df = structure(list(
    shape1 = 3.39560203467921, shape2 = 3.93836575686647, stretch = 0.836256453223329, 
    x_min = -0.283058700349731, x_max = 4.36680096069014, maxima = 2.49876861424436, 
    rep = 12L), .Names = c("shape1", "shape2", "stretch", "x_min", 
"x_max", "maxima", "rep"), class = c("tbl_df", "tbl", "data.frame"
), row.names = c(NA, -1L))), .Names = c("lm_df", "lasso_df", 
"summ_stan_df"))
run_x <-
structure(list(lasso_df = structure(list(var = c("maxima", "stretch", 
"x_max", "x_min"), mean = c(0.34833005280956, 0.217197290009929, 
-0.458866915822986, -0.492589594559027), prop = c(0.0725, 0.1775, 
0, 0), rand_var = c(0.44681662017689, 0.44681662017689, 0.44681662017689, 
0.44681662017689), mean_rand = c(-0.0834505973384791, -0.0834505973384791, 
-0.0834505973384791, -0.0834505973384791), sim_n = c(12L, 12L, 
12L, 12L)), .Names = c("var", "mean", "prop", "rand_var", "mean_rand", 
"sim_n"), class = c("tbl_df", "tbl", "data.frame"), row.names = c(NA, 
-4L)), lasso_depth = structure(list(draw = 1:400, `(Intercept)` = c(-0.0639059516006379, 
-0.0600855178508411, -0.058690446951199, -0.0509853466393381, 
-0.0620283562151875, -0.000940916261925467, -0.0545921161526952, 
-0.0631533740672614, -0.0260870577035909, -0.0860626578222096, 
-0.0695220793197767, -0.0654384715073408, -0.074254201652955, 
-0.0588321364194446, -0.0675639137673627, -0.0654960883219664, 
-0.0552796354646582, -0.0557075638502999, -0.0717234412730379, 
-0.0456016697882902, -0.0687242249618729, -0.0653578631882622, 
-0.0628307891285998, -0.0556891563748391, -0.0610839996924467, 
-0.0437286779647611, -0.071600046579994, -0.0598972559697757, 
-0.0631593199452067, -0.0638181122537695, -0.0601127576264983, 
-0.0646378163189486, -0.0927513105053586, -0.0517207183534969, 
-0.0640155865127388, -0.0627454781986351, -0.0645045620521069, 
-0.0569666936279443, -0.0596692229313033, -0.0603838456195586, 
-0.0645316748541256, -0.0713865531470897, 0.00432912894912037, 
-0.0583286466843033, -0.0570001740471183, -0.0610518865120043, 
-0.0579941722824512, -0.0633311250663917, -0.0690766824104049, 
-0.0664916916352756, -0.0175217689119001, -0.0603702632999134, 
-0.061049144293418, -0.036020901198318, -0.0707918624759348, 
-0.0253048035181632, -0.058664827712603, -0.045271036671144, 
-0.049305748918299, -0.0593603882049954, -0.0599914343420852, 
-0.0547680801160302, -0.0401544736858451, -0.062784737701285, 
-0.0444826015202797, -0.0556068398653774, -0.0624495696278136, 
-0.0610539113085214, -0.0568677741546124, -0.0596418105831625, 
-0.0685500107491156, -0.0708672698071197, -0.0578786383605942, 
-0.0623980546539936, -0.07641119200279, -0.068629868298735, -0.0548614890022718, 
-0.0539291835209178, -0.0584705155702204, -0.0679424365817669, 
-0.0690072345186294, -0.0452668747439007, -0.0567359140835818, 
-0.0529417713156463, -0.0654304983615954, -0.0661725716393423, 
-0.0605644575062576, -0.0503859402595933, -0.0358236638895866, 
-0.0661964607085633, -0.0593690484232124, -0.0706738025664914, 
-0.0741001550301846, -0.00362887339596232, -0.0497504836529759, 
-0.0671355059742844, -0.0666130952380953, -0.0679437196893865, 
-0.0529679025722267, -0.0563624870370975, -0.060125281233921, 
-0.0837718839559505, -0.0828516077158254, -0.0721856096744264, 
-0.0450483395764423, -0.0639055938651079, -0.0574476954674389, 
-0.0534351083969999, -0.066156442152636, -0.0730671652306508, 
-0.0644453766348351, -0.0670026343545887, -0.0383378548605408, 
-0.0424530778896121, -0.0498532966652824, -0.056812674702677, 
-0.0529951726008575, -0.0567642628189208, -0.0654738930142976, 
-0.0609222292160653, -0.0669381413663696, -0.0548395054578785, 
-0.10864138046369, -0.0718266009040066, -0.062128399110639, -0.0522398386150084, 
-0.0520653892522942, -0.066186325013666, -0.0787691019987875, 
-0.072925359399429, -0.0597607416279634, -0.0437499222916374, 
-0.047894851428726, -0.0616488302620195, -0.061676644079405, 
-0.0558091294958923, -0.0597635514310774, -0.0610779252441657, 
-0.0556012658956822, -0.0369099496089942, -0.0479717275592097, 
-0.0732619681358384, -0.0610064722589934, -0.0451682982636864, 
-0.0688276417325714, -0.0746875043803573, -0.0253429282322459, 
-0.051459447171364, -0.0671952708108706, -0.0618898137646209, 
-0.0690473175811829, -0.102888499495007, -0.0938888952695705, 
-0.064916320264298, -0.0602008113867696, -0.0675704730479242, 
-0.0597868388233916, -0.067849196834101, -0.0553959867058416, 
-0.04336875157225, -0.0796511243165372, -0.0744277004892572, 
-0.0768703203840111, -0.0804432699284983, -0.0616045752506706, 
-0.044302450182239, -0.0597798092467237, -0.0669173459518359, 
-0.0575301906347344, -0.0706352593388118, -0.0654638782816759, 
-0.0486473151290117, -0.0619126721375379, -0.0578372219312511, 
-0.0572251332012931, -0.0580190057281636, -0.0793704510338313, 
-0.0525201079039205, -0.0726767882607162, -0.0416093418203277, 
-0.0633970976585867, -0.0587009855741577, -0.0734111928178983, 
-0.0707111503079767, -0.0662616986280764, -0.0277949687489791, 
-0.0626613397719496, -0.0632961072466063, -0.0665050902239844, 
