run_x <-
structure(list(lm_df = structure(list(term = c("maxima_sc", "stretch_sc", 
"x_max_sc", "x_min_sc"), coef = c(0.0314972435593612, 0.0711750694658359, 
-0.0133427267869753, -0.0035571095367828), p_value = c(0.0363776467886939, 
0.0011143118542839, 0.162196048195184, 0.0762160201681444), rand_var = c(0, 
0, 0, 0), mean_rand = c(0, 0, 0, 0), sim_n = c(1L, 1L, 1L, 1L
)), .Names = c("term", "coef", "p_value", "rand_var", "mean_rand", 
"sim_n"), class = c("tbl_df", "tbl", "data.frame"), row.names = c(NA, 
-4L)), lasso_df = structure(list(var = c("maxima", "stretch", 
"x_max", "x_min"), mean = c(0.0192722976552223, 0.0849919478162127, 
-0.0424101757546393, -0.0517854482375992), prop = c(0.0275, 0.1025, 
0.0075, 0.015), rand_var = c(0, 0, 0, 0), mean_rand = c(0, 0, 
0, 0), sim_n = c(1L, 1L, 1L, 1L)), .Names = c("var", "mean", 
"prop", "rand_var", "mean_rand", "sim_n"), class = c("tbl_df", 
"tbl", "data.frame"), row.names = c(NA, -4L)), summ_stan_df = structure(list(
    shape1 = 3.40249454478317, shape2 = 3.26034302535486, stretch = 0.900614089455655, 
    x_min = -0.803739188971618, x_max = 4.78228223093977, maxima = 2.85606196018248, 
    rep = 1L), .Names = c("shape1", "shape2", "stretch", "x_min", 
"x_max", "maxima", "rep"), class = c("tbl_df", "tbl", "data.frame"
), row.names = c(NA, -1L))), .Names = c("lm_df", "lasso_df", 
"summ_stan_df"))
run_x <-
structure(list(lm_df = structure(list(term = c("maxima_sc", "stretch_sc", 
"x_max_sc", "x_min_sc"), coef = c(0.0314972435593612, 0.0711750694658359, 
-0.0133427267869753, -0.0035571095367828), p_value = c(0.0363776467886939, 
0.0011143118542839, 0.162196048195184, 0.0762160201681444), rand_var = c(0, 
0, 0, 0), mean_rand = c(0, 0, 0, 0), sim_n = c(1L, 1L, 1L, 1L
)), .Names = c("term", "coef", "p_value", "rand_var", "mean_rand", 
"sim_n"), class = c("tbl_df", "tbl", "data.frame"), row.names = c(NA, 
-4L)), lasso_df = structure(list(var = c("maxima", "stretch", 
"x_max", "x_min"), mean = c(0.0192722976552223, 0.0849919478162127, 
-0.0424101757546393, -0.0517854482375992), prop = c(0.0275, 0.1025, 
0.0075, 0.015), rand_var = c(0, 0, 0, 0), mean_rand = c(0, 0, 
0, 0), sim_n = c(1L, 1L, 1L, 1L)), .Names = c("var", "mean", 
"prop", "rand_var", "mean_rand", "sim_n"), class = c("tbl_df", 
"tbl", "data.frame"), row.names = c(NA, -4L)), summ_stan_df = structure(list(
    shape1 = 3.40249454478317, shape2 = 3.26034302535486, stretch = 0.900614089455655, 
    x_min = -0.803739188971618, x_max = 4.78228223093977, maxima = 2.85606196018248, 
    rep = 1L), .Names = c("shape1", "shape2", "stretch", "x_min", 
"x_max", "maxima", "rep"), class = c("tbl_df", "tbl", "data.frame"
), row.names = c(NA, -1L))), .Names = c("lm_df", "lasso_df", 
"summ_stan_df"))
