run_x <-
structure(list(lm_df = structure(list(term = c("maxima_sc", "stretch_sc", 
"x_max_sc", "x_min_sc"), coef = c(0.0906601356534979, 0.0378911561266004, 
-0.0695665704481275, -0.0125430984932459), p_value = c(0.0773086375714926, 
0.00828998716691864, 0.112749444843751, 0.115957345040539), rand_var = c(1.05251894478222, 
1.05251894478222, 1.05251894478222, 1.05251894478222), mean_rand = c(0.759789454623871, 
0.759789454623871, 0.759789454623871, 0.759789454623871), sim_n = c(27L, 
27L, 27L, 27L)), .Names = c("term", "coef", "p_value", "rand_var", 
"mean_rand", "sim_n"), class = c("tbl_df", "tbl", "data.frame"
), row.names = c(NA, -4L)), lasso_df = structure(list(var = c("maxima", 
"stretch", "x_max", "x_min"), mean = c(0.0122010079538219, 0.0890732819767477, 
-0.0623767107984575, -0.0130564626852427), prop = c(0.0025, 0.12, 
0, 0), rand_var = c(1.05251894478222, 1.05251894478222, 1.05251894478222, 
1.05251894478222), mean_rand = c(0.759789454623871, 0.759789454623871, 
0.759789454623871, 0.759789454623871), sim_n = c(27L, 27L, 27L, 
27L)), .Names = c("var", "mean", "prop", "rand_var", "mean_rand", 
"sim_n"), class = c("tbl_df", "tbl", "data.frame"), row.names = c(NA, 
-4L)), summ_stan_df = structure(list(shape1 = 4.15603526271205, 
    shape2 = 3.04642327270827, stretch = 1.36131526426258, x_min = -0.891748428685207, 
    x_max = 3.32207997141103, maxima = 2.24324672633338, rep = 27L), .Names = c("shape1", 
"shape2", "stretch", "x_min", "x_max", "maxima", "rep"), class = c("tbl_df", 
"tbl", "data.frame"), row.names = c(NA, -1L))), .Names = c("lm_df", 
"lasso_df", "summ_stan_df"))
run_x <-
structure(list(lm_df = structure(list(term = c("maxima_sc", "stretch_sc", 
"x_max_sc", "x_min_sc"), coef = c(0.0906601356534979, 0.0378911561266004, 
-0.0695665704481275, -0.0125430984932459), p_value = c(0.0773086375714926, 
0.00828998716691864, 0.112749444843751, 0.115957345040539), rand_var = c(1.05251894478222, 
1.05251894478222, 1.05251894478222, 1.05251894478222), mean_rand = c(0.759789454623871, 
0.759789454623871, 0.759789454623871, 0.759789454623871), sim_n = c(27L, 
27L, 27L, 27L)), .Names = c("term", "coef", "p_value", "rand_var", 
"mean_rand", "sim_n"), class = c("tbl_df", "tbl", "data.frame"
), row.names = c(NA, -4L)), lasso_df = structure(list(var = c("maxima", 
"stretch", "x_max", "x_min"), mean = c(0.0122010079538219, 0.0890732819767477, 
-0.0623767107984575, -0.0130564626852427), prop = c(0.0025, 0.12, 
0, 0), rand_var = c(1.05251894478222, 1.05251894478222, 1.05251894478222, 
1.05251894478222), mean_rand = c(0.759789454623871, 0.759789454623871, 
0.759789454623871, 0.759789454623871), sim_n = c(27L, 27L, 27L, 
27L)), .Names = c("var", "mean", "prop", "rand_var", "mean_rand", 
"sim_n"), class = c("tbl_df", "tbl", "data.frame"), row.names = c(NA, 
-4L)), summ_stan_df = structure(list(shape1 = 4.15603526271205, 
    shape2 = 3.04642327270827, stretch = 1.36131526426258, x_min = -0.891748428685207, 
    x_max = 3.32207997141103, maxima = 2.24324672633338, rep = 27L), .Names = c("shape1", 
"shape2", "stretch", "x_min", "x_max", "maxima", "rep"), class = c("tbl_df", 
"tbl", "data.frame"), row.names = c(NA, -1L))), .Names = c("lm_df", 
"lasso_df", "summ_stan_df"))
run_x <-
structure(list(lasso_df = structure(list(var = c("maxima", "stretch", 
"x_max", "x_min"), mean = c(0.874051131252439, 0.138048347171449, 
-0.153142489822461, -0.00528671529719594), prop = c(0.3025, 0.1925, 
0.07, 0.085), rand_var = c(1.05251894478222, 1.05251894478222, 
1.05251894478222, 1.05251894478222), mean_rand = c(0.759789454623871, 
0.759789454623871, 0.759789454623871, 0.759789454623871), sim_n = c(27L, 
27L, 27L, 27L)), .Names = c("var", "mean", "prop", "rand_var", 
"mean_rand", "sim_n"), class = c("tbl_df", "tbl", "data.frame"
), row.names = c(NA, -4L)), lasso_depth = structure(list(draw = 1:400, 
    `(Intercept)` = c(-0.0445807162356645, -0.0892258753145763, 
    -0.0566982916897103, -0.0831485693687412, -0.0281007189012202, 
    -0.04028670101274, -0.023865956105407, -0.0666130952380953, 
    -0.0419074120763127, -0.0286230391564006, -0.0666130952380953, 
    -0.061972618147422, -0.0666130952380953, -0.0820875251389375, 
    -0.0515525569409056, -0.0853905587394505, -0.0666130952380953, 
    -0.0474526126836739, -0.0208006367470714, -0.0450564932961021, 
    -0.0390468225791856, -0.0666130952380953, -0.0485357697865122, 
    -0.0284915904743925, -0.0666130952380953, -0.0152424497618249, 
    -0.0372897204945695, -0.0827859384608945, -0.0543568452570993, 
    -0.0666130952380953, -0.0438262522367175, -0.054629094205863, 
    -0.0942304924819719, 0.0182028964407855, -0.0546932164288986, 
    -0.0249308629090974, -0.0705948224216844, -0.0227336836879127, 
    -0.0586649811194211, -0.0248928950202837, -0.0666130952380953, 
    -0.0394173061106882, -0.0672666132156521, -0.0666130952380953, 
    -0.0408298340908368, -0.0935444925066632, -0.0563400067096806, 
    -0.0657627713440628, -0.0940602307693247, -0.0666130952380953, 
    -0.0558301562888311, -0.0666130952380953, -0.0666130952380953, 
    -0.0406867451968353, -0.0553198208058732, -0.0026503620867319, 
    -0.0666130952380953, -0.0700550285223654, -0.0666130952380953, 
    -0.0478178431020495, -0.0497063862832021, -0.0666130952380953, 
    -0.0272967031123266, -0.0666130952380953, -0.0666130952380953, 
    -0.0498789172532647, -0.0401825034836322, -0.0539307025515087, 
    -0.0762645146090596, -0.0549769669102513, -0.0425849749620843, 
    -0.0795616883416548, -0.0666130952380953, -0.0143725956846704, 
    -0.0520902992216843, -0.0666130952380953, -0.0562559912723034, 
    -0.0666130952380953, -0.0494270921992546, -0.0666130952380953, 
    -0.0666130952380953, -0.00145275414838153, -0.0618196615906334, 
    -0.0666130952380953, -0.0911740010111211, -0.0666130952380953, 
    -0.0744358079349806, -0.052802473363709, -0.0666130952380953, 
    -0.0402596313837261, -0.00823148895552012, -0.0244976074190688, 
    -0.0666130952380953, -0.0255146234019829, -0.0666130952380953, 
    -0.0666130952380953, -0.0699233002845328, -0.0666130952380953, 
    -0.0485045191617621, -0.0608205882468067, -0.0430327598398675, 
    -0.0666130952380953, -0.0666130952380953, -0.0666130952380953, 
    -0.0430508428358512, -0.0666130952380953, -0.0666130952380953, 
    -0.0666130952380953, -0.0666130952380953, -0.0666130952380953, 
    0.0356670055735364, 0.0685425256589448, -0.0666130952380953, 
    0.0131683828719818, -0.0666130952380953, -0.0666130952380953, 
    -0.0666130952380953, -0.0396927613380254, 0.0446119007872342, 
    -0.0399678714865842, -0.0398072206454756, 0.0515811766316629, 
    -0.033951353936222, -0.0666130952380953, -0.0666130952380953, 
    -0.0666130952380953, -0.0666130952380953, -0.0666130952380953, 
    -0.0666130952380953, -0.0666130952380953, -0.0666130952380953, 
    -0.0666130952380953, -0.0666130952380953, -0.000638644859687898, 
    -0.0666130952380953, -0.0666130952380953, -0.0333579542701782, 
    -0.0335263310752949, -0.0666130952380953, -0.0666130952380953, 
    -0.0666130952380953, -0.0666130952380953, -0.0666130952380953, 
    -0.0666130952380953, -0.0666130952380953, -0.0666130952380953, 
    -0.0666130952380953, -0.0346272213177179, -0.0415160191848736, 
    -0.041461213607879, -0.0666130952380953, -0.0433444661923601, 
    0.0163493401753147, -0.0419721721824735, -0.0666130952380953, 
    -0.0666130952380953, -0.0666130952380953, -0.0666130952380953, 
    -0.0666130952380953, -0.0666130952380953, -0.0666130952380953, 
    -0.0666130952380953, -0.0346345854527975, -0.047053858423063, 
    -0.0666130952380953, -0.0666130952380953, -0.0666130952380953, 
    -0.0666130952380953, -0.0331981221084419, -0.0666130952380953, 
    -0.0429933743271057, -0.0666130952380953, -0.0666130952380953, 
    -0.0666130952380953, -0.0666130952380953, -0.0666130952380953, 
    -0.0666130952380953, -0.0445268303299217, -0.0666130952380953, 
    -0.0666130952380953, -0.0666130952380953, -0.0666130952380953, 
