run_x <-
structure(list(lm_df = structure(list(term = c("maxima_sc", "stretch_sc", 
"x_max_sc", "x_min_sc"), coef = c(0.0228075058404137, 0.0570561389841266, 
-0.0231594713585525, -0.0150030470914907), p_value = c(0.137892669622365, 
0.00438356544664703, 0.15043404655076, 0.131479279280423), rand_var = c(1.41586353557413, 
1.41586353557413, 1.41586353557413, 1.41586353557413), mean_rand = c(-0.442041621464583, 
-0.442041621464583, -0.442041621464583, -0.442041621464583), 
    sim_n = c(36L, 36L, 36L, 36L)), .Names = c("term", "coef", 
"p_value", "rand_var", "mean_rand", "sim_n"), class = c("tbl_df", 
"tbl", "data.frame"), row.names = c(NA, -4L)), lasso_df = structure(list(
    var = c("maxima", "stretch", "x_max", "x_min"), mean = c(0.127795607814222, 
    0.155130110452087, -0.0240184429899352, -0.140623093881239
    ), prop = c(0.0675, 0.165, 0.04, 0.01), rand_var = c(1.41586353557413, 
    1.41586353557413, 1.41586353557413, 1.41586353557413), mean_rand = c(-0.442041621464583, 
    -0.442041621464583, -0.442041621464583, -0.442041621464583
    ), sim_n = c(36L, 36L, 36L, 36L)), .Names = c("var", "mean", 
"prop", "rand_var", "mean_rand", "sim_n"), class = c("tbl_df", 
"tbl", "data.frame"), row.names = c(NA, -4L)), summ_stan_df = structure(list(
    shape1 = 3.47629288671328, shape2 = 4.2222851166933, stretch = 0.842219732095997, 
    x_min = -0.168317380246451, x_max = 3.86762451739167, maxima = 2.23149250350202, 
    rep = 36L), .Names = c("shape1", "shape2", "stretch", "x_min", 
"x_max", "maxima", "rep"), class = c("tbl_df", "tbl", "data.frame"
), row.names = c(NA, -1L))), .Names = c("lm_df", "lasso_df", 
"summ_stan_df"))
run_x <-
structure(list(lm_df = structure(list(term = c("maxima_sc", "stretch_sc", 
"x_max_sc", "x_min_sc"), coef = c(0.0228075058404137, 0.0570561389841266, 
-0.0231594713585525, -0.0150030470914907), p_value = c(0.137892669622365, 
0.00438356544664703, 0.15043404655076, 0.131479279280423), rand_var = c(1.41586353557413, 
1.41586353557413, 1.41586353557413, 1.41586353557413), mean_rand = c(-0.442041621464583, 
-0.442041621464583, -0.442041621464583, -0.442041621464583), 
    sim_n = c(36L, 36L, 36L, 36L)), .Names = c("term", "coef", 
"p_value", "rand_var", "mean_rand", "sim_n"), class = c("tbl_df", 
"tbl", "data.frame"), row.names = c(NA, -4L)), lasso_df = structure(list(
    var = c("maxima", "stretch", "x_max", "x_min"), mean = c(0.127795607814222, 
    0.155130110452087, -0.0240184429899352, -0.140623093881239
    ), prop = c(0.0675, 0.165, 0.04, 0.01), rand_var = c(1.41586353557413, 
    1.41586353557413, 1.41586353557413, 1.41586353557413), mean_rand = c(-0.442041621464583, 
    -0.442041621464583, -0.442041621464583, -0.442041621464583
    ), sim_n = c(36L, 36L, 36L, 36L)), .Names = c("var", "mean", 
"prop", "rand_var", "mean_rand", "sim_n"), class = c("tbl_df", 
"tbl", "data.frame"), row.names = c(NA, -4L)), summ_stan_df = structure(list(
    shape1 = 3.47629288671328, shape2 = 4.2222851166933, stretch = 0.842219732095997, 
    x_min = -0.168317380246451, x_max = 3.86762451739167, maxima = 2.23149250350202, 
    rep = 36L), .Names = c("shape1", "shape2", "stretch", "x_min", 
"x_max", "maxima", "rep"), class = c("tbl_df", "tbl", "data.frame"
), row.names = c(NA, -1L))), .Names = c("lm_df", "lasso_df", 
"summ_stan_df"))
run_x <-
structure(list(lasso_df = structure(list(var = c("maxima", "stretch", 
"x_max", "x_min"), mean = c(0.252420310505223, 0.204970796345933, 
-0.0198357644186884, -0.197934950800058), prop = c(0.1175, 0.2025, 
0.09, 0.0275), rand_var = c(1.41586353557413, 1.41586353557413, 
1.41586353557413, 1.41586353557413), mean_rand = c(-0.442041621464583, 
-0.442041621464583, -0.442041621464583, -0.442041621464583), 
    sim_n = c(36L, 36L, 36L, 36L)), .Names = c("var", "mean", 
"prop", "rand_var", "mean_rand", "sim_n"), class = c("tbl_df", 
"tbl", "data.frame"), row.names = c(NA, -4L)), lasso_depth = structure(list(
    draw = 1:400, `(Intercept)` = c(-0.0785653877310065, -0.0737534367396876, 
    -0.0736948766255932, -0.0448191402526735, -0.0832789204351927, 
    -0.0666130952380953, -0.0764071356003434, -0.0666130952380953, 
    -0.0666130952380953, -0.0646467020093678, -0.0666130952380953, 
    -0.064601948950259, -0.0881730057497709, -0.0761211930106068, 
    -0.0458130294316729, -0.0468751286030183, -0.0555146396868829, 
    -0.0682868381078246, -0.0719632432181006, -0.0675974722316181, 
    -0.063224461791935, -0.0789374338754166, -0.0666130952380953, 
    -0.0775030415082687, -0.0700232706441188, -0.0666130952380953, 
    -0.0702722789161689, -0.0666130952380953, -0.0742533476393076, 
    -0.0786394774757599, -0.0600069932520435, -0.0666130952380953, 
    -0.0771788835131426, -0.0649330640652903, -0.0735882836549315, 
    -0.0666130952380953, -0.0780962893927143, -0.0666130952380953, 
    -0.0673554650539484, -0.0790209722866368, -0.0581960367118326, 
    -0.0706909988532572, -0.0741791008484825, -0.0755628360743915, 
    -0.0633744555202206, -0.0666130952380953, -0.080670424306732, 
    -0.0808044593918928, -0.0666130952380953, -0.0667586959745283, 
    -0.0666130952380953, -0.0728690505714217, -0.0758234350108377, 
    -0.0666130952380953, -0.0682217400399282, -0.0666130952380953, 
    -0.0666130952380953, -0.0686087847841562, -0.0695227310926897, 
    -0.061809472081219, -0.0841004655046351, -0.0673932223623619, 
    -0.0630825775460082, -0.0902772906604765, -0.0721148083843461, 
    -0.0666130952380953, -0.0666130952380953, -0.0752596007209752, 
    -0.0693739433587734, -0.0418411496333327, -0.0839137765541549, 
    -0.0604526704571982, -0.0622328134650288, -0.0666130952380953, 
    -0.0709766030571346, -0.0503298963194644, -0.0346328164013502, 
    -0.0620547086959025, -0.0630814929709889, -0.0551073625557703, 
    -0.0666130952380953, -0.0589660485767279, -0.0649432846187843, 
    -0.0653004281213084, -0.0731976091459174, -0.0889872419048375, 
    -0.0672269891541937, -0.0699021348899725, -0.0654819494717717, 
    -0.0777397738998365, -0.0739597891557739, -0.0668921295652804, 
    -0.0682255730850399, -0.0666130952380953, -0.0666130952380953, 
    -0.078372739493877, -0.0741523829496321, -0.0666130952380953, 
    -0.0725644876611507, -0.0939858500376469, -0.0458963047464187, 
    -0.0722638463433415, -0.0572646249512219, -0.0666130952380953, 
    -0.0582902178914756, -0.0710021228758685, -0.0152730276903612, 
    -0.0422773578747004, -0.0609239822290653, -0.0608180375968576, 
    -0.0632895360942793, -0.0758800103766418, -0.069044271404148, 
    -0.0611731231906813, -0.0582895401932352, -0.0644980929236107, 
    -0.0657572590846491, -0.071010220032233, -0.0667174636969485, 
    -0.0628271504539795, -0.0582742403107793, -0.0498377780398965, 
    -0.0782027155420368, -0.0666130952380953, -0.0615345204461313, 
    -0.0688149343607618, -0.0418128121350079, -0.0446289717638794, 
    -0.0539449441849652, -0.0658678118831725, -0.0572212145714174, 
    -0.0666130952380953, -0.046242867519462, -0.0559218332913681, 
    -0.0648453386557442, -0.0672386497721482, -0.0229983956576887, 
    -0.0656807406003591, -0.0664402962371828, -0.0594179038349185, 
    -0.0666130952380953, -0.0421721924317512, -0.0664931520964895, 
    -0.0437351876484362, -0.0505272585809839, -0.0682039290561697, 
    -0.0546089872630482, -0.0790037952811893, -0.0593841359414855, 
    -0.0632285157416797, -0.0238434139986897, -0.0680707997730117, 
    -0.0666130952380953, -0.0502121138421067, -0.0497430655355535, 
    -0.0676593197714559, -0.0440323985282432, -0.0516392072976645, 
    -0.0511911490006368, -0.051964794560571, -0.0653186490877546, 
    -0.0595839194485399, -0.0464884343167314, -0.0662709477795787, 
    -0.0592532819608149, -0.0437524164969002, -0.0631760607477182, 
    -0.0671162454512188, -0.0569152666098943, -0.0616850196994015, 
    -0.0560444329257893, -0.0625839276353523, -0.0259471811335321, 
    -0.04075242057113, -0.0620554427580666, -0.0666130952380953, 
