run_x <-
structure(list(lm_df = structure(list(term = c("maxima_sc", "stretch_sc", 
"x_max_sc", "x_min_sc"), coef = c(-0.0334779572477864, 0.0652826580606311, 
0.0439024622322101, -0.0252810607039015), p_value = c(0.0655102523082758, 
0.000533609473662062, 0.0189898703363339, 0.0579698649573444), 
    rand_var = c(1.17353533798839, 1.17353533798839, 1.17353533798839, 
    1.17353533798839), mean_rand = c(-0.51473015410313, -0.51473015410313, 
    -0.51473015410313, -0.51473015410313), sim_n = c(30L, 30L, 
    30L, 30L)), .Names = c("term", "coef", "p_value", "rand_var", 
"mean_rand", "sim_n"), class = c("tbl_df", "tbl", "data.frame"
), row.names = c(NA, -4L)), lasso_df = structure(list(var = c("maxima", 
"stretch", "x_max", "x_min"), mean = c(0.0770742267905289, 0.229170035280317, 
0.00863440355831537, -0.0266618627434692), prop = c(0.0825, 0.2675, 
0.02, 0.0075), rand_var = c(1.17353533798839, 1.17353533798839, 
1.17353533798839, 1.17353533798839), mean_rand = c(-0.51473015410313, 
-0.51473015410313, -0.51473015410313, -0.51473015410313), sim_n = c(30L, 
30L, 30L, 30L)), .Names = c("var", "mean", "prop", "rand_var", 
"mean_rand", "sim_n"), class = c("tbl_df", "tbl", "data.frame"
), row.names = c(NA, -4L)), summ_stan_df = structure(list(shape1 = 2.93462945997594, 
    shape2 = 5.42048100338019, stretch = 2.15800545943129, x_min = 0.233571885239286, 
    x_max = 4.73261518653389, maxima = 2.47216569891716, rep = 30L), .Names = c("shape1", 
"shape2", "stretch", "x_min", "x_max", "maxima", "rep"), class = c("tbl_df", 
"tbl", "data.frame"), row.names = c(NA, -1L))), .Names = c("lm_df", 
"lasso_df", "summ_stan_df"))
run_x <-
structure(list(lm_df = structure(list(term = c("maxima_sc", "stretch_sc", 
"x_max_sc", "x_min_sc"), coef = c(-0.0334779572477864, 0.0652826580606311, 
0.0439024622322101, -0.0252810607039015), p_value = c(0.0655102523082758, 
0.000533609473662062, 0.0189898703363339, 0.0579698649573444), 
    rand_var = c(1.17353533798839, 1.17353533798839, 1.17353533798839, 
    1.17353533798839), mean_rand = c(-0.51473015410313, -0.51473015410313, 
    -0.51473015410313, -0.51473015410313), sim_n = c(30L, 30L, 
    30L, 30L)), .Names = c("term", "coef", "p_value", "rand_var", 
"mean_rand", "sim_n"), class = c("tbl_df", "tbl", "data.frame"
), row.names = c(NA, -4L)), lasso_df = structure(list(var = c("maxima", 
"stretch", "x_max", "x_min"), mean = c(0.0770742267905289, 0.229170035280317, 
0.00863440355831537, -0.0266618627434692), prop = c(0.0825, 0.2675, 
0.02, 0.0075), rand_var = c(1.17353533798839, 1.17353533798839, 
1.17353533798839, 1.17353533798839), mean_rand = c(-0.51473015410313, 
-0.51473015410313, -0.51473015410313, -0.51473015410313), sim_n = c(30L, 
30L, 30L, 30L)), .Names = c("var", "mean", "prop", "rand_var", 
"mean_rand", "sim_n"), class = c("tbl_df", "tbl", "data.frame"
), row.names = c(NA, -4L)), summ_stan_df = structure(list(shape1 = 2.93462945997594, 
    shape2 = 5.42048100338019, stretch = 2.15800545943129, x_min = 0.233571885239286, 
    x_max = 4.73261518653389, maxima = 2.47216569891716, rep = 30L), .Names = c("shape1", 
"shape2", "stretch", "x_min", "x_max", "maxima", "rep"), class = c("tbl_df", 
"tbl", "data.frame"), row.names = c(NA, -1L))), .Names = c("lm_df", 
"lasso_df", "summ_stan_df"))
run_x <-
structure(list(lasso_df = structure(list(var = c("maxima", "stretch", 
"x_max", "x_min"), mean = c(0.0402330030226143, 0.185285751561525, 
0.0298319198219405, -0.0104007690391211), prop = c(0.0525, 0.2175, 
0.035, 0.015), rand_var = c(1.17353533798839, 1.17353533798839, 
1.17353533798839, 1.17353533798839), mean_rand = c(-0.51473015410313, 
-0.51473015410313, -0.51473015410313, -0.51473015410313), sim_n = c(30L, 
30L, 30L, 30L)), .Names = c("var", "mean", "prop", "rand_var", 
"mean_rand", "sim_n"), class = c("tbl_df", "tbl", "data.frame"
), row.names = c(NA, -4L)), lasso_depth = structure(list(draw = 1:400, 
    `(Intercept)` = c(-0.0636755173209965, -0.0572262133955814, 
    -0.0666130952380953, -0.0694511866518586, -0.0778902144622569, 
    -0.0527842194773213, -0.0566773055646399, -0.0407991286396854, 
    -0.0694238807152188, -0.0566317739919801, -0.0543377649791967, 
    -0.0507060656739644, -0.0593099923339591, -0.0666130952380953, 
    -0.0592305603310685, -0.0666130952380953, -0.0694341880132107, 
    -0.0662357630175034, -0.0754373165246433, -0.0408114255204014, 
    -0.0143712959160702, -0.0680083294465259, -0.0640141872704216, 
    -0.0608483454941836, -0.0371178334174691, -0.0484265448584373, 
    -0.0723508899547889, -0.0582516876912071, -0.0641236959831263, 
    -0.0638439309772357, -0.0666130952380953, -0.0350858719586639, 
    -0.0666130952380953, -0.0781136785451352, -0.0819752615888395, 
    -0.106231041020897, -0.073342457362396, -0.0682243668723043, 
    -0.0666130952380953, -0.0718217498611039, -0.0617894526277186, 
    -0.0613314216932491, -0.0666130952380953, -0.0808314080610149, 
    -0.0688608811522511, -0.0720066872293529, -0.0580226496734543, 
    -0.0983727647464826, -0.0666130952380953, -0.0589830104996905, 
    -0.060090381168789, -0.0546057593801162, -0.0583987260067695, 
    -0.0760994211070317, -0.0723347592356047, -0.0720714068183619, 
    -0.0238494687414465, -0.089217290731542, -0.0734338633978178, 
    -0.0656498779290197, -0.0688212288413578, -0.0666130952380953, 
    -0.0479832795534662, -0.0676415993300181, -0.0439253565867457, 
    -0.0666130952380953, -0.0666130952380953, -0.0666130952380953, 
    -0.0669168899025656, -0.0615572119188559, -0.0666130952380953, 
    -0.06646434905546, -0.062468759119537, -0.0653402489094756, 
    -0.0717148183762116, -0.0819315785612163, -0.0699838192433576, 
    -0.0671090694951395, -0.0381785365687305, -0.0619488893332873, 
    -0.0299830829337709, -0.0666130952380953, -0.0681483392950367, 
    -0.0696723343392434, -0.043622701394144, -0.0774204690673265, 
    -0.0811155102253761, -0.0422413998160429, -0.0610323329557664, 
    -0.0690709469894984, -0.0644207038099062, -0.0536283370156692, 
    -0.0692617297957167, -0.0586846703344301, -0.0463149464339155, 
    -0.0584369956871113, -0.0610850441541934, -0.0553483431993575, 
    -0.0666130952380953, -0.0699331013832451, -0.0549755559419292, 
    -0.0779879530060164, -0.068856182696115, -0.0803344753888355, 
    -0.0542378725906815, -0.0666130952380953, -0.0627307826186284, 
    -0.0898268613354272, -0.0666130952380953, -0.0478684159508827, 
    -0.0466153332345481, -0.0718139059219737, -0.0549628176064385, 
    -0.069703213022419, -0.0312053750694447, -0.0714737070811274, 
    -0.0587767306508808, -0.0450939208405019, -0.0666130952380953, 
    -0.0660966133095373, -0.0541871568093885, -0.0677768860589031, 
    -0.0666130952380953, -0.0666130952380953, -0.0434040667882603, 
    -0.0666130952380953, -0.0420837569286556, -0.0762291095367442, 
    -0.0829822392926779, -0.0830001103654315, -0.0666130952380953, 
    -0.0666130952380953, -0.0471958845573376, -0.0764823676232355, 
    -0.0402643201557062, -0.0463121024045963, -0.0666130952380953, 
    -0.0439813304826412, -0.0789895863907902, -0.0479914661061557, 
    -0.0564818782547723, -0.0666130952380953, -0.0471437311945183, 
    -0.0721814987204171, -0.0666130952380953, -0.048500139245112, 
    -0.102013795004921, -0.0666130952380953, -0.0666130952380953, 
    -0.0663801060890981, -0.0660421733699612, -0.0666130952380953, 
    -0.0606299484030743, -0.0583750642757244, -0.0666130952380953, 
    -0.0738874800304385, -0.0666130952380953, -0.063983045117559, 
    -0.0423333391847638, -0.0666130952380953, -0.0618521685957206, 
    -0.0646241086491084, -0.0479458276036941, -0.0520125462533116, 
    -0.0666130952380953, -0.0723790545603558, -0.0610855290385474, 
    -0.0804295753756391, -0.0515229483249437, -0.0546445816615716, 
    -0.08472052473662, -0.0761418657633387, -0.0666130952380953, 
    -0.0666130952380953, -0.0637642377352804, -0.0515631379891144, 
    -0.0666130952380953, -0.0666130952380953, -0.0781841477581688, 
