run_x <-
structure(list(lm_df = structure(list(term = c("maxima_sc", "stretch_sc", 
"x_max_sc", "x_min_sc"), coef = c(0.11730010640076, 0.07260876806047, 
-0.0325964154980085, -0.0178657775981088), p_value = c(0.0226326646765307, 
0.00421726433974376, 0.130390718145934, 0.0990981305977618), 
    rand_var = c(0.244860958935047, 0.244860958935047, 0.244860958935047, 
    0.244860958935047), mean_rand = c(0.311310062235616, 0.311310062235616, 
    0.311310062235616, 0.311310062235616), sim_n = c(7L, 7L, 
    7L, 7L)), .Names = c("term", "coef", "p_value", "rand_var", 
"mean_rand", "sim_n"), class = c("tbl_df", "tbl", "data.frame"
), row.names = c(NA, -4L)), lasso_df = structure(list(var = c("maxima", 
"stretch", "x_max", "x_min"), mean = c(0.232270967061791, 0.110546310275561, 
-0.23449666334686, -0.12580426507415), prop = c(0.045, 0.115, 
0.005, 0.0125), rand_var = c(0.244860958935047, 0.244860958935047, 
0.244860958935047, 0.244860958935047), mean_rand = c(0.311310062235616, 
0.311310062235616, 0.311310062235616, 0.311310062235616), sim_n = c(7L, 
7L, 7L, 7L)), .Names = c("var", "mean", "prop", "rand_var", "mean_rand", 
"sim_n"), class = c("tbl_df", "tbl", "data.frame"), row.names = c(NA, 
-4L)), summ_stan_df = structure(list(shape1 = 3.90364898351936, 
    shape2 = 2.77477869845614, stretch = 0.978205073421655, x_min = -1.29664194871473, 
    x_max = 4.6910819234392, maxima = 3.09308035291433, rep = 7L), .Names = c("shape1", 
"shape2", "stretch", "x_min", "x_max", "maxima", "rep"), class = c("tbl_df", 
"tbl", "data.frame"), row.names = c(NA, -1L))), .Names = c("lm_df", 
"lasso_df", "summ_stan_df"))
run_x <-
structure(list(lm_df = structure(list(term = c("maxima_sc", "stretch_sc", 
"x_max_sc", "x_min_sc"), coef = c(0.11730010640076, 0.07260876806047, 
-0.0325964154980085, -0.0178657775981088), p_value = c(0.0226326646765307, 
0.00421726433974376, 0.130390718145934, 0.0990981305977618), 
    rand_var = c(0.244860958935047, 0.244860958935047, 0.244860958935047, 
    0.244860958935047), mean_rand = c(0.311310062235616, 0.311310062235616, 
    0.311310062235616, 0.311310062235616), sim_n = c(7L, 7L, 
    7L, 7L)), .Names = c("term", "coef", "p_value", "rand_var", 
"mean_rand", "sim_n"), class = c("tbl_df", "tbl", "data.frame"
), row.names = c(NA, -4L)), lasso_df = structure(list(var = c("maxima", 
"stretch", "x_max", "x_min"), mean = c(0.232270967061791, 0.110546310275561, 
-0.23449666334686, -0.12580426507415), prop = c(0.045, 0.115, 
0.005, 0.0125), rand_var = c(0.244860958935047, 0.244860958935047, 
0.244860958935047, 0.244860958935047), mean_rand = c(0.311310062235616, 
0.311310062235616, 0.311310062235616, 0.311310062235616), sim_n = c(7L, 
7L, 7L, 7L)), .Names = c("var", "mean", "prop", "rand_var", "mean_rand", 
"sim_n"), class = c("tbl_df", "tbl", "data.frame"), row.names = c(NA, 
-4L)), summ_stan_df = structure(list(shape1 = 3.90364898351936, 
    shape2 = 2.77477869845614, stretch = 0.978205073421655, x_min = -1.29664194871473, 
    x_max = 4.6910819234392, maxima = 3.09308035291433, rep = 7L), .Names = c("shape1", 
"shape2", "stretch", "x_min", "x_max", "maxima", "rep"), class = c("tbl_df", 
"tbl", "data.frame"), row.names = c(NA, -1L))), .Names = c("lm_df", 
"lasso_df", "summ_stan_df"))
run_x <-
structure(list(lasso_df = structure(list(var = c("maxima", "stretch", 
"x_max", "x_min"), mean = c(-0.0137584781806063, 0.0723057417324968, 
-0.0568708367820157, -0.0970949938120768), prop = c(0.0225, 0.1075, 
0.005, 0.0175), rand_var = c(0.244860958935047, 0.244860958935047, 
0.244860958935047, 0.244860958935047), mean_rand = c(0.311310062235616, 
0.311310062235616, 0.311310062235616, 0.311310062235616), sim_n = c(7L, 
7L, 7L, 7L)), .Names = c("var", "mean", "prop", "rand_var", "mean_rand", 
"sim_n"), class = c("tbl_df", "tbl", "data.frame"), row.names = c(NA, 
-4L)), lasso_depth = structure(list(draw = 1:400, `(Intercept)` = c(-0.033716272416834, 
-0.0786195949837561, -0.0714825033222205, -0.0494511056129631, 
-0.0591077449453443, -0.0504040117383123, -0.0700796819132633, 
-0.0710996355647151, -0.0763891163154437, -0.0562398802417693, 
-0.0583182187564991, -0.0325405518419435, -0.0709878866786521, 
-0.0416031507816565, -0.0716406735826391, -0.0463254312940919, 
-0.0659099993121118, -0.05978953381682, -0.0913338809103506, 
-0.0522135142551061, -0.0697763396753718, -0.0800929943910764, 
-0.06558401104585, -0.0998846379964397, -0.0562695568671915, 
-0.104086545669828, -0.0616746229068587, -0.0610024354296773, 
-0.0659827195060668, -0.0509808392631618, -0.0655682959944362, 
-0.0619567832718387, -0.0644833534025938, -0.0625830139048309, 
-0.0592888691685313, -0.0473878414833617, -0.108876448718046, 
-0.0590474125094644, -0.0645257739347365, -0.0794851596166349, 
-0.0604672290022506, -0.0635750293074875, -0.0681366300068093, 
-0.0902139004083318, -0.0694619780430576, -0.0679216936658413, 
-0.0682173107497924, -0.0617476987408271, -0.0612822567523416, 
-0.0551062023469948, -0.0545182414868232, -0.0627112574614003, 
-0.0675066669658752, -0.0777018206690873, -0.0805020072110324, 
-0.0660214360522624, -0.0641485369206851, -0.0793423894659049, 
-0.0796482850437709, -0.0566411110178872, -0.0639473376499121, 
-0.0721182871611042, -0.0786281232988953, -0.0748932739337864, 
-0.0626806375552302, -0.0546341310832957, -0.0652266952182565, 
-0.0420402919523056, -0.0678868074826415, -0.0501916539888172, 
-0.0569066174535802, -0.0707043921404706, -0.0737171086695243, 
-0.065591583835639, -0.0633150204565415, -0.0430847246404725, 
-0.0578623416370971, -0.0471512386963727, -0.0405558954660833, 
-0.0757304284554927, -0.0717600533704601, -0.0596476772171463, 
-0.0857887417836278, -0.0652616136277835, -0.0602176140458866, 
-0.0580516899073718, -0.0691154794044846, -0.0739117100418358, 
-0.0649282596149302, -0.0801931690753651, -0.0506437738642557, 
-0.0728865099939954, -0.0666130952380953, -0.0378526131819205, 
-0.0816606775012515, -0.0567718267716324, -0.0777428329937768, 
-0.0664088603212795, -0.0600759571378387, -0.0733162755532226, 
-0.0520042024620467, -0.0748542732097245, -0.0693673628836647, 
-0.0611792659165849, -0.0577560343462658, -0.068027957995517, 
-0.0663207579610226, -0.0628501637286087, -0.0544157960102713, 
-0.0596453721325373, -0.0644521387167184, -0.0643687084134481, 
-0.0806776380138016, -0.0624474043356203, -0.0884244497252333, 
-0.0261090396903447, -0.0635549705270073, -0.0638949308704611, 
-0.0686804054535397, -0.0612697358973474, -0.0353120258932742, 
-0.0607249936951578, -0.0603803451846998, -0.0620867426334132, 
-0.0613441817352032, -0.0660211726200415, -0.0434343359896247, 
-0.077001562638202, -0.0576994584028053, -0.0609451804980889, 
-0.0603108899158268, -0.0619485355892571, -0.0520661802043844, 
-0.0598379997797682, -0.0422884434161177, -0.0225435389446117, 
-0.0631219435834272, -0.0660043160384811, -0.0606099666798154, 
-0.056430426434685, -0.077312339288333, -0.0625342386870822, 
-0.0796772806961739, -0.0563921454820996, -0.0577908444432125, 
-0.0554142133097438, -0.0662219411913475, -0.0604374950338358, 
-0.0666130952380953, -0.0697228845578392, -0.0731570694481539, 
-0.0641289516866106, -0.056910203770499, -0.0656857211233459, 
-0.0487168882693053, -0.0525077745700037, -0.0868918558757625, 
-0.0732353573490316, -0.0734918510270265, -0.06680230635229, 
-0.0948484342346156, -0.0730262288034252, -0.075216758974678, 
-0.0645943029270818, -0.0518761472888023, -0.0499239038076018, 
-0.0749350550269936, -0.084685629201329, -0.0533035167384797, 
-0.0645668022944005, -0.0734512914173112, -0.0678131044640179, 
-0.0672683664465828, -0.0598063056333593, -0.0433959174517584, 
-0.0589912637012369, -0.0573159983149721, -0.0573338704722979, 
-0.0710551397493716, -0.0631742132657222, -0.0564027375005903, 
-0.0516873823657547, -0.0722782697445529, -0.0572582225860536, 
-0.0745355061265142, -0.0605293285660905, -0.0618680765454985, 
-0.0626481604915055, -0.0752251346528186, -0.0666130952380953, 
-0.0446153555718198, -0.0611759546476601, -0.0701362818442977, 
