run_x <-
structure(list(lm_df = structure(list(term = c("maxima_sc", "stretch_sc", 
"x_max_sc", "x_min_sc"), coef = c(0.0208591686842234, 0.0583262657418715, 
-0.0275490073997327, -0.0152979052028836), p_value = c(0.176082671244928, 
0.00331869297407006, 0.223446411779463, 0.253334459386408), rand_var = c(1.97900994824802, 
1.97900994824802, 1.97900994824802, 1.97900994824802), mean_rand = c(-0.707712359679283, 
-0.707712359679283, -0.707712359679283, -0.707712359679283), 
    sim_n = c(50L, 50L, 50L, 50L)), .Names = c("term", "coef", 
"p_value", "rand_var", "mean_rand", "sim_n"), class = c("tbl_df", 
"tbl", "data.frame"), row.names = c(NA, -4L)), lasso_df = structure(list(
    var = c("maxima", "stretch", "x_max", "x_min"), mean = c(0.556351231023723, 
    0.305677563010112, -0.313419317243119, -0.293766658182267
    ), prop = c(0.145, 0.315, 0.0625, 0.02), rand_var = c(1.97900994824802, 
    1.97900994824802, 1.97900994824802, 1.97900994824802), mean_rand = c(-0.707712359679283, 
    -0.707712359679283, -0.707712359679283, -0.707712359679283
    ), sim_n = c(50L, 50L, 50L, 50L)), .Names = c("var", "mean", 
"prop", "rand_var", "mean_rand", "sim_n"), class = c("tbl_df", 
"tbl", "data.frame"), row.names = c(NA, -4L)), summ_stan_df = structure(list(
    shape1 = 3.91930502753635, shape2 = 4.25541697486473, stretch = 0.850410516135535, 
    x_min = -0.239949359321363, x_max = 2.9574290164511, maxima = 1.78075241920589, 
    rep = 50L), .Names = c("shape1", "shape2", "stretch", "x_min", 
"x_max", "maxima", "rep"), class = c("tbl_df", "tbl", "data.frame"
), row.names = c(NA, -1L))), .Names = c("lm_df", "lasso_df", 
"summ_stan_df"))
run_x <-
structure(list(lm_df = structure(list(term = c("maxima_sc", "stretch_sc", 
"x_max_sc", "x_min_sc"), coef = c(0.0208591686842234, 0.0583262657418715, 
-0.0275490073997327, -0.0152979052028836), p_value = c(0.176082671244928, 
0.00331869297407006, 0.223446411779463, 0.253334459386408), rand_var = c(1.97900994824802, 
1.97900994824802, 1.97900994824802, 1.97900994824802), mean_rand = c(-0.707712359679283, 
-0.707712359679283, -0.707712359679283, -0.707712359679283), 
    sim_n = c(50L, 50L, 50L, 50L)), .Names = c("term", "coef", 
"p_value", "rand_var", "mean_rand", "sim_n"), class = c("tbl_df", 
"tbl", "data.frame"), row.names = c(NA, -4L)), lasso_df = structure(list(
    var = c("maxima", "stretch", "x_max", "x_min"), mean = c(0.556351231023723, 
    0.305677563010112, -0.313419317243119, -0.293766658182267
    ), prop = c(0.145, 0.315, 0.0625, 0.02), rand_var = c(1.97900994824802, 
    1.97900994824802, 1.97900994824802, 1.97900994824802), mean_rand = c(-0.707712359679283, 
    -0.707712359679283, -0.707712359679283, -0.707712359679283
    ), sim_n = c(50L, 50L, 50L, 50L)), .Names = c("var", "mean", 
"prop", "rand_var", "mean_rand", "sim_n"), class = c("tbl_df", 
"tbl", "data.frame"), row.names = c(NA, -4L)), summ_stan_df = structure(list(
    shape1 = 3.91930502753635, shape2 = 4.25541697486473, stretch = 0.850410516135535, 
    x_min = -0.239949359321363, x_max = 2.9574290164511, maxima = 1.78075241920589, 
    rep = 50L), .Names = c("shape1", "shape2", "stretch", "x_min", 
"x_max", "maxima", "rep"), class = c("tbl_df", "tbl", "data.frame"
), row.names = c(NA, -1L))), .Names = c("lm_df", "lasso_df", 
"summ_stan_df"))
