run_x <-
structure(list(lm_df = structure(list(term = c("maxima_sc", "stretch_sc", 
"x_max_sc", "x_min_sc"), coef = c(-0.0519629675833676, 0.042663257358821, 
0.0138018975260662, -0.0174998630473031), p_value = c(0.0264048898737719, 
0.0279612591005909, 0.16036670764908, 0.123217410114844), rand_var = c(3.99998663917421, 
3.99998663917421, 3.99998663917421, 3.99998663917421), mean_rand = c(-0.999998747417497, 
-0.999998747417497, -0.999998747417497, -0.999998747417497), 
    sim_n = c(100L, 100L, 100L, 100L)), .Names = c("term", "coef", 
"p_value", "rand_var", "mean_rand", "sim_n"), class = c("tbl_df", 
"tbl", "data.frame"), row.names = c(NA, -4L)), lasso_df = structure(list(
    var = c("maxima", "stretch", "x_max", "x_min"), mean = c(-0.402009710497432, 
    0.243889009632885, 0.0663643256352051, -0.156752333335993
    ), prop = c(0.01, 0.2075, 0.075, 0.0375), rand_var = c(3.99998663917421, 
    3.99998663917421, 3.99998663917421, 3.99998663917421), mean_rand = c(-0.999998747417497, 
    -0.999998747417497, -0.999998747417497, -0.999998747417497
    ), sim_n = c(100L, 100L, 100L, 100L)), .Names = c("var", 
"mean", "prop", "rand_var", "mean_rand", "sim_n"), class = c("tbl_df", 
"tbl", "data.frame"), row.names = c(NA, -4L)), summ_stan_df = structure(list(
    shape1 = 4.17615621428479, shape2 = 4.57564509451487, stretch = 1.3808503071987, 
    x_min = -1.10923073341386, x_max = 3.73833865449689, maxima = 2.03303122735223, 
    rep = 100L), .Names = c("shape1", "shape2", "stretch", "x_min", 
"x_max", "maxima", "rep"), class = c("tbl_df", "tbl", "data.frame"
), row.names = c(NA, -1L))), .Names = c("lm_df", "lasso_df", 
"summ_stan_df"))
run_x <-
structure(list(lm_df = structure(list(term = c("maxima_sc", "stretch_sc", 
"x_max_sc", "x_min_sc"), coef = c(-0.0519629675833676, 0.042663257358821, 
0.0138018975260662, -0.0174998630473031), p_value = c(0.0264048898737719, 
0.0279612591005909, 0.16036670764908, 0.123217410114844), rand_var = c(3.99998663917421, 
3.99998663917421, 3.99998663917421, 3.99998663917421), mean_rand = c(-0.999998747417497, 
-0.999998747417497, -0.999998747417497, -0.999998747417497), 
    sim_n = c(100L, 100L, 100L, 100L)), .Names = c("term", "coef", 
"p_value", "rand_var", "mean_rand", "sim_n"), class = c("tbl_df", 
"tbl", "data.frame"), row.names = c(NA, -4L)), lasso_df = structure(list(
    var = c("maxima", "stretch", "x_max", "x_min"), mean = c(-0.402009710497432, 
    0.243889009632885, 0.0663643256352051, -0.156752333335993
    ), prop = c(0.01, 0.2075, 0.075, 0.0375), rand_var = c(3.99998663917421, 
    3.99998663917421, 3.99998663917421, 3.99998663917421), mean_rand = c(-0.999998747417497, 
    -0.999998747417497, -0.999998747417497, -0.999998747417497
    ), sim_n = c(100L, 100L, 100L, 100L)), .Names = c("var", 
"mean", "prop", "rand_var", "mean_rand", "sim_n"), class = c("tbl_df", 
"tbl", "data.frame"), row.names = c(NA, -4L)), summ_stan_df = structure(list(
    shape1 = 4.17615621428479, shape2 = 4.57564509451487, stretch = 1.3808503071987, 
    x_min = -1.10923073341386, x_max = 3.73833865449689, maxima = 2.03303122735223, 
    rep = 100L), .Names = c("shape1", "shape2", "stretch", "x_min", 
"x_max", "maxima", "rep"), class = c("tbl_df", "tbl", "data.frame"
), row.names = c(NA, -1L))), .Names = c("lm_df", "lasso_df", 
"summ_stan_df"))
run_x <-
structure(list(lasso_df = structure(list(var = c("maxima", "stretch", 
"x_max", "x_min"), mean = c(-0.397867645301583, 0.168632681710607, 
-0.0294458616103941, -0.194748812500369), prop = c(0.01, 0.1775, 
0.0675, 0.03), rand_var = c(3.99998663917421, 3.99998663917421, 
3.99998663917421, 3.99998663917421), mean_rand = c(-0.999998747417497, 
-0.999998747417497, -0.999998747417497, -0.999998747417497), 
    sim_n = c(100L, 100L, 100L, 100L)), .Names = c("var", "mean", 
"prop", "rand_var", "mean_rand", "sim_n"), class = c("tbl_df", 
"tbl", "data.frame"), row.names = c(NA, -4L)), lasso_depth = structure(list(
    draw = 1:400, `(Intercept)` = c(-0.0666130952380953, -0.0258614542403992, 
    -0.0599464557563022, -0.0666130952380953, -0.0666130952380953, 
    -0.0716100808656739, 0.0262650235999536, -0.0666130952380953, 
    -0.045743045943213, -0.0755311694883846, -0.0494804777906379, 
    -0.0658151587793186, -0.0672775675603781, -0.0666130952380953, 
    -0.0542422793940465, -0.0666130952380953, -0.058731741796363, 
    -0.0485780546926999, -0.0584545597851782, -0.0375689644351281, 
    -0.0618153098446907, -0.00451093259399171, -0.0666130952380953, 
    -0.0666130952380953, -0.0666130952380953, -0.0340418879793319, 
    -0.0666130952380953, -0.0335382014505645, -0.0708430466061352, 
    -0.0666130952380953, -0.0666130952380953, -0.0349809072221751, 
    -0.0566504550598594, -0.0682710558368073, -0.0590234731346842, 
    -0.0599893429890995, -0.0666130952380953, -0.0666130952380953, 
    -0.0666130952380953, -0.0593957642917527, -0.0666130952380953, 
    -0.0666130952380953, -0.0666130952380953, -0.0666130952380953, 
    -0.0666130952380953, -0.0687828712809835, -0.0819255921430818, 
    -0.0666130952380953, -0.0622949339915912, -0.0801604117536868, 
    -0.0673703326076064, -0.0486645075983859, -0.048631722921182, 
    -0.0666130952380953, -0.0666130952380953, -0.0594331473159729, 
    -0.0476260773670426, -0.0666130952380953, -0.0362386144286418, 
    -0.0602587661863557, -0.0774748633209436, -0.0542333486719718, 
    -0.0666130952380953, -0.0619084335322866, -0.0581415401626901, 
    -0.0666130952380953, -0.0589991102782907, -0.0666130952380953, 
    -0.0742710831112263, -0.0666130952380953, -0.0390168963408081, 
    -0.0672102936882175, -0.0666130952380953, -0.0666130952380953, 
    -0.0258421859366621, -0.0666130952380953, -0.0816765242682322, 
    -0.0666130952380953, -0.0666130952380953, -0.0444653053316808, 
    -0.0666130952380953, -0.0457425459049457, -0.0488845272285483, 
    -0.0418209592178026, -0.0626864961418122, -0.0666130952380953, 
    -0.0812208477193055, -0.0636229932802008, -0.0805347713150652, 
    -0.046704551830435, -0.0666130952380953, -0.0666130952380953, 
    -0.0666130952380953, -0.0666130952380953, -0.0305631956284405, 
    -0.0973135403606563, -0.0532127540900098, -0.0393489145627167, 
    -0.0666130952380953, -0.0666130952380953, -0.0286912516325585, 
    -0.0129876343550748, -0.0299434352148956, -0.0891128380569939, 
    -0.0644280197785353, -0.0567401296407796, -0.0731492204755747, 
    -0.0666130952380953, -0.0812091638557657, -0.0493566139344412, 
    -0.0364261413180367, -0.0433837758844321, -0.0666130952380953, 
    -0.0693469617530686, -0.0666130952380953, -0.0599060443615215, 
    -0.0666130952380953, -0.0666130952380953, -0.0643886367570766, 
    -0.0605616513463027, -0.0666130952380953, -0.0774463310809653, 
    -0.0272118559008243, -0.0409411866723436, -0.0596703739203446, 
    -0.0569858357587421, -0.0666130952380953, -0.0458008357607694, 
    -0.0666130952380953, -0.063574615793714, -0.00939643982552564, 
    -0.0397661179083793, -0.0487443282272396, -0.0466815909419417, 
    -0.0633753723207388, -0.0666130952380953, -0.0200401592369904, 
    -0.0666130952380953, -0.0915032386416043, -0.0666130952380953, 
    0.0184025380953504, -0.0990441415546, -0.094361542423884, 
    0.0131450498538286, -0.0384450187264792, -0.0536171079929048, 
    -0.0747243391029938, -0.0666130952380953, -0.0609618416114864, 
    -0.0666130952380953, -0.060841085168851, -0.0702522143789552, 
    -0.087552332920693, -0.0666130952380953, -0.0666130952380953, 
    -0.0714704278445201, -0.0772894100958992, -0.064419783082735, 
    -0.0666130952380953, -0.0552873735895408, -0.0666130952380953, 
    -0.0775753974902664, -0.0477326556831768, -0.0379026254060998, 
    -0.0944128942189766, -0.0689090614992127, -0.0760665922908774, 
    -0.0667661215709644, -0.0666130952380953, -0.0939462956207904, 
    -0.0666130952380953, -0.0666130952380953, -0.105862414652239, 
    -0.0666130952380953, -0.0666130952380953, -0.0666130952380953, 
