run_x <-
structure(list(lm_df = structure(list(term = c("maxima_sc", "stretch_sc", 
"x_max_sc", "x_min_sc"), coef = c(0.0416889384931699, 0.0348920298681628, 
0.0203335487783867, -0.0217758501247789), p_value = c(0.112282007792245, 
0.0483269497069384, 0.163605668523453, 0.11428101094654), rand_var = c(3.02162823451485, 
3.02162823451485, 3.02162823451485, 3.02162823451485), mean_rand = c(1.0859880191301, 
1.0859880191301, 1.0859880191301, 1.0859880191301), sim_n = c(76L, 
76L, 76L, 76L)), .Names = c("term", "coef", "p_value", "rand_var", 
"mean_rand", "sim_n"), class = c("tbl_df", "tbl", "data.frame"
), row.names = c(NA, -4L)), lasso_df = structure(list(var = c("maxima", 
"stretch", "x_max", "x_min"), mean = c(0.603842513747324, 0.121938936793219, 
-0.0972545534573509, -0.181224869978938), prop = c(0.1025, 0.1375, 
0.06, 0.0175), rand_var = c(3.02162823451485, 3.02162823451485, 
3.02162823451485, 3.02162823451485), mean_rand = c(1.0859880191301, 
1.0859880191301, 1.0859880191301, 1.0859880191301), sim_n = c(76L, 
76L, 76L, 76L)), .Names = c("var", "mean", "prop", "rand_var", 
"mean_rand", "sim_n"), class = c("tbl_df", "tbl", "data.frame"
), row.names = c(NA, -4L)), summ_stan_df = structure(list(shape1 = 3.83850113991562, 
    shape2 = 3.2706109940225, stretch = 1.41509630134981, x_min = -0.10479311295389, 
    x_max = 3.92956960780227, maxima = 2.62932175272407, rep = 76L), .Names = c("shape1", 
"shape2", "stretch", "x_min", "x_max", "maxima", "rep"), class = c("tbl_df", 
"tbl", "data.frame"), row.names = c(NA, -1L))), .Names = c("lm_df", 
"lasso_df", "summ_stan_df"))
run_x <-
structure(list(lm_df = structure(list(term = c("maxima_sc", "stretch_sc", 
"x_max_sc", "x_min_sc"), coef = c(0.0416889384931699, 0.0348920298681628, 
0.0203335487783867, -0.0217758501247789), p_value = c(0.112282007792245, 
0.0483269497069384, 0.163605668523453, 0.11428101094654), rand_var = c(3.02162823451485, 
3.02162823451485, 3.02162823451485, 3.02162823451485), mean_rand = c(1.0859880191301, 
1.0859880191301, 1.0859880191301, 1.0859880191301), sim_n = c(76L, 
76L, 76L, 76L)), .Names = c("term", "coef", "p_value", "rand_var", 
"mean_rand", "sim_n"), class = c("tbl_df", "tbl", "data.frame"
), row.names = c(NA, -4L)), lasso_df = structure(list(var = c("maxima", 
"stretch", "x_max", "x_min"), mean = c(0.603842513747324, 0.121938936793219, 
-0.0972545534573509, -0.181224869978938), prop = c(0.1025, 0.1375, 
0.06, 0.0175), rand_var = c(3.02162823451485, 3.02162823451485, 
3.02162823451485, 3.02162823451485), mean_rand = c(1.0859880191301, 
1.0859880191301, 1.0859880191301, 1.0859880191301), sim_n = c(76L, 
76L, 76L, 76L)), .Names = c("var", "mean", "prop", "rand_var", 
"mean_rand", "sim_n"), class = c("tbl_df", "tbl", "data.frame"
), row.names = c(NA, -4L)), summ_stan_df = structure(list(shape1 = 3.83850113991562, 
    shape2 = 3.2706109940225, stretch = 1.41509630134981, x_min = -0.10479311295389, 
    x_max = 3.92956960780227, maxima = 2.62932175272407, rep = 76L), .Names = c("shape1", 
"shape2", "stretch", "x_min", "x_max", "maxima", "rep"), class = c("tbl_df", 
"tbl", "data.frame"), row.names = c(NA, -1L))), .Names = c("lm_df", 
"lasso_df", "summ_stan_df"))
run_x <-
structure(list(lasso_df = structure(list(var = c("maxima", "stretch", 
"x_max", "x_min"), mean = c(0.712075543432349, 0.231608766240399, 
0.812143387209105, -0.115752421221399), prop = c(0.155, 0.1475, 
0.08, 0.03), rand_var = c(3.02162823451485, 3.02162823451485, 
3.02162823451485, 3.02162823451485), mean_rand = c(1.0859880191301, 
1.0859880191301, 1.0859880191301, 1.0859880191301), sim_n = c(76L, 
76L, 76L, 76L)), .Names = c("var", "mean", "prop", "rand_var", 
"mean_rand", "sim_n"), class = c("tbl_df", "tbl", "data.frame"
), row.names = c(NA, -4L)), lasso_depth = structure(list(draw = 1:400, 
    `(Intercept)` = c(-0.0799524297715229, -0.0778690718146498, 
    -0.0800007285764477, -0.0899184224060445, -0.0923720479049219, 
    -0.0816623833999019, -0.0790271131479493, -0.0916884754815515, 
    -0.0920304472009932, -0.0829022442924257, -0.105336641520919, 
    -0.133368908292362, -0.0789198458656334, -0.10030060333991, 
    -0.114573475337829, -0.102620119816487, -0.0836339387972779, 
    -0.0877159506247655, -0.0782132969839883, -0.0826988777909162, 
    -0.0944134501547788, -0.0909381661424488, -0.0847805331893677, 
    -0.106657584869671, -0.106513307277286, -0.0811410616921247, 
    -0.0832980893012518, -0.0816223974991039, -0.0947291062568152, 
    -0.0742852475665776, -0.0917978415868899, -0.0665731245132457, 
    -0.0852672424493461, -0.0967741579900648, -0.0806302565446156, 
    -0.0826401255721903, -0.0815856822309056, -0.0883611752301256, 
    -0.14014643228719, -0.0925873893232815, -0.0925894696406654, 
    -0.0962474132270362, -0.115779755202295, -0.0876624288063713, 
    -0.0830926000520035, -0.0497029375681402, -0.113571899020597, 
    -0.131805025171116, -0.0726833402285944, -0.086161826546952, 
    -0.0863603859678492, -0.0973381470211744, -0.102934271169993, 
    -0.0806740106020386, -0.0867706831575324, -0.0883831539286664, 
    -0.105038709619861, -0.0771123506603662, -0.102465846032181, 
    -0.0849861507746282, -0.0539370535265429, -0.0980497651643156, 
    -0.0800093994427468, -0.0931857349687262, -0.115993964614251, 
    -0.0730072566485185, -0.0893466491033779, -0.0860132294381653, 
    -0.0730486526965677, -0.100458124280475, -0.0838461725537404, 
    -0.0846202166290715, -0.0460881881480437, -0.0811329444683589, 
    -0.0815763697477314, -0.0864591064718708, -0.0650267912159165, 
    -0.102849559417255, -0.0841417450742579, -0.0866038190887918, 
    -0.0501756183273913, -0.0852223942564495, -0.135973560793291, 
    -0.0958266158965809, -0.0837982562175308, -0.0825354790409774, 
    -0.0842805176723835, -0.107894595178734, -0.153657447400893, 
    -0.105634012092285, -0.0807996234651224, -0.0994019640948722, 
    -0.0715047110758641, -0.0666130952380953, -0.0964769441451817, 
    -0.0857155645043639, -0.110905972006782, -0.102692343148406, 
    -0.120634497447415, -0.0762694127045534, -0.0666130952380953, 
    -0.0666130952380953, -0.0741485722666854, -0.0666130952380953, 
    -0.075452443435356, -0.0666130952380953, -0.0653044497628901, 
    -0.0666130952380953, -0.219228785005725, -0.00974958922652192, 
    -0.0666130952380953, -0.0666130952380953, -0.0666130952380953, 
    -0.0666130952380953, -0.0666130952380953, -0.0666130952380953, 
    -0.233043616337302, -0.0666130952380953, -0.22493388582769, 
    -0.0666130952380953, 0.25184337708058, -0.0666130952380953, 
    -0.0666130952380953, -0.0666130952380953, -0.0666130952380953, 
    -0.0666130952380953, -0.180069765225285, -0.0707525312929213, 
    -0.0666130952380953, -0.0681246237201906, -0.0666130952380953, 
    -0.0666130952380953, -0.0666130952380953, -0.0666130952380953, 
    -0.0583684167334409, -0.0666130952380953, 0.458955009518826, 
    -0.274321395933416, -0.0666130952380953, -0.0620711816097028, 
    -0.0906300721640763, -0.0666130952380953, -0.0666130952380953, 
    -0.0833598198525006, -0.12637476405107, -0.296642138642491, 
    -0.0666130952380953, -0.0666130952380953, -0.0666130952380953, 
    -0.0666130952380953, -0.410955368741103, -0.0666130952380953, 
    -0.0666130952380953, -0.0666130952380953, -0.0666130952380953, 
    -0.0784954802813417, -0.0666130952380953, -0.0666130952380953, 
    -0.0666130952380953, -0.0666130952380953, -0.03478181812654, 
    -0.362456789439966, -0.0666130952380953, -0.0666130952380953, 
    -0.0673908653362489, -0.0666130952380953, -0.0666130952380953, 
    -0.15301975461436, -0.0666130952380953, -0.268264279605832, 
    -0.0632284047322365, -0.0666130952380953, -0.0666130952380953, 
    -0.0666130952380953, -0.0851204513670424, -0.0666130952380953, 
    -0.0802540937068048, -0.0666130952380953, -0.0839344347125341, 
    -0.0669778421606282, -0.148182876466203, -0.0130988299490563, 
    -0.0647109511224047, -0.072171580251435, -0.0666130952380953, 
