run_x <-
structure(list(lm_df = structure(list(term = c("maxima_sc", "stretch_sc", 
"x_max_sc", "x_min_sc"), coef = c(-0.0126374798187331, 0.063239291781349, 
0.00648434761855273, -0.0102808730393577), p_value = c(0.24837462565137, 
0.000528410349787863, 0.168997915802512, 0.18052231816896), rand_var = c(1.0930647108335, 
1.0930647108335, 1.0930647108335, 1.0930647108335), mean_rand = c(-0.765713982012708, 
-0.765713982012708, -0.765713982012708, -0.765713982012708), 
    sim_n = c(28L, 28L, 28L, 28L)), .Names = c("term", "coef", 
"p_value", "rand_var", "mean_rand", "sim_n"), class = c("tbl_df", 
"tbl", "data.frame"), row.names = c(NA, -4L)), lasso_df = structure(list(
    var = c("maxima", "stretch", "x_max", "x_min"), mean = c(-0.109284056008043, 
    0.450123732536494, 0.0388386510625885, 0.0558509712919373
    ), prop = c(0.0225, 0.5275, 0.0275, 0.075), rand_var = c(1.0930647108335, 
    1.0930647108335, 1.0930647108335, 1.0930647108335), mean_rand = c(-0.765713982012708, 
    -0.765713982012708, -0.765713982012708, -0.765713982012708
    ), sim_n = c(28L, 28L, 28L, 28L)), .Names = c("var", "mean", 
"prop", "rand_var", "mean_rand", "sim_n"), class = c("tbl_df", 
"tbl", "data.frame"), row.names = c(NA, -4L)), summ_stan_df = structure(list(
    shape1 = 3.05728510883859, shape2 = 5.15168064347455, stretch = 1.17943301882645, 
    x_min = 0.11017863484006, x_max = 3.51039331017937, maxima = 1.85488248772216, 
    rep = 28L), .Names = c("shape1", "shape2", "stretch", "x_min", 
"x_max", "maxima", "rep"), class = c("tbl_df", "tbl", "data.frame"
), row.names = c(NA, -1L))), .Names = c("lm_df", "lasso_df", 
"summ_stan_df"))
run_x <-
structure(list(lm_df = structure(list(term = c("maxima_sc", "stretch_sc", 
"x_max_sc", "x_min_sc"), coef = c(-0.0126374798187331, 0.063239291781349, 
0.00648434761855273, -0.0102808730393577), p_value = c(0.24837462565137, 
0.000528410349787863, 0.168997915802512, 0.18052231816896), rand_var = c(1.0930647108335, 
1.0930647108335, 1.0930647108335, 1.0930647108335), mean_rand = c(-0.765713982012708, 
-0.765713982012708, -0.765713982012708, -0.765713982012708), 
    sim_n = c(28L, 28L, 28L, 28L)), .Names = c("term", "coef", 
"p_value", "rand_var", "mean_rand", "sim_n"), class = c("tbl_df", 
"tbl", "data.frame"), row.names = c(NA, -4L)), lasso_df = structure(list(
    var = c("maxima", "stretch", "x_max", "x_min"), mean = c(-0.109284056008043, 
    0.450123732536494, 0.0388386510625885, 0.0558509712919373
    ), prop = c(0.0225, 0.5275, 0.0275, 0.075), rand_var = c(1.0930647108335, 
    1.0930647108335, 1.0930647108335, 1.0930647108335), mean_rand = c(-0.765713982012708, 
    -0.765713982012708, -0.765713982012708, -0.765713982012708
    ), sim_n = c(28L, 28L, 28L, 28L)), .Names = c("var", "mean", 
"prop", "rand_var", "mean_rand", "sim_n"), class = c("tbl_df", 
"tbl", "data.frame"), row.names = c(NA, -4L)), summ_stan_df = structure(list(
    shape1 = 3.05728510883859, shape2 = 5.15168064347455, stretch = 1.17943301882645, 
    x_min = 0.11017863484006, x_max = 3.51039331017937, maxima = 1.85488248772216, 
    rep = 28L), .Names = c("shape1", "shape2", "stretch", "x_min", 
"x_max", "maxima", "rep"), class = c("tbl_df", "tbl", "data.frame"
), row.names = c(NA, -1L))), .Names = c("lm_df", "lasso_df", 
"summ_stan_df"))
run_x <-
structure(list(lasso_df = structure(list(var = c("maxima", "stretch", 
"x_max", "x_min"), mean = c(-0.098430724549641, 0.498409458504545, 
-0.10983908090802, -0.0528970251081576), prop = c(0.035, 0.5375, 
0.025, 0.06), rand_var = c(1.0930647108335, 1.0930647108335, 
1.0930647108335, 1.0930647108335), mean_rand = c(-0.765713982012708, 
-0.765713982012708, -0.765713982012708, -0.765713982012708), 
    sim_n = c(28L, 28L, 28L, 28L)), .Names = c("var", "mean", 
"prop", "rand_var", "mean_rand", "sim_n"), class = c("tbl_df", 
"tbl", "data.frame"), row.names = c(NA, -4L)), lasso_depth = structure(list(
    draw = 1:400, `(Intercept)` = c(-0.059466925770561, -0.0756959695054638, 
    -0.0588951051222961, -0.0612041826777312, -0.0674659557261136, 
    -0.0500210056435112, -0.0629705079628976, -0.0757476743354211, 
    -0.0619240683321984, -0.0593963050723279, -0.0708020866964943, 
    -0.0625400679428372, -0.0688825986858306, -0.0725959433783423, 
    -0.0632337832423251, -0.0723134841549026, -0.101072542670557, 
    -0.0729610841732701, -0.0617289170433574, -0.0484573411959652, 
    -0.0483482738648235, -0.0539350997854276, -0.0718614526516655, 
    -0.0687403315841346, -0.0822989348887034, -0.0744522796357538, 
    -0.0677946927860366, -0.0683617001770158, -0.0608811735961421, 
    -0.0711123597691404, -0.0713979578252049, -0.0753731384274987, 
    -0.0696416761373552, -0.0744674188413359, -0.0741587152848272, 
    -0.085046490258437, -0.0637394373822356, -0.064434392506588, 
    -0.0536619316076603, -0.0712389273924139, -0.0619459293715168, 
    -0.0693357396850975, -0.0731387612435517, -0.0645227620961851, 
    -0.0758370211564879, -0.0639514480238848, -0.0765003131114644, 
    -0.062925885901632, -0.0729171045139707, -0.0699953195609212, 
    -0.066412601227046, -0.0626971849499791, -0.0629463827437305, 
    -0.0668126415180904, -0.0616372285698959, -0.0617462328550077, 
    -0.0667077160381502, -0.061151816169073, -0.0671673034211302, 
    -0.0565196314929004, -0.0569432736392221, -0.0639802538659186, 
    -0.0534085430938004, -0.0757985427307345, -0.0765328328672695, 
    -0.0564445399386124, -0.0773733531836972, -0.082083198361873, 
    -0.0675438483015832, -0.0798565924306343, -0.0807907010749912, 
    -0.0582227543354656, -0.0636918735316794, -0.0673562507905183, 
    -0.0781566855387734, -0.0556295835668354, -0.0558665836243221, 
    -0.0679470193455929, -0.0594975578043188, -0.0810249324146069, 
    -0.0770531660870897, -0.0649681335351945, -0.0596545374858792, 
    -0.0591345362240956, -0.0687555812426294, -0.0643685446216289, 
    -0.070782637565622, -0.0565546811484216, -0.0735253059252217, 
    -0.0767489310504617, -0.0498132544159463, -0.0743612259674311, 
    -0.0575931389209323, -0.0774162218090608, -0.0652654740711797, 
    -0.0715653717927342, -0.061884080772679, -0.0692307265132273, 
    -0.0622679491079999, -0.0652871828653556, -0.0613312181488554, 
    -0.0762646933213711, -0.0546172350003526, -0.0841953265760475, 
    -0.0750131557770546, -0.0545426604537669, -0.0741249083982499, 
    -0.0693988271285106, -0.0699238200609928, -0.0674135489499574, 
    -0.0544336650718617, -0.0510983968213094, -0.0630355771719223, 
    -0.0446349484148405, -0.0555293849126754, -0.0692494888069502, 
    -0.0415638745525639, -0.0703043510953014, -0.069678469785424, 
    -0.0666806769376864, -0.0396828952747856, -0.0685585426618151, 
    -0.0557429369741498, -0.0635635792445756, -0.0689886563888525, 
    -0.0612315013292841, -0.0732709897030274, -0.0596529396408317, 
    -0.068697447772416, -0.071890594379073, -0.056751688684146, 
    -0.0492708287536378, -0.0708882896991272, -0.0675426326181086, 
    -0.07254978091688, -0.0482072180015034, -0.0503607542556342, 
    -0.0666130952380953, -0.0461992713379216, -0.0574274922061139, 
    -0.0778521244912071, -0.085113829243959, -0.0341578582496378, 
    -0.0871898314945512, -0.0471067897525277, -0.0604608592608691, 
    -0.0699716794862853, -0.0785850776447221, -0.1012757932164, 
    -0.0603669862687946, -0.0573629161638012, -0.0594612391924547, 
    -0.0436965913163984, -0.0778940470100512, -0.0731645984297047, 
    -0.0722026907685197, -0.0703064225302872, -0.0636694987270969, 
    -0.0810654086584339, -0.0610086076184705, -0.0617970197062219, 
    -0.0528252459317143, -0.0755416862853083, -0.0420575494233548, 
    -0.0616124778985061, -0.0588320306480226, -0.0682986682643991, 
    -0.0767619084526321, -0.072068107318888, -0.0687530063418881, 
    -0.0702032030206041, -0.0588336039565358, -0.0613376587760678, 
    -0.0569765548712809, -0.0671086184997598, -0.0680395668747291, 
    -0.0656479634993407, -0.0653248718389886, -0.0800934043660051, 
